1,9.0
2,22.0
3,31.0
4,12.0
5,37.0
6,14.0
7,25.0
8,14.0
9,10.0
10,43.0
11,36.0
12,12.0
13,21.0
14,18.0
15,10.0
16,14.0
17,13.0
18,32.0
19,21.0
20,14.0
21,13.0
22,16.0
23,25.0
24,10.0
25,28.0
26,66.0
27,24.0
28,34.0
29,13.0
30,14.0
31,20.0
32,14.0
33,17.0
34,32.0
35,19.0
36,16.0
37,24.0
38,37.0
39,36.0
40,18.0
41,36.0
42,25.0
43,12.0
44,15.0
45,27.0
46,35.0
47,11.0
48,11.0
49,17.0
50,35.0
51,16.0
52,37.0
53,71.0
54,26.0
55,29.0
56,22.0
57,27.0
58,14.0
59,13.0
60,19.0
61,19.0
62,45.0
63,38.0
64,14.0
65,31.0
66,41.0
67,19.0
68,16.0
69,23.0
70,23.0
71,30.0
72,16.0
73,13.0
74,19.0
75,21.0
76,25.0
77,11.0
78,29.0
79,27.0
80,11.0
81,27.0
82,36.0
83,19.0
84,24.0
85,32.0
86,39.0
87,10.0
88,19.0
89,62.0
90,11.0
91,27.0
92,26.0
93,23.0
94,72.0
95,58.0
96,31.0
97,14.0
98,72.0
99,23.0
100,38.0
101,37.0
102,14.0
103,39.0
104,39.0
105,32.0
106,11.0
107,38.0
108,22.0
109,13.0
110,14.0
111,47.0
112,16.0
113,32.0
114,16.0
115,82.0
116,14.0
117,18.0
118,50.0
119,18.0
120,30.0
121,30.0
122,21.0
123,52.0
124,15.0
125,75.0
126,26.0
127,11.0
128,21.0
129,11.0
130,13.0
131,28.0
132,27.0
133,31.0
134,54.0
135,9.0
136,10.0
137,9.0
138,18.0
139,14.0
140,20.0
141,34.0
142,19.0
143,23.0
144,16.0
145,22.0
146,45.0
147,14.0
148,14.0
149,27.0
150,83.0
151,26.0
152,43.0
153,14.0
154,33.0
155,34.0
156,12.0
157,15.0
158,13.0
159,44.0
160,70.0
161,36.0
162,26.0
163,14.0
164,20.0
165,68.0
166,17.0
167,78.0
168,28.0
169,40.0
170,18.0
171,59.0
172,28.0
173,21.0
174,41.0
175,38.0
176,46.0
177,127.0
178,33.0
179,66.0
180,15.0
181,34.0
182,11.0
183,15.0
184,40.0
185,20.0
186,60.0
187,55.0
188,47.0
189,40.0
190,43.0
191,16.0
192,24.0
193,14.0
194,15.0
195,58.0
196,15.0
197,32.0
198,15.0
199,20.0
200,15.0
201,13.0
202,11.0
203,26.0
204,17.0
205,24.0
206,14.0
207,14.0
208,18.0
209,16.0
210,65.0
211,17.0
212,17.0
213,23.0
214,28.0
215,30.0
216,35.0
217,15.0
218,29.0
219,60.0
220,18.0
221,14.0
222,15.0
223,25.0
224,58.0
225,55.0
226,16.0
227,21.0
228,34.0
229,81.0
230,58.0
231,20.0
232,32.0
233,27.0
234,41.0
235,21.0
236,35.0
237,23.0
238,48.0
239,45.0
240,25.0
241,104.0
242,14.0
243,14.0
244,16.0
245,35.0
246,40.0
247,28.0
248,18.0
249,27.0
250,33.0
251,21.0
252,102.0
253,12.0
254,35.0
255,16.0
256,97.0
257,42.0
258,47.0
259,53.0
260,47.0
261,50.0
262,12.0
263,42.0
264,61.0
265,38.0
266,15.0
267,30.0
268,73.0
269,56.0
270,21.0
271,25.0
272,18.0
273,111.0
274,106.0
275,13.0
276,37.0
277,13.0
278,15.0
279,55.0
280,22.0
281,63.0
282,43.0
283,28.0
284,73.0
285,40.0
286,18.0
287,57.0
288,17.0
289,36.0
290,20.0
291,76.0
292,56.0
293,20.0
294,30.0
295,50.0
296,30.0
297,32.0
298,38.0
299,36.0
300,11.0
301,27.0
302,37.0
303,26.0
304,11.0
305,19.0
306,26.0
307,33.0
308,40.0
309,18.0
310,90.0
311,15.0
312,44.0
313,20.0
314,26.0
315,41.0
316,140.0
317,51.0
318,46.0
319,103.0
320,40.0
321,40.0
322,76.0
323,61.0
324,18.0
325,39.0
326,36.0
327,69.0
328,34.0
329,63.0
330,56.0
331,102.0
332,25.0
333,50.0
334,14.0
335,88.0
336,25.0
337,55.0
338,43.0
339,83.0
340,47.0
341,16.0
342,49.0
343,86.0
344,43.0
345,48.0
346,70.0
347,26.0
348,32.0
349,33.0
350,109.0
351,27.0
352,37.0
353,10.0
354,80.0
355,49.0
356,16.0
357,74.0
358,99.0
359,99.0
360,14.0
361,126.0
362,30.0
363,26.0
364,177.0
365,47.0
366,25.0
367,67.0
368,59.0
369,120.0
370,84.0
371,98.0
372,17.0
373,75.0
374,46.0
375,34.0
376,18.0
377,27.0
378,55.0
379,54.0
380,47.0
381,61.0
382,17.0
383,96.0
384,72.0
385,51.0
386,14.0
387,20.0
388,95.0
389,29.0
390,22.0
391,82.0
392,85.0
393,30.0
394,99.0
395,20.0
396,17.0
397,60.0
398,19.0
399,14.0
400,25.0
401,20.0
402,25.0
403,47.0
404,113.0
405,19.0
406,124.0
407,99.0
408,28.0
409,52.0
410,68.0
411,33.0
412,121.0
413,36.0
414,60.0
415,119.0
416,138.0
417,12.0
418,15.0
419,28.0
420,17.0
421,79.0
422,20.0
423,24.0
424,17.0
425,27.0
426,14.0
427,16.0
428,57.0
429,80.0
430,25.0
431,110.0
432,39.0
433,57.0
434,14.0
435,17.0
436,14.0
437,17.0
438,17.0
439,32.0
440,24.0
441,19.0
442,16.0
443,12.0
444,130.0
445,13.0
446,78.0
447,13.0
448,13.0
449,11.0
450,66.0
451,12.0
452,11.0
453,33.0
454,21.0
455,12.0
456,27.0
457,104.0
458,94.0
459,138.0
460,25.0
461,11.0
462,10.0
463,92.0
464,103.0
465,33.0
466,127.0
467,27.0
468,182.0
469,22.0
470,101.0
471,27.0
472,118.0
473,13.0
474,99.0
475,12.0
476,45.0
477,58.0
478,14.0
479,15.0
480,15.0
481,17.0
482,261.0
483,120.0
484,13.0
485,107.0
486,16.0
487,15.0
488,66.0
489,21.0
490,132.0
491,94.0
492,51.0
493,20.0
494,81.0
495,25.0
496,14.0
497,63.0
498,44.0
499,13.0
500,103.0
501,16.0
502,16.0
503,27.0
504,19.0
505,305.0
506,122.0
507,13.0
508,23.0
509,38.0
510,15.0
511,114.0
512,14.0
513,17.0
514,22.0
515,18.0
516,13.0
517,12.0
518,56.0
519,21.0
520,14.0
521,41.0
522,18.0
523,19.0
524,18.0
525,18.0
526,21.0
527,21.0
528,14.0
529,249.0
530,36.0
531,153.0
532,276.0
533,48.0
534,60.0
535,24.0
536,60.0
537,73.0
538,14.0
539,261.0
540,51.0
541,25.0
542,99.0
543,117.0
544,21.0
545,95.0
546,40.0
547,150.0
548,27.0
549,41.0
550,28.0
551,297.0
552,94.0
553,36.0
554,50.0
555,139.0
556,26.0
557,161.0
558,101.0
559,72.0
560,64.0
561,278.0
562,77.0
563,294.0
564,164.0
565,88.0
566,31.0
567,135.0
568,242.0
569,12.0
570,26.0
571,92.0
572,32.0
573,59.0
574,118.0
575,25.0
576,105.0
577,18.0
578,13.0
579,157.0
580,22.0
581,16.0
582,15.0
583,14.0
584,13.0
585,122.0
586,11.0
587,14.0
588,12.0
589,11.0
590,23.0
591,158.0
592,17.0
593,104.0
594,10.0
595,79.0
596,295.0
597,19.0
598,289.0
599,31.0
600,172.0
601,142.0
602,19.0
603,67.0
604,312.0
605,303.0
606,214.0
607,62.0
608,547.0
609,122.0
610,262.0
611,21.0
612,301.0
613,65.0
614,63.0
615,159.0
616,23.0
617,136.0
618,145.0
619,16.0
620,320.0
621,323.0
622,133.0
623,156.0
624,94.0
625,151.0
626,13.0
627,324.0
628,128.0
629,12.0
630,23.0
631,13.0
632,57.0
633,10.0
634,32.0
635,16.0
636,150.0
637,129.0
638,14.0
639,154.0
640,28.0
641,94.0
642,108.0
643,94.0
644,20.0
645,29.0
646,14.0
647,13.0
648,780.0
649,508.0
650,10.0
651,18.0
652,22.0
653,298.0
654,127.0
655,332.0
656,84.0
657,8.0
658,12.0
659,118.0
660,16.0
661,69.0
662,15.0
663,44.0
664,29.0
665,20.0
666,28.0
667,13.0
668,19.0
669,24.0
670,54.0
671,21.0
672,16.0
673,128.0
674,132.0
675,88.0
676,121.0
677,17.0
678,13.0
679,110.0
680,116.0
681,390.0
682,32.0
683,92.0
684,186.0
685,185.0
686,325.0
687,22.0
688,2031.0
689,24.0
690,69.0
691,169.0
692,50.0
693,9.0
694,385.0
695,12.0
696,702.0
697,315.0
698,37.0
699,29.0
700,73.0
701,250.0
702,309.0
703,55.0
704,15.0
705,17.0
706,783.0
707,10.0
708,124.0
709,113.0
710,13.0
711,445.0
712,107.0
713,75.0
714,13.0
715,54.0
716,577.0
717,147.0
718,219.0
719,58.0
720,16.0
721,246.0
722,42.0
723,308.0
724,10.0
725,55.0
726,13.0
727,13.0
728,305.0
729,15.0
730,13.0
731,269.0
732,1961.0
733,186.0
734,384.0
735,13.0
736,19.0
737,136.0
738,35.0
739,24.0
740,84.0
741,16.0
742,5361.0
743,13.0
744,148.0
745,305.0
746,1245.0
747,20.0
748,22.0
749,1174.0
750,804.0
751,114.0
752,75.0
753,562.0
754,312.0
755,328.0
756,823.0
757,75.0
758,20.0
759,37.0
760,983.0
761,4034.0
762,521.0
763,286.0
764,17.0
765,83.0
766,25.0
767,77.0
768,235.0
769,50.0
770,38.0
771,65.0
772,37.0
773,27.0
774,413.0
775,415.0
776,26.0
777,116.0
778,146.0
779,31.0
780,19.0
781,130.0
782,18.0
783,314.0
784,229.0
785,12.0
786,306.0
787,15.0
788,225.0
789,18.0
790,129.0
791,39.0
792,37.0
793,37.0
794,97.0
795,97.0
796,108.0
797,34.0
798,46.0
799,15.0
800,95.0
801,111.0
802,31.0
803,134.0
804,84.0
805,81.0
806,149.0
807,68.0
808,64.0
809,38.0
810,90.0
811,18.0
812,79.0
813,159.0
814,75.0
815,5335.0
816,227.0
817,596.0
818,54.0
819,40.0
820,788.0
821,1799.0
822,591.0
823,5482.0
824,26.0
825,15.0
826,39.0
827,2679.0
828,3437.0
829,2659.0
830,64.0
831,1187.0
832,60.0
833,61.0
834,338.0
835,73.0
836,231.0
837,36.0
838,268.0
839,164.0
840,145.0
841,543.0
842,212.0
843,130.0
844,410.0
845,30.0
846,256.0
847,48.0
848,877.0
849,231.0
850,304.0
851,124.0
852,160.0
853,518.0
854,644.0
855,180.0
856,260.0
857,28.0
858,103.0
859,84.0
860,18.0
861,631.0
862,1402.0
863,128.0
864,82.0
865,13.0
866,25.0
867,11.0
868,125.0
869,90.0
870,19.0
871,225.0
872,58.0
873,235.0
874,16.0
875,357.0
876,852.0
877,480.0
878,83.0
879,238.0
880,208.0
881,133.0
882,155.0
883,49.0
884,15.0
885,269.0
886,15.0
887,13.0
888,169.0
889,413.0
890,215.0
891,12.0
892,72.0
893,20.0
894,13.0
895,78.0
896,383.0
897,91.0
898,40.0
899,236.0
900,192.0
901,25.0
902,33.0
903,12.0
904,2776.0
905,777.0
906,125.0
907,108.0
908,294.0
909,145.0
910,575.0
911,214.0
912,10.0
913,120.0
914,68.0
915,145.0
916,330.0
917,61.0
918,79.0
919,57.0
920,25.0
921,63.0
922,599.0
923,22.0
924,1157.0
925,91.0
926,158.0
927,1240.0
928,331.0
929,13.0
930,191.0
931,517.0
932,749.0
933,13.0
934,21.0
935,20.0
936,388.0
937,11.0
938,17.0
939,403.0
940,1493.0
941,278.0
942,1302.0
943,2908.0
944,256.0
945,67.0
946,91.0
947,111.0
948,190.0
949,228.0
950,197.0
951,199.0
952,112.0
953,93.0
954,263.0
955,289.0
956,826.0
957,5038.0
958,37.0
959,69.0
960,618.0
961,642.0
962,1627.0
963,25.0
964,1904.0
965,558.0
966,191.0
967,114.0
968,111.0
969,114.0
970,516.0
971,152.0
972,1805.0
973,146.0
974,141.0
975,211.0
976,14.0
977,126.0
978,134.0
979,158.0
980,16.0
981,464.0
982,182.0
983,181.0
984,322.0
985,206.0
986,257.0
987,239.0
988,150.0
989,274.0
990,194.0
991,1147.0
992,3320.0
993,2360.0
994,1400.0
995,1233.0
996,531.0
997,180.0
998,128.0
999,219.0
1000,122.0
