1,29
2,11
3,25
4,42
5,29
6,24
7,15
8,15
9,17
10,32
11,66
12,13
13,39
14,21
15,52
16,15
17,38
18,30
19,31
20,59
21,13
22,13
23,27
24,30
25,20
26,11
27,105
28,11
29,90
30,43
31,65
32,48
33,55
34,90
35,81
36,72
37,33
38,57
39,44
40,46
41,93
42,121
43,87
44,51
45,89
46,93
47,92
48,116
49,87
50,122
51,110
52,72
53,86
54,103
55,94
56,114
57,85
58,111
59,101
60,108
61,82
62,100
63,95
64,82
65,119
66,142
67,127
68,124
69,125
70,138
71,107
72,124
73,129
74,84
75,114
76,70
77,131
78,95
79,113
80,115
81,131
82,122
83,126
84,103
85,131
86,78
87,127
88,136
89,127
90,125
91,101
92,83
93,115
94,82
95,112
96,116
97,110
98,122
99,134
100,124
101,119
102,131
103,123
104,121
105,119
106,148
107,139
108,122
109,113
110,128
111,119
112,132
113,126
114,112
115,96
116,72
117,117
118,142
119,132
120,149
121,126
122,129
123,135
124,127
125,149
126,115
127,129
128,115
129,113
130,125
131,130
132,122
133,124
134,106
135,128
136,125
137,122
138,128
139,73
140,125
141,121
142,86
143,125
144,128
145,113
146,113
147,42
148,120
149,88
150,86
151,124
152,117
153,140
154,126
155,127
156,125
157,128
158,131
159,99
160,135
161,126
162,110
163,128
164,129
165,125
166,23
167,115
168,122
169,129
170,125
171,142
172,130
173,138
174,135
175,113
176,124
177,128
178,127
179,135
180,132
181,132
182,133
183,125
184,134
185,121
186,93
187,136
188,124
189,120
190,132
191,157
192,131
193,130
194,149
195,118
196,133
197,129
198,122
199,115
200,99
201,153
202,137
203,123
204,132
205,126
206,108
207,115
208,115
209,137
210,129
211,155
212,133
213,81
214,130
215,135
216,157
217,133
218,126
219,118
220,134
221,126
222,123
223,130
224,128
225,118
226,129
227,131
228,75
229,138
230,132
231,135
232,128
233,127
234,121
235,110
236,116
237,117
238,125
239,121
240,104
241,124
242,91
243,97
244,98
245,137
246,78
247,117
248,84
249,85
250,122
251,111
252,132
253,118
254,133
255,122
256,135
257,127
258,125
259,105
260,133
261,136
262,127
263,130
264,97
265,117
266,99
267,134
268,130
269,130
270,123
271,131
272,101
273,118
274,133
275,121
276,124
277,112
278,165
279,157
280,130
281,123
282,137
283,126
284,130
285,124
286,136
287,120
288,118
289,122
290,118
291,138
292,133
293,138
294,134
295,131
296,121
297,125
298,111
299,121
300,129
301,128
302,136
303,128
304,128
305,135
306,102
307,151
308,150
309,127
310,126
311,126
312,122
313,126
314,145
315,140
316,150
317,126
318,105
319,113
320,116
321,119
322,125
323,128
324,131
325,136
326,140
327,153
328,138
329,129
330,131
331,120
332,135
333,104
334,58
335,80
336,84
337,119
338,146
339,88
340,120
341,127
342,134
343,138
344,135
345,116
346,121
347,124
348,119
349,132
350,91
351,144
352,138
353,120
354,131
355,101
356,120
357,119
358,85
359,100
360,171
361,149
362,166
363,117
364,121
365,131
366,120
367,124
368,128
369,117
370,113
371,144
372,131
373,124
374,128
375,122
376,128
377,120
378,135
379,130
380,94
381,144
382,132
383,122
384,133
385,132
386,141
387,140
388,155
389,121
390,200
391,122
392,130
393,121
394,125
395,134
396,137
397,125
398,80
399,138
400,111
401,130
402,124
403,142
404,127
405,130
406,71
407,135
408,133
409,140
410,125
411,121
412,116
413,126
414,179
415,106
416,134
417,86
418,112
419,137
420,133
421,112
422,127
423,177
424,87
425,87
426,117
427,131
428,124
429,120
430,114
431,105
432,108
433,131
434,141
435,123
436,80
437,78
438,121
439,142
440,121
441,131
442,143
443,141
444,119
445,132
446,151
447,110
448,151
449,120
450,127
451,119
452,107
453,116
454,60
455,129
456,116
457,100
458,120
459,122
460,127
461,74
462,100
463,125
464,75
465,131
466,145
467,80
468,111
469,171
470,141
471,130
472,123
473,133
474,156
475,83
476,117
477,119
478,115
479,161
480,131
481,167
482,137
483,96
484,128
485,150
486,137
487,136
488,144
489,131
490,129
491,129
492,122
493,120
494,124
495,145
496,129
497,130
498,139
499,124
500,83
501,110
502,121
503,155
504,198
505,123
506,176
507,138
508,118
509,193
510,139
511,118
512,141
513,127
514,115
515,75
516,114
517,136
518,131
519,167
520,139
521,120
522,131
523,146
524,133
525,125
526,121
527,125
528,135
529,147
530,166
531,92
532,144
533,136
534,160
535,104
536,126
537,127
538,130
539,131
540,124
541,104
542,148
543,138
544,129
545,136
546,119
547,133
548,156
549,128
550,144
551,147
552,132
553,133
554,125
555,136
556,124
557,114
558,125
559,88
560,112
561,130
562,121
563,129
564,225
565,108
566,70
567,133
568,117
569,113
570,127
571,139
572,196
573,124
574,121
575,147
576,133
577,153
578,236
579,121
580,121
581,156
582,148
583,160
584,128
585,142
586,135
587,136
588,80
589,228
590,163
591,289
592,128
593,137
594,196
595,287
596,133
597,149
598,154
599,130
600,239
601,138
602,127
603,145
604,235
605,126
606,12
607,168
608,121
609,121
610,159
611,117
612,111
613,13
614,133
615,81
616,121
617,141
618,230
619,134
620,127
621,153
622,101
623,138
624,126
625,120
626,118
627,121
628,97
629,120
630,120
631,120
632,100
633,114
634,205
635,129
636,113
637,82
638,80
639,135
640,98
641,115
642,130
643,129
644,124
645,94
646,115
647,123
648,137
649,101
650,126
651,83
652,85
653,113
654,152
655,134
656,148
657,141
658,141
659,131
660,139
661,125
662,149
663,131
664,136
665,144
666,118
667,134
668,114
669,137
670,237
671,120
672,244
673,149
674,123
675,109
676,135
677,159
678,134
679,112
680,81
681,128
682,85
683,132
684,147
685,121
686,140
687,137
688,126
689,119
690,127
691,137
692,117
693,135
694,141
695,142
696,142
697,279
698,169
699,144
700,124
701,143
702,121
703,138
704,129
705,124
706,153
707,125
708,123
709,155
710,124
711,121
712,98
713,128
714,151
715,82
716,136
717,115
718,151
719,130
720,123
721,110
722,117
723,127
724,125
725,130
726,128
727,130
728,138
729,111
730,94
731,137
732,120
733,113
734,134
735,119
736,210
737,101
738,133
739,127
740,187
741,118
742,120
743,138
744,140
745,114
746,112
747,120
748,104
749,119
750,143
751,123
752,124
753,118
754,127
755,131
756,131
757,167
758,122
759,122
760,133
761,124
762,193
763,154
764,188
765,144
766,115
767,164
768,132
769,87
770,123
771,132
772,177
773,145
774,135
775,120
776,107
777,98
778,142
779,112
780,211
781,191
782,162
783,412
784,135
785,157
786,89
787,91
788,122
789,145
790,132
791,157
792,150
793,146
794,126
795,124
796,125
797,145
798,162
799,143
800,145
801,143
802,142
803,160
804,164
805,209
806,257
807,137
808,137
809,143
810,131
811,154
812,129
813,132
814,146
815,137
816,129
817,159
818,160
819,221
820,128
821,234
822,134
823,348
824,125
825,139
826,333
827,296
828,169
829,152
830,125
831,132
832,139
833,138
834,175
835,136
836,132
837,135
838,173
839,116
840,136
841,88
842,138
843,119
844,121
845,126
846,79
847,117
848,117
849,119
850,118
851,143
852,133
853,115
854,175
855,132
856,177
857,416
858,156
859,190
860,112
861,112
862,157
863,124
864,155
865,123
866,144
867,134
868,150
869,80
870,78
871,136
872,109
873,126
874,109
875,119
876,46
877,116
878,103
879,135
880,120
881,130
882,134
883,91
884,146
885,81
886,166
887,81
888,133
889,134
890,115
891,128
892,120
893,115
894,124
895,126
896,125
897,138
898,112
899,142
900,85
901,73
902,112
903,107
904,137
905,128
906,129
907,131
908,115
909,159
910,109
911,138
912,98
913,103
914,131
915,138
916,95
917,144
918,80
919,132
920,129
921,154
922,140
923,119
924,131
925,123
926,111
927,141
928,207
929,134
930,125
931,124
932,137
933,237
934,143
935,133
936,139
937,125
938,113
939,135
940,138
941,135
942,130
943,120
944,65
945,123
946,122
947,123
948,141
949,122
950,145
951,126
952,134
953,118
954,147
955,165
956,119
957,122
958,134
959,117
960,103
961,108
962,124
963,132
964,132
965,121
966,134
967,122
968,77
969,134
970,99
971,104
972,120
973,89
974,89
975,147
976,136
977,91
978,129
979,178
980,154
981,123
982,131
983,86
984,137
985,123
986,126
987,171
988,130
989,159
990,133
991,128
992,121
993,132
994,131
995,115
996,115
997,126
998,173
999,144
1000,122
