1,35
2,12
3,21
4,15
5,20
6,51
7,58
8,16
9,37
10,68
11,25
12,34
13,51
14,57
15,88
16,35
17,135
18,49
19,55
20,106
21,42
22,98
23,100
24,55
25,48
26,99
27,25
28,150
29,202
30,108
31,179
32,157
33,138
34,135
35,183
36,137
37,160
38,135
39,147
40,44
41,106
42,187
43,92
44,43
45,147
46,141
47,202
48,143
49,137
50,127
51,116
52,145
53,221
54,183
55,136
56,144
57,159
58,108
59,137
60,182
61,151
62,138
63,162
64,159
65,176
66,191
67,130
68,160
69,166
70,151
71,147
72,255
73,189
74,304
75,152
76,166
77,125
78,155
79,147
80,163
81,177
82,125
83,112
84,129
85,211
86,214
87,172
88,157
89,141
90,149
91,164
92,203
93,134
94,176
95,174
96,123
97,178
98,151
99,198
100,196
101,204
102,178
103,164
104,163
105,182
106,279
107,201
108,188
109,168
110,161
111,191
112,173
113,158
114,151
115,204
116,198
117,201
118,186
119,235
120,170
121,159
122,206
123,160
124,176
125,271
126,222
127,198
128,192
129,225
130,205
131,233
132,184
133,153
134,131
135,193
136,127
137,166
138,222
139,186
140,127
141,203
142,165
143,235
144,187
145,107
146,165
147,169
148,229
149,172
150,158
151,174
152,202
153,203
154,213
155,232
156,210
157,222
158,194
159,215
160,207
161,154
162,184
163,186
164,237
165,165
166,218
167,161
168,192
169,184
170,195
171,177
172,106
173,182
174,236
175,203
176,166
177,173
178,212
179,239
180,227
181,201
182,179
183,160
184,192
185,185
186,176
187,159
188,159
189,172
190,219
191,167
192,181
193,64
194,206
195,155
196,169
197,186
198,191
199,196
200,188
201,189
202,196
203,137
204,150
205,172
206,231
207,171
208,255
209,183
210,171
211,241
212,164
213,215
214,234
215,151
216,257
217,154
218,290
219,170
220,190
221,196
222,101
223,159
224,191
225,179
226,98
227,251
228,270
229,225
230,263
231,168
232,218
233,192
234,151
235,191
236,173
237,173
238,137
239,239
240,207
241,186
242,189
243,218
244,181
245,171
246,150
247,164
248,184
249,201
250,178
251,246
252,256
253,230
254,233
255,204
256,186
257,203
258,165
259,191
260,206
261,172
262,171
263,236
264,217
265,172
266,170
267,218
268,143
269,206
270,195
271,207
272,156
273,189
274,193
275,174
276,159
277,186
278,123
279,176
280,204
281,319
282,162
283,173
284,146
285,199
286,175
287,121
288,158
289,168
290,147
291,240
292,173
293,218
294,208
295,152
296,172
297,187
298,243
299,215
300,174
301,221
302,225
303,222
304,189
305,285
306,254
307,168
308,154
309,266
310,134
311,236
312,172
313,176
314,198
315,171
316,236
317,178
318,179
319,166
320,199
321,120
322,163
323,171
324,203
325,190
326,147
327,140
328,312
329,220
330,222
331,202
332,178
333,102
334,173
335,220
336,169
337,352
338,156
339,261
340,148
341,196
342,177
343,158
344,193
345,186
346,186
347,170
348,200
349,181
350,174
351,171
352,210
353,116
354,224
355,213
356,174
357,200
358,182
359,213
360,181
361,166
362,172
363,132
364,160
365,156
366,186
367,163
368,145
369,236
370,173
371,261
372,200
373,146
374,168
375,176
376,221
377,162
378,211
379,234
380,222
381,166
382,222
383,172
384,279
385,178
386,163
387,155
388,168
389,147
390,180
391,169
392,188
393,179
394,137
395,178
396,175
397,188
398,217
399,193
400,166
401,155
402,238
403,144
404,173
405,258
406,189
407,215
408,211
409,198
410,142
411,188
412,194
413,239
414,206
415,226
416,153
417,210
418,187
419,170
420,195
421,217
422,224
423,190
424,136
425,294
426,126
427,138
428,164
429,146
430,329
431,160
432,209
433,193
434,249
435,146
436,155
437,168
438,147
439,195
440,176
441,181
442,193
443,179
444,168
445,186
446,140
447,193
448,152
449,146
450,248
451,184
452,141
453,216
454,163
455,151
456,236
457,176
458,242
459,171
460,167
461,212
462,246
463,175
464,161
465,187
466,168
467,237
468,193
469,206
470,184
471,198
472,173
473,207
474,237
475,165
476,183
477,188
478,168
479,167
480,222
481,302
482,180
483,216
484,203
485,194
486,208
487,161
488,284
489,229
490,162
491,287
492,187
493,126
494,174
495,182
496,228
497,173
498,173
499,148
500,247
501,171
502,253
503,170
504,251
505,149
506,270
507,157
508,183
509,239
510,183
511,211
512,178
513,149
514,208
515,160
516,302
517,186
518,211
519,200
520,154
521,184
522,259
523,172
524,210
525,170
526,214
527,154
528,245
529,176
530,148
531,236
532,157
533,129
534,194
535,134
536,214
537,178
538,160
539,218
540,181
541,258
542,221
543,201
544,249
545,177
546,143
547,162
548,166
549,164
550,169
551,215
552,293
553,214
554,176
555,234
556,183
557,193
558,203
559,264
560,134
561,251
562,208
563,193
564,205
565,177
566,165
567,163
568,141
569,133
570,157
571,162
572,169
573,195
574,163
575,214
576,231
577,192
578,205
579,218
580,315
581,200
582,251
583,157
584,204
585,178
586,231
587,192
588,179
589,196
590,159
591,208
592,168
593,223
594,177
595,211
596,239
597,173
598,178
599,146
600,174
601,160
602,187
603,175
604,198
605,145
606,176
607,191
608,150
609,141
610,225
611,194
612,228
613,133
614,133
615,196
616,190
617,180
618,165
619,169
620,247
621,174
622,260
623,199
624,176
625,152
626,175
627,166
628,203
629,199
630,282
631,210
632,235
633,183
634,186
635,202
636,161
637,236
638,164
639,211
640,156
641,163
642,198
643,214
644,203
645,186
646,142
647,152
648,163
649,173
650,159
651,211
652,185
653,243
654,156
655,328
656,173
657,183
658,172
659,176
660,91
661,134
662,173
663,244
664,200
665,187
666,190
667,233
668,142
669,183
670,307
671,189
672,236
673,175
674,150
675,166
676,139
677,269
678,213
679,216
680,172
681,201
682,239
683,188
684,212
685,182
686,208
687,162
688,198
689,173
690,204
691,320
692,228
693,236
694,313
695,218
696,166
697,251
698,200
699,182
700,205
701,194
702,203
703,160
704,196
705,225
706,245
707,267
708,180
709,124
710,243
711,194
712,168
713,220
714,156
715,257
716,274
717,183
718,191
719,265
720,263
721,218
722,173
723,182
724,123
725,170
726,175
727,163
728,223
729,176
730,175
731,226
732,192
733,179
734,183
735,165
736,169
737,301
738,165
739,294
740,159
741,191
742,184
743,197
744,244
745,226
746,178
747,279
748,206
749,160
750,196
751,117
752,190
753,218
754,118
755,163
756,149
757,214
758,254
759,171
760,208
761,193
762,235
763,163
764,152
765,164
766,199
767,152
768,162
769,145
770,154
771,161
772,141
773,183
774,193
775,198
776,169
777,220
778,180
779,284
780,178
781,203
782,175
783,180
784,196
785,158
786,177
787,201
788,171
789,212
790,232
791,145
792,223
793,153
794,129
795,177
796,221
797,177
798,202
799,214
800,215
801,189
802,224
803,135
804,193
805,202
806,188
807,173
808,198
809,202
810,228
811,264
812,166
813,160
814,216
815,188
816,168
817,301
818,176
819,186
820,212
821,225
822,268
823,169
824,216
825,215
826,173
827,252
828,212
829,182
830,269
831,245
832,222
833,264
834,196
835,167
836,165
837,164
838,218
839,182
840,162
841,329
842,253
843,254
844,160
845,190
846,243
847,193
848,255
849,199
850,236
851,216
852,268
853,187
854,228
855,200
856,208
857,192
858,151
859,266
860,142
861,110
862,207
863,208
864,129
865,196
866,134
867,158
868,164
869,268
870,211
871,255
872,236
873,220
874,208
875,170
876,166
877,165
878,203
879,293
880,163
881,170
882,139
883,190
884,203
885,195
886,264
887,178
888,351
889,197
890,237
891,153
892,190
893,296
894,200
895,196
896,224
897,248
898,190
899,199
900,210
901,160
902,221
903,183
904,220
905,226
906,240
907,192
908,160
909,196
910,224
911,182
912,200
913,282
914,277
915,157
916,191
917,196
918,281
919,220
920,113
921,236
922,200
923,167
924,173
925,149
926,115
927,162
928,231
929,226
930,123
931,134
932,197
933,235
934,245
935,188
936,224
937,227
938,176
939,244
940,178
941,263
942,165
943,198
944,224
945,109
946,202
947,183
948,187
949,201
950,175
951,218
952,218
953,139
954,159
955,161
956,174
957,180
958,187
959,179
960,188
961,183
962,168
963,151
964,187
965,198
966,195
967,146
968,123
969,228
970,274
971,276
972,176
973,192
974,180
975,141
976,227
977,221
978,199
979,235
980,221
981,197
982,195
983,207
984,188
985,166
986,237
987,169
988,206
989,189
990,210
991,191
992,218
993,369
994,218
995,170
996,191
997,183
998,177
999,215
1000,160
