1,17
2,26
3,11
4,16
5,10
6,17
7,9
8,10
9,22
10,11
11,28
12,31
13,16
14,12
15,16
16,19
17,26
18,49
19,15
20,16
21,13
22,22
23,25
24,90
25,9
26,17
27,31
28,16
29,28
30,11
31,102
32,43
33,10
34,45
35,28
36,138
37,48
38,12
39,23
40,70
41,53
42,73
43,13
44,67
45,36
46,32
47,24
48,17
49,16
50,88
51,197
52,233
53,166
54,82
55,42
56,17
57,35
58,220
59,29
60,98
61,153
62,127
63,30
64,17
65,60
66,161
67,175
68,170
69,152
70,140
71,167
72,136
73,174
74,159
75,116
76,121
77,178
78,120
79,202
80,174
81,172
82,158
83,164
84,187
85,181
86,130
87,152
88,230
89,133
90,164
91,158
92,232
93,192
94,166
95,104
96,163
97,221
98,177
99,196
100,181
101,160
102,232
103,171
104,174
105,219
106,197
107,44
108,161
109,139
110,209
111,163
112,95
113,235
114,144
115,117
116,95
117,197
118,200
119,159
120,157
121,206
122,231
123,57
124,225
125,173
126,97
127,224
128,280
129,162
130,208
131,244
132,292
133,126
134,254
135,273
136,219
137,202
138,179
139,252
140,258
141,173
142,142
143,259
144,236
145,329
146,262
147,149
148,91
149,281
150,208
151,188
152,268
153,334
154,163
155,171
156,99
157,285
158,213
159,217
160,229
161,223
162,283
163,254
164,151
165,176
166,241
167,237
168,115
169,255
170,243
171,258
172,242
173,230
174,284
175,225
176,286
177,245
178,145
179,209
180,230
181,289
182,305
183,279
184,200
185,267
186,269
187,246
188,159
189,278
190,269
191,207
192,239
193,252
194,290
195,269
196,232
197,100
198,349
199,247
200,235
201,269
202,253
203,269
204,229
205,230
206,214
207,255
208,234
209,313
210,224
211,230
212,230
213,233
214,280
215,268
216,68
217,283
218,288
219,108
220,216
221,96
222,119
223,236
224,263
225,142
226,228
227,241
228,240
229,230
230,215
231,92
232,123
233,277
234,222
235,317
236,265
237,277
238,399
239,242
240,233
241,241
242,349
243,219
244,239
245,159
246,263
247,206
248,263
249,282
250,300
251,221
252,262
253,247
254,237
255,280
256,238
257,241
258,243
259,295
260,252
261,238
262,247
263,275
264,288
265,283
266,235
267,254
268,230
269,257
270,170
271,258
272,219
273,232
274,270
275,208
276,235
277,281
278,254
279,472
280,253
281,364
282,360
283,93
284,330
285,112
286,360
287,284
288,225
289,387
290,291
291,293
292,275
293,208
294,102
295,283
296,257
297,171
298,243
299,277
300,463
301,361
302,274
303,427
304,418
305,151
306,292
307,396
308,226
309,277
310,267
311,380
312,230
313,202
314,376
315,357
316,176
317,213
318,382
319,240
320,143
321,251
322,296
323,254
324,234
325,425
326,142
327,388
328,370
329,332
330,244
331,379
332,297
333,249
334,371
335,391
336,341
337,424
338,287
339,175
340,625
341,160
342,407
343,177
344,114
345,397
346,360
347,277
348,363
349,270
350,344
351,342
352,388
353,315
354,264
355,305
356,585
357,384
358,329
359,310
360,416
361,375
362,481
363,442
364,328
365,467
366,712
367,344
368,399
369,458
370,287
371,445
372,69
373,413
374,304
375,641
376,429
377,380
378,477
379,413
380,381
381,461
382,322
383,427
384,781
385,416
386,297
387,394
388,135
389,248
390,432
391,373
392,272
393,452
394,480
395,346
396,461
397,289
398,377
399,265
400,489
401,434
402,457
403,433
404,420
405,477
406,417
407,272
408,241
409,553
410,535
411,579
412,403
413,388
414,346
415,403
416,401
417,389
418,329
419,392
420,397
421,301
422,424
423,455
424,276
425,424
426,420
427,290
428,409
429,421
430,410
431,493
432,335
433,403
434,370
435,408
436,555
437,426
438,543
439,404
440,417
441,373
442,439
443,352
444,223
445,303
446,542
447,227
448,441
449,435
450,344
451,334
452,360
453,432
454,623
455,411
456,177
457,85
458,351
459,553
460,453
461,487
462,456
463,338
464,231
465,309
466,327
467,562
468,382
469,529
470,453
471,535
472,268
473,571
474,469
475,431
476,352
477,405
478,464
479,545
480,324
481,312
482,276
483,349
484,212
485,409
486,458
487,449
488,427
489,347
490,387
491,353
492,307
493,333
494,423
495,212
496,557
497,367
498,248
499,384
500,431
501,419
502,220
503,378
504,419
505,369
506,264
507,225
508,481
509,381
510,301
511,437
512,393
513,327
514,426
515,492
516,406
517,329
518,935
519,408
520,425
521,155
522,431
523,495
524,388
525,371
526,332
527,448
528,426
529,404
530,1042
531,323
532,673
533,1271
534,766
535,270
536,417
537,492
538,364
539,593
540,373
541,432
542,274
543,420
544,379
545,355
546,359
547,418
548,447
549,430
550,437
551,281
552,433
553,477
554,216
555,308
556,201
557,234
558,464
559,394
560,356
561,399
562,483
563,435
564,447
565,407
566,497
567,457
568,375
569,452
570,217
571,445
572,389
573,386
574,301
575,413
576,435
577,426
578,253
579,482
580,239
581,364
582,234
583,217
584,422
585,414
586,431
587,492
588,327
589,442
590,289
591,377
592,414
593,231
594,406
595,442
596,403
597,404
598,221
599,420
600,388
601,433
602,390
603,296
604,494
605,239
606,353
607,407
608,387
609,419
610,275
611,434
612,395
613,280
614,438
615,270
616,367
617,361
618,359
619,469
620,283
621,209
622,304
623,388
624,267
625,168
626,520
627,342
628,434
629,310
630,213
631,293
632,426
633,393
634,316
635,418
636,375
637,225
638,198
639,381
640,336
641,369
642,274
643,207
644,210
645,263
646,354
647,369
648,372
649,305
650,429
651,491
652,237
653,268
654,299
655,258
656,274
657,413
658,226
659,255
660,395
661,344
662,320
663,342
664,301
665,406
666,237
667,339
668,357
669,190
670,357
671,277
672,455
673,390
674,321
675,416
676,491
677,307
678,378
679,307
680,459
681,313
682,914
683,446
684,370
685,371
686,533
687,409
688,437
689,648
690,433
691,433
692,403
693,330
694,415
695,282
696,438
697,213
698,367
699,333
700,223
701,673
702,471
703,434
704,201
705,329
706,371
707,276
708,382
709,378
710,369
711,361
712,405
713,428
714,402
715,356
716,259
717,339
718,412
719,284
720,166
721,346
722,311
723,263
724,229
725,432
726,250
727,229
728,350
729,419
730,321
731,331
732,383
733,407
734,374
735,391
736,398
737,242
738,266
739,262
740,405
741,454
742,447
743,411
744,268
745,419
746,366
747,298
748,493
749,402
750,164
751,394
752,290
753,295
754,351
755,414
756,341
757,273
758,271
759,442
760,374
761,363
762,240
763,229
764,227
765,303
766,428
767,427
768,276
769,286
770,378
771,326
772,483
773,390
774,486
775,414
776,260
777,331
778,414
779,351
780,465
781,402
782,346
783,462
784,352
785,381
786,440
787,348
788,244
789,219
790,363
791,372
792,191
793,180
794,352
795,206
796,224
797,413
798,432
799,201
800,407
801,273
802,195
803,423
804,407
805,413
806,429
807,258
808,444
809,327
810,267
811,452
812,492
813,268
814,308
815,396
816,482
817,206
818,229
819,422
820,354
821,584
822,403
823,273
824,339
825,231
826,236
827,405
828,231
829,456
830,312
831,445
832,250
833,297
834,250
835,385
836,246
837,283
838,272
839,184
840,150
841,248
842,364
843,335
844,399
845,451
846,255
847,442
848,374
849,302
850,266
851,407
852,378
853,645
854,486
855,332
856,291
857,423
858,272
859,193
860,371
861,356
862,244
863,212
864,517
865,373
866,288
867,449
868,357
869,245
870,212
871,428
872,253
873,225
874,449
875,290
876,367
877,438
878,368
879,501
880,404
881,441
882,301
883,439
884,438
885,441
886,132
887,339
888,260
889,236
890,225
891,458
892,253
893,285
894,413
895,398
896,401
897,260
898,457
899,448
900,430
901,273
902,402
903,327
904,567
905,447
906,429
907,235
908,451
909,357
910,275
911,358
912,374
913,151
914,148
915,206
916,251
917,232
918,270
919,271
920,171
921,299
922,408
923,285
924,277
925,229
926,397
927,395
928,398
929,225
930,211
931,402
932,466
933,315
934,441
935,455
936,452
937,323
938,171
939,270
940,404
941,418
942,360
943,287
944,445
945,428
946,497
947,223
948,437
949,412
950,304
951,471
952,183
953,200
954,371
955,469
956,445
957,406
958,487
959,339
960,488
961,462
962,423
963,259
964,229
965,273
966,476
967,182
968,437
969,464
970,184
971,332
972,443
973,374
974,229
975,262
976,294
977,274
978,308
979,441
980,304
981,403
982,192
983,314
984,347
985,225
986,238
987,323
988,212
989,333
990,312
991,213
992,169
993,446
994,205
995,375
996,191
997,461
998,239
999,298
1000,340
