1,13
2,13
3,17
4,22
5,24
6,20
7,20
8,13
9,11
10,11
11,13
12,12
13,11
14,12
15,14
16,15
17,18
18,18
19,15
20,13
21,21
22,21
23,17
24,16
25,20
26,13
27,14
28,21
29,12
30,19
31,15
32,15
33,17
34,16
35,22
36,12
37,18
38,14
39,22
40,16
41,26
42,23
43,21
44,15
45,18
46,17
47,19
48,18
49,15
50,11
51,62
52,52
53,18
54,59
55,47
56,65
57,66
58,21
59,105
60,11
61,67
62,33
63,117
64,64
65,121
66,65
67,145
68,116
69,117
70,179
71,88
72,85
73,153
74,120
75,133
76,115
77,125
78,107
79,112
80,50
81,139
82,126
83,118
84,117
85,135
86,148
87,104
88,124
89,168
90,123
91,126
92,123
93,144
94,124
95,120
96,130
97,158
98,119
99,121
100,122
101,174
102,206
103,156
104,116
105,167
106,110
107,146
108,105
109,174
110,164
111,161
112,89
113,73
114,139
115,132
116,162
117,155
118,123
119,147
120,160
121,138
122,164
123,128
124,178
125,165
126,175
127,179
128,116
129,99
130,169
131,141
132,176
133,152
134,144
135,173
136,148
137,138
138,125
139,159
140,174
141,204
142,164
143,13
144,142
145,162
146,176
147,190
148,175
149,165
150,176
151,173
152,172
153,124
154,157
155,180
156,176
157,133
158,157
159,182
160,164
161,178
162,183
163,168
164,138
165,195
166,184
167,167
168,141
169,153
170,167
171,163
172,165
173,180
174,190
175,173
176,154
177,172
178,140
179,181
180,167
181,159
182,165
183,166
184,131
185,154
186,176
187,163
188,170
189,132
190,175
191,158
192,162
193,174
194,176
195,184
196,160
197,141
198,157
199,143
200,162
201,170
202,150
203,134
204,183
205,184
206,208
207,171
208,155
209,125
210,130
211,167
212,198
213,137
214,195
215,145
216,150
217,145
218,166
219,136
220,126
221,152
222,226
223,193
224,151
225,103
226,162
227,190
228,176
229,137
230,175
231,147
232,184
233,126
234,154
235,120
236,175
237,158
238,158
239,132
240,168
241,125
242,163
243,139
244,177
245,149
246,158
247,199
248,185
249,116
250,157
251,158
252,171
253,169
254,166
255,156
256,149
257,167
258,118
259,159
260,182
261,164
262,170
263,130
264,160
265,159
266,150
267,166
268,134
269,155
270,128
271,159
272,158
273,155
274,164
275,159
276,158
277,147
278,119
279,158
280,125
281,91
282,134
283,163
284,170
285,167
286,204
287,177
288,189
289,169
290,155
291,191
292,72
293,200
294,132
295,180
296,157
297,159
298,151
299,158
300,189
301,173
302,158
303,152
304,199
305,169
306,161
307,149
308,154
309,141
310,168
311,157
312,161
313,171
314,154
315,162
316,168
317,166
318,174
319,168
320,163
321,152
322,152
323,168
324,125
325,173
326,152
327,162
328,152
329,209
330,168
331,126
332,139
333,123
334,183
335,114
336,151
337,131
338,172
339,166
340,188
341,99
342,159
343,147
344,161
345,130
346,150
347,162
348,141
349,161
350,139
351,159
352,164
353,140
354,128
355,166
356,118
357,162
358,167
359,94
360,159
361,115
362,159
363,164
364,171
365,161
366,153
367,152
368,154
369,160
370,116
371,130
372,157
373,154
374,152
375,152
376,157
377,147
378,163
379,134
380,145
381,158
382,143
383,170
384,131
385,162
386,129
387,162
388,149
389,127
390,162
391,155
392,149
393,161
394,168
395,165
396,176
397,155
398,155
399,154
400,149
401,155
402,183
403,163
404,164
405,172
406,172
407,172
408,160
409,180
410,135
411,183
412,113
413,181
414,161
415,131
416,168
417,154
418,151
419,124
420,162
421,178
422,164
423,136
424,172
425,143
426,163
427,184
428,151
429,168
430,167
431,207
432,203
433,162
434,179
435,163
436,196
437,141
438,137
439,124
440,141
441,105
442,157
443,152
444,141
445,158
446,176
447,145
448,157
449,145
450,172
451,105
452,156
453,192
454,163
455,174
456,141
457,34
458,171
459,140
460,146
461,164
462,158
463,123
464,137
465,170
466,175
467,152
468,161
469,189
470,194
471,228
472,150
473,172
474,154
475,166
476,178
477,107
478,120
479,150
480,127
481,142
482,143
483,123
484,155
485,186
486,165
487,194
488,186
489,127
490,146
491,125
492,169
493,164
494,194
495,186
496,147
497,153
498,169
499,112
500,204
501,129
502,142
503,154
504,160
505,161
506,181
507,173
508,132
509,168
510,174
511,188
512,179
513,137
514,170
515,141
516,164
517,154
518,152
519,160
520,139
521,171
522,127
523,185
524,188
525,171
526,166
527,149
528,175
529,157
530,144
531,153
532,82
533,161
534,165
535,256
536,131
537,176
538,149
539,135
540,244
541,113
542,216
543,98
544,132
545,215
546,232
547,112
548,162
549,157
550,169
551,191
552,162
553,208
554,307
555,146
556,168
557,152
558,156
559,162
560,212
561,124
562,183
563,172
564,151
565,115
566,165
567,139
568,208
569,179
570,190
571,229
572,139
573,172
574,216
575,161
576,127
577,270
578,246
579,318
580,185
581,146
582,154
583,139
584,138
585,375
586,152
587,285
588,199
589,158
590,156
591,174
592,145
593,180
594,157
595,174
596,160
597,124
598,200
599,195
600,189
601,199
602,190
603,185
604,301
605,212
606,274
607,189
608,165
609,136
610,144
611,165
612,200
613,191
614,142
615,120
616,151
617,161
618,192
619,264
620,339
621,353
622,218
623,269
624,357
625,224
626,299
627,336
628,277
629,247
630,334
631,327
632,208
633,306
634,310
635,330
636,192
637,250
638,311
639,156
640,278
641,238
642,308
643,198
644,330
645,326
646,138
647,356
648,284
649,325
650,339
651,325
652,319
653,342
654,355
655,356
656,296
657,271
658,138
659,173
660,264
661,18
662,187
663,176
664,351
665,208
666,303
667,302
668,287
669,339
670,302
671,312
672,380
673,362
674,227
675,386
676,275
677,146
678,206
679,443
680,412
681,345
682,363
683,328
684,335
685,413
686,222
687,388
688,162
689,375
690,293
691,580
692,299
693,165
694,310
695,336
696,374
697,635
698,363
699,603
700,721
701,424
702,398
703,1185
704,175
705,305
706,574
707,375
708,353
709,291
710,269
711,638
712,372
713,206
714,183
715,315
716,850
717,1136
718,642
719,445
720,412
721,157
722,146
723,212
724,287
725,183
726,328
727,206
728,191
729,303
730,1231
731,194
732,246
733,300
734,358
735,414
736,401
737,469
738,861
739,384
740,382
741,442
742,645
743,368
744,403
745,846
746,437
747,418
748,199
749,214
750,226
751,208
752,452
753,735
754,793
755,206
756,470
757,478
758,204
759,209
760,182
761,180
762,211
763,216
764,413
765,161
766,446
767,406
768,461
769,189
770,604
771,672
772,532
773,178
774,184
775,514
776,207
777,421
778,215
779,526
780,411
781,402
782,759
783,185
784,207
785,185
786,376
787,187
788,166
789,206
790,837
791,215
792,442
793,383
794,702
795,560
796,213
797,199
798,160
799,173
800,159
801,107
802,152
803,179
804,113
805,158
806,609
807,637
808,178
809,450
810,194
811,486
812,141
813,653
814,173
815,206
816,449
817,150
818,159
819,423
820,183
821,211
822,194
823,200
824,474
825,261
826,419
827,185
828,444
829,220
830,135
831,217
832,192
833,146
834,529
835,494
836,196
837,192
838,418
839,518
840,784
841,596
842,212
843,184
844,459
845,253
846,488
847,172
848,674
849,160
850,461
851,536
852,200
853,186
854,188
855,600
856,190
857,197
858,191
859,599
860,435
861,619
862,179
863,140
864,599
865,208
866,222
867,190
868,456
869,178
870,207
871,213
872,196
873,171
874,179
875,184
876,594
877,177
878,478
879,198
880,1155
881,173
882,940
883,233
884,181
885,496
886,182
887,168
888,552
889,755
890,172
891,174
892,179
893,179
894,186
895,198
896,162
897,189
898,186
899,167
900,185
901,117
902,125
903,497
904,173
905,165
906,104
907,111
908,168
909,161
910,183
911,165
912,158
913,179
914,166
915,153
916,184
917,162
918,187
919,143
920,195
921,168
922,191
923,172
924,182
925,171
926,163
927,159
928,150
929,168
930,191
931,175
932,122
933,180
934,188
935,207
936,124
937,188
938,174
939,156
940,203
941,220
942,164
943,184
944,170
945,186
946,141
947,151
948,160
949,276
950,165
951,176
952,189
953,174
954,144
955,152
956,174
957,167
958,209
959,184
960,189
961,170
962,188
963,171
964,186
965,99
966,141
967,163
968,183
969,198
970,239
971,813
972,199
973,689
974,184
975,525
976,181
977,160
978,960
979,217
980,187
981,189
982,207
983,158
984,177
985,185
986,533
987,160
988,201
989,640
990,170
991,177
992,508
993,165
994,846
995,209
996,156
997,184
998,187
999,184
1000,222
