1,261.65799810161496
2,264.12099134512334
3,-5.250747594235605
4,-67.12369825862713
5,-21.029232831417247
6,-129.48396871018554
7,214.37714576701507
8,184.60838926326176
9,-76.74637134607505
10,-50.71992961261523
11,-4.350491667690093
12,-75.12851404441696
13,246.35966557493464
14,50.84898475094511
15,-57.05389934297256
16,99.44842004447138
17,215.0906116978734
18,-97.50650805263406
19,-18.20241494246011
20,-79.26689332723805
21,-33.873197665236816
22,-41.25553698715089
23,9.141647379173904
24,214.97410142774763
25,-32.878378487210156
26,230.117659507905
27,34.66369868957983
28,139.91724664567352
29,199.9094353222456
30,-39.274191042020426
31,-166.86366805018588
32,256.4771649752981
33,239.37803063170185
34,166.76956487577417
35,252.0573133465478
36,-47.74287969060316
37,-66.44028282847674
38,-87.70553925471708
39,264.09142006509444
40,-26.397126028434116
41,-63.52397521783325
42,146.17532347494637
43,-30.651868953059747
44,254.72235846457477
45,-57.7502618851389
46,-33.83340018838291
47,177.32783259336634
48,-81.59251475882901
49,-21.475689527591655
50,166.88377060871812
51,91.74136675832985
52,-0.9465833636530192
53,-186.76663133740243
54,271.8011051935763
55,-39.64764526211056
56,212.72532118126563
57,110.10350796404822
58,0.6852466100121279
59,-57.26227636743916
60,45.55240612855348
61,235.48281066328317
62,-14.756212372858897
63,88.65895593709743
64,13.20059490681183
65,267.737307248727
66,-89.5521048374138
67,-81.84190430516223
68,-2.9096894186909026
69,11.664267833345791
70,1.8443463733440097
71,-63.53178160728221
72,-65.31822100216698
73,-69.51182923829782
74,-64.78920732985965
75,-3.0194102952308697
76,5.043632391569915
77,65.54889653740096
78,139.57639871685637
79,-245.50200608374155
80,242.99951094580047
81,122.16279060415619
82,-48.358617356694296
83,36.215458076476466
84,-252.28371694016622
85,215.788759468396
86,-79.04807074675504
87,203.73965866603362
88,-71.00750420628714
89,245.90043333234652
90,-31.108128134749265
91,76.4557122958017
92,-65.95414914651813
93,-65.28886545226246
94,219.55909462672
95,224.50650758649846
96,-77.27584578740658
97,215.81656553276244
98,239.90940438903016
99,240.63517499523644
100,-11.481469840482418
