1,105.4120956184722
2,75.58995727564073
3,119.63390562158891
4,160.5178082573563
5,31.886264255802303
6,157.20627059646276
7,275.9439246096233
8,23.387243856129388
9,175.43372314335136
10,14.969659320914289
11,144.2850901107636
12,138.42152361660013
13,93.10075910082338
14,140.9481562424627
15,151.69309222779032
16,84.25999017930397
17,90.74453735131165
18,-0.44030680234887143
19,-1.2888148147584673
20,-96.41785424576469
21,141.45908034332422
22,107.21840303827312
23,11.583234526535152
24,2.3966255823253704
25,91.75713829486347
26,177.3344400847973
27,12.306994895493773
28,259.62269897346425
29,124.03592038680166
30,-52.056205063329344
31,-320.5633688998153
32,124.08280777378332
33,-106.78237016241954
34,140.22498429567065
35,270.39151253597674
36,47.39866866225345
37,253.50803828720674
38,133.49744077075607
39,73.9877439545555
40,118.92388120820097
41,233.97902704449177
42,112.48077622138356
43,-35.25368127600623
44,102.13766405769483
45,217.26637326411668
46,137.06561912403768
47,166.83534137349307
48,-47.9711397038775
49,145.28362684178373
50,122.21454935334596
51,202.9784117523492
52,55.39432199383482
53,119.73025613060035
54,114.07875280038331
55,-123.74326562492723
56,21.96169296721473
57,281.45816983967245
58,130.96843768068078
59,214.2881738751742
60,-73.48424009305184
61,130.69224819981363
62,-14.357807262281241
63,19.576989962016384
64,96.27424498585479
65,294.28897279134907
66,78.23108758150157
67,257.1739800498674
68,112.45060278003727
69,219.92637513628807
70,-17.6932529714596
71,172.22275611825876
72,138.92795489523243
73,185.93773739752945
74,-17.781869529209175
75,284.6422640244844
76,94.69696249229241
77,222.4113820578437
78,110.41194544852766
79,274.8484253902968
80,-37.73332750502834
81,140.48500044945587
82,-13.806592313880799
83,-25.718111370135958
84,176.4429831031949
85,-36.612194301866765
86,-12.52193355676701
87,241.99803994066093
88,220.1929082178463
89,94.86459974443565
90,261.18186357175443
91,243.2830330691392
92,226.8481207095607
93,287.415905093495
94,-3.2996016216602158
95,-178.1292425134144
96,175.62847055335064
97,-10.75274674090035
98,52.37725395947126
99,248.59907972033656
100,128.69870653386468
