1,-26.194959161810846
2,-263.66997516791236
3,10.161102595799097
4,-12.961864265734283
5,-33.13514456454678
6,-83.62009385994338
7,-292.14704428184973
8,-126.13867335823286
9,-126.50112335960448
10,-53.12692401472154
11,2.202977518552736
12,-101.33745147930799
13,-9.504430221434419
14,-51.23050508821346
15,10.968751599582681
16,-394.90099738407514
17,-8.86759473533381
18,-47.280746909188636
19,-14.208589817111552
20,-49.8583545568022
21,-3.052668773338171
22,-10.175306990039402
23,-54.54630698781797
24,-189.718535141646
25,46.50566854390359
26,14.917552385941384
27,2.6143109546327308
28,-47.28878397567215
29,-127.10835327153308
30,-5.792995727176679
31,-16.153056703064422
32,-152.08782052983048
33,38.66442909598331
34,7.363113259433785
35,-125.88914449576856
36,-34.251275031596734
37,-122.69309131963813
38,-9.933774340581277
39,-18.30174384490818
40,1.852493762582685
41,8.654919404844279
42,50.52950833433457
43,-315.37360973122196
44,16.83158991278398
45,-268.23186483937394
46,-55.212236732357
47,-4.545409508543559
48,-152.99103298543895
49,-122.23979781419601
50,-178.21048068776489
51,-80.70209406503464
52,15.603530712826917
53,-333.4074237413904
54,28.987065074392763
55,-235.00399280179155
56,-346.56939426840995
57,-53.904344001490045
58,60.74902883442556
59,-45.14739583121728
60,-192.0666458190387
61,-69.60835806170174
62,-6.734828213636469
63,1.449786656378671
64,-35.3547457933911
65,-151.20859045033387
66,3.4416195651199564
67,-21.690341716554467
68,17.539822848536495
69,26.497909454739172
70,-107.83354070922039
71,-152.15104622819132
72,-5.662417368725777
73,-14.21966885298309
74,-95.60829309603056
75,7.123122733521818
76,-32.68725041560616
77,79.45603874544604
78,-13.695429238200088
79,-41.634113572531454
80,103.17129308681783
81,54.58928854095741
82,-87.31625540840452
83,5.551510715409275
84,22.72644597959216
85,-53.14076642671419
86,2.193106251464031
87,53.29993582984987
88,-108.38532969647973
89,-258.04676152332087
90,9.698715012729448
91,-64.27044829551201
92,22.30830366932514
93,-85.39759407462125
94,17.132666580309724
95,30.71969143640763
96,-36.07290925482258
97,-25.30488420834233
98,90.37151960972962
99,-0.9024043667639541
100,-32.219563664985756
101,-17.76883572635944
102,77.34751639892724
103,-6.151486067913747
104,11.899137202330584
105,-35.221590083820544
106,-273.2269555154261
107,-17.53216618514179
108,4.650842181872507
109,-27.62437191693249
110,-1.0272777056299915
111,-11.652765101624004
112,-187.77478510353689
113,12.563902807315092
114,-22.084131183712223
115,25.608639085603762
116,60.392905068807174
117,-259.5539737699175
118,43.55298697722232
119,-195.6815198716884
120,-33.2502587782806
121,13.667563593417174
122,-15.840241608984101
123,-132.7648857198606
124,91.87511730497899
125,-27.595731443243494
126,31.25400708113054
127,32.596029642243884
128,-21.482062613070532
129,-73.01541746614718
130,31.623385311716888
131,-205.34856361432264
132,3.609374521104261
133,-3.4317211357931967
134,-56.26482139892592
135,18.750244673099864
136,-12.207341698122043
137,-10.125271745009531
138,85.71081403845554
139,37.51729298802372
140,-9.250777001236447
141,33.54225850943668
142,-85.64236164447516
143,10.892066461260601
144,-23.467496833829397
145,-26.924763988711177
146,2.6845763748866833
147,-263.8789272439071
148,-79.04696969951989
149,-20.83622958271238
150,-26.12949919165505
151,-16.56113803447558
152,36.04272845822543
153,-102.22243271795176
154,-3.38598124460992
155,61.56108703701395
156,23.81130641787133
157,-9.301714004350032
158,9.792714442131649
159,-71.2964301149728
160,11.88138316275083
161,11.239832869061573
162,27.665149494208777
163,31.996748584776938
164,-129.8054847298128
165,-27.483845066040715
166,-193.48352006874046
167,38.19743064927205
168,-33.45616261368889
169,18.106060150301268
170,37.46511737421779
171,-23.63702936237555
172,20.55711686291667
173,-14.07838493240382
174,-97.8307125303477
175,-89.10236707296565
176,-14.521540438909405
177,-151.01652193259977
178,-18.886835361114663
179,-13.287088181454239
180,11.537015050061125
181,-37.979031634904906
182,-22.68494217574086
183,-21.772934042129833
184,52.57060293007962
185,-20.16041841067737
186,-50.719425416803276
187,31.9431754498909
188,13.343916195564749
189,-30.54990163488904
190,-18.769621936054712
191,49.13742768143153
192,-266.740752645046
193,-34.13388054114897
194,-16.81756526298592
195,-20.838285399457405
196,-65.0029441965591
197,5.347441579896435
198,7.388666123249365
199,-51.152646740357596
200,40.6297778952981
201,-43.06068873942376
202,-16.558145318949247
203,25.31609698446599
204,15.05007648476613
205,8.556979068471637
206,52.35802790376442
207,-7.611688648841046
208,24.69704597706715
209,10.652225549379137
210,-3.815887934139184
211,-27.509742199176266
212,-45.77171735802844
213,6.7902653151444845
214,25.396146852120758
215,6.549788166305287
216,-0.9272453418125532
217,-15.000624792931955
218,-59.74936552873834
219,-8.418358401975514
220,-37.92286255967566
221,-529.5677668720932
222,-202.41499749450637
223,-323.71651360560907
224,-206.78846626970847
225,22.8252171465424
226,27.999273374964694
227,90.82093984071258
228,-29.788566595964646
229,-140.0020821739029
230,-11.37615778436118
231,-95.88301744413309
232,-231.24251451343218
233,-216.03729883769606
234,-109.44871130242159
235,-199.81341949857256
236,-412.99206733456344
237,-87.27153638918531
238,-147.912590750473
239,100.5498101969462
240,-250.72069207702324
241,0.014286082135991585
242,-202.58687044656006
243,-121.99572777455742
244,53.88502455312155
245,-255.1872967469269
246,-208.56507681714461
247,-273.7532463412269
248,-263.5235362537502
249,56.28742637157111
250,5.548110812790084
251,-184.5726201712407
252,16.615172400088696
253,-88.62018834883519
254,55.595725823475654
255,-27.25835692208084
256,-338.2637508449862
257,-20.05036247832325
258,-268.29515269862765
259,-169.3020264608394
260,-247.20825231005384
261,-273.6603489960558
262,-407.6741972032988
263,66.67908213093801
264,-14.708324986557658
265,-100.52007874904744
266,-5.073697482388295
267,110.5782380868005
268,77.32237446209976
269,-1.2414680976235815
270,-133.96817059911805
271,-63.88201395304695
272,-322.7380641908626
273,-112.94076011191574
274,40.64826455849281
275,41.25598245744298
276,-296.5840817744292
277,-374.067530084737
278,-300.78896909532904
279,-39.4197396779964
280,26.171361511697466
281,0.20895239507395047
282,-208.70036362954082
283,-337.2234784502601
284,-17.195861030804235
285,-442.9302019776989
286,-60.85097222041962
287,-287.11926645528985
288,-255.46820740095978
289,-215.4497808082616
290,-159.84995814871857
291,-231.20684286394507
292,-129.00579638886242
293,-52.66588870011189
294,-298.172647331675
295,-281.01662369671715
296,-210.73079792251048
297,72.66744537770047
298,29.79398765047825
299,-113.88057380150774
300,-102.10765907663767
301,-303.4514832880936
302,-325.88121618207515
303,51.39683510706151
304,-309.62685567620474
305,-198.72821027672208
306,20.45336705377102
307,-261.12657607382164
308,-345.8730924027895
309,-362.55342008697954
310,-406.13009139489736
311,-399.44048130251514
312,-238.24468452988276
313,-329.21891891342426
314,-38.41128441426439
315,-102.77191283496875
316,-156.72681295786967
317,-120.72174415769156
318,112.30383433879014
319,-117.54541067992822
320,-348.20427161120875
321,-251.19960327370256
322,-115.14207271333477
323,-77.09084518881075
324,-250.17455413874856
325,-374.03397788213584
326,-176.33905558290215
327,-271.58702397075064
328,-272.1022882413141
329,-396.2816191468793
330,32.94056932956177
331,-273.4599460701512
332,-328.7686583815616
333,-436.1609391186223
334,66.46117633860996
335,69.5902486237348
336,-281.8392077604022
337,-252.52996219411503
338,-239.11079080440047
339,-517.2579991079476
340,-196.4150006761335
341,-339.83760278045725
342,-265.240593215025
343,-272.31666855311136
344,-293.75832263741637
345,-258.7427468619189
346,-369.5907388724942
347,-464.83334076762475
348,-362.4218683823403
349,-57.76620014465087
350,-190.01110569067137
351,4.188180323040648
352,-86.4496078881819
353,-99.902784333346
354,-171.8707841555673
355,-219.9609493497624
356,-269.7535945605063
357,-45.61670302988162
358,-46.96650123591677
359,-154.6899854302293
360,56.364275723929886
361,-213.56489009012336
362,-142.71316367553706
363,-306.42488720155023
364,-309.0197779922138
365,-212.5262613174742
366,-115.30471550585551
367,-308.53395988666915
368,-38.79148122561682
369,-95.02792380924814
370,-136.37220937896186
371,-195.23933773438603
372,-227.46561304237264
373,-183.61014391254355
374,-116.79141017075807
375,-248.02050744112995
376,-203.376925953163
377,-195.03906245680523
378,-83.96967801402481
379,24.595760894185773
380,-244.62393248295376
381,-304.44518777993915
382,-142.6367475163948
383,-216.9839947228052
384,-258.9808245215283
385,-414.1136835170654
386,-293.11945965598744
387,-258.1864471001664
388,-329.93918007772197
389,-155.29035663784114
390,-189.53019582719102
391,-143.35521805158677
392,-256.15501690339386
393,-201.5630305253362
394,-257.56795038939555
395,-291.8912772293722
396,-318.9366916417129
397,-154.8090391513645
398,-295.5638049176603
399,-345.8489861753133
400,-258.0858560429346
401,-68.47576487042548
402,-181.90473081546074
403,-43.60551643811773
404,71.22128686164086
405,-270.04175410981065
406,-227.16152178190328
407,-312.26788379401125
408,-227.6898791654126
409,-102.67373287695685
410,-429.45088921487115
411,-88.29472533015057
412,-139.52639907357727
413,-101.52951845232998
414,-278.3879073593194
415,-27.557334561992928
416,-238.32914788758933
417,-59.837766759909705
418,-632.0498119136297
419,-365.4427683865243
420,-144.59214513276387
421,-10.31935592101432
422,-310.0140384665108
423,-315.286381052023
424,-325.5361284095707
425,66.97333540168006
426,-67.54130332865927
427,-268.69385665850126
428,-178.87182315050254
429,-126.40859612273916
430,-454.33552483967657
431,-258.94479462782516
432,-445.78087026002237
433,-37.968079884093136
434,-347.27926554675776
435,-245.6377396918624
436,-348.0163519219064
437,-181.04125452082425
438,-382.764229901516
439,-168.6208572785375
440,-328.371340879785
441,-656.2161197960058
442,-198.15066418095196
443,-312.84057307302646
444,-210.24871048726328
445,-700.7683989165018
446,-175.32269555726376
447,-206.85404762112526
448,-416.2122924487466
449,-339.5952019992329
450,-387.5593828873665
451,-319.4475103302768
452,-313.13337733866933
453,-237.20104611968875
454,-286.8426698427984
455,-219.12178826626536
456,-316.4850572905952
457,-348.3344271251988
458,-295.4239803584129
459,-239.7763496835798
460,-396.50181524978274
461,-230.8098251051209
462,-247.89148250084122
463,-261.5720950192969
464,-479.8980124770472
465,-163.1348568632973
466,-372.67145869038154
467,-362.4242219206815
468,-231.0162888688234
469,-497.84664546155335
470,-134.13896623978505
471,-410.33504185897135
472,-255.3884534307983
473,-283.1018574525972
474,-384.9646206371268
475,-461.2353598744084
476,-402.7599940505828
477,-355.0626396875977
478,-395.0370050671144
479,-391.7738341210429
480,-204.29447095208914
481,-493.4358998014178
482,-400.1364953019736
483,-208.14507568257773
484,-63.53263124374453
485,-615.52221736518
486,-360.11290431372703
487,-75.09694770308363
488,-541.7980482905101
489,-237.25489046242183
490,-328.2010706127238
491,-251.38359207641037
492,-396.40092477435087
493,-477.83564261200956
494,-277.9707678391423
495,-239.277810733133
496,-237.58051182240882
497,-131.88174951316702
498,-190.7444456973941
499,-622.7622947299839
500,-345.66580519834275
501,-303.94994948827707
502,-457.1374345019919
503,-285.93809802973556
504,-403.3371394542851
505,-178.74316481549926
506,-389.36971082099984
507,-738.6582026123697
508,-310.3198910817779
509,-210.1238693377535
510,-140.15065086967522
511,-69.8961186145214
512,-309.0125182457499
513,-339.2162314248458
514,-426.1696048051902
515,-117.6140603058675
516,-477.6335622638747
517,-357.0879462752146
518,-326.30755169382843
519,-436.48081273368825
520,-398.1243705011186
521,-443.7369397094105
522,-403.105975984066
523,-316.01149815922315
524,-307.45457043144853
525,-267.2068906372021
526,-87.00584843981913
527,-86.32692750053589
528,-116.10354485176786
529,-483.52617206699523
530,-643.5636744397427
531,-349.90665372784923
532,-345.03873146355176
533,-467.76079980762
534,-554.1584474845328
535,-307.0708435843089
536,-333.8068385205809
537,-228.62229525641618
538,-405.20782236744657
539,-354.68211923089933
540,-350.4631764359777
541,-366.93694585363295
542,-202.6664887610249
543,-134.81276288150676
544,-460.8710490653479
545,-395.186570222328
546,-469.0196968824621
547,-320.95071138742077
548,-158.98837135419163
549,-190.38039163783642
550,-488.91381128958176
551,-200.273221691479
552,-301.89181656560544
553,-348.92174155468444
554,-364.17972700572915
555,-560.6193441722409
556,-186.2159557470448
557,-384.01090008644303
558,-503.1868467899975
559,-123.93072655045624
560,-239.16920798272903
561,-275.52594707043806
562,-319.25773601108745
563,-335.60499631684667
564,-293.07758117925255
565,-436.26771039373625
566,-288.0425783789587
567,-300.5941881291718
568,-161.8995034639588
569,-234.69693110534396
570,-448.4328967252
571,-129.6261832538135
572,-280.4851222048447
573,-544.5071953309334
574,-251.6668193653623
575,-346.41146078625314
576,-411.1653499019839
577,-368.3604001080911
578,-452.8914295099677
579,-232.62766087967233
580,-452.18582435352454
581,-323.72792019425793
582,-461.0535360106552
583,-593.3598950976933
584,-174.94093829007466
585,-1014.2582057129507
586,-280.6731945484799
587,-355.5289548147283
588,-404.0508858684819
589,-438.9922392414467
590,-344.4020163646925
591,-364.5950803752245
592,-222.38129853852064
593,-180.8374722684919
594,-398.760028892356
595,-261.26168192099345
596,-777.3998057382927
597,-517.7229289593049
598,-234.1215371700163
599,-375.92032969483694
600,-365.09799300568807
601,-409.8284066616321
602,-111.52754230155158
603,-279.786720832038
604,-556.5871247444054
605,-291.8398104568607
606,-375.1380519087336
607,-393.1683894982685
608,-270.13066782461084
609,-288.0705527564503
610,-376.0706017447745
611,-501.8651584070496
612,-330.1197774952077
613,-264.9434493954795
614,-416.3293676559873
615,-459.2424268716143
616,-935.8493685762973
617,-418.8287808220872
618,-582.8654829082031
619,-433.79045422732423
620,-449.42476872518176
621,-467.012266969434
622,-345.3268614762526
623,-600.81898443859
624,-977.9185397733623
625,-367.40444624678247
626,-327.9648620789836
627,-430.91155437218663
628,-687.3405551057056
629,-627.8371352216882
630,-285.42402481813286
631,-576.0665450238232
632,-631.9847828146546
633,-425.08846142090965
634,-337.4633903554714
635,-344.7653515468228
636,-406.411961077481
637,-385.58449275213314
638,-328.884274526952
639,-704.9046591964404
640,-459.6090010040535
641,-451.08563251506683
642,-202.32211058437133
643,-661.336963803361
644,-593.7482881643061
645,-387.9421285038092
646,-424.09703665095213
647,-242.1255086951515
648,-674.5157011190855
649,-384.7687100753215
650,-563.164057355613
651,-197.54471175986242
652,-356.9928864854116
653,-444.27920614276877
654,-448.97255641130994
655,-603.2589209307955
656,-349.00124394486585
657,-129.4337216836601
658,-209.20346227049757
659,-239.7672196761748
660,-316.82636667736864
661,-138.46977869051307
662,-353.24665225947285
663,-371.68747692007145
664,-205.75100628204373
665,-409.81613174277385
666,-210.38534408234798
667,-225.89164526834372
668,-298.05679263801863
669,-226.65538696972789
670,-131.76100259073453
671,-365.73712485747467
672,-280.8172825972251
673,-328.69796646034786
674,-364.56649409945675
675,-243.40832910178284
676,-274.00648659457664
677,-254.5798387834071
678,-162.74389987717447
679,-129.15179056330084
680,-263.38335382327216
681,-198.1277248767568
682,-791.7810358275914
683,-277.93041864557654
684,-237.3616052719723
685,-264.8176627097255
686,-277.50544899565847
687,-242.69527496631153
688,-241.02509110877247
689,-243.69224008943098
690,-213.7006210594208
691,-166.2583532197926
692,-188.2630499290531
693,-221.87765408662403
694,-182.34977376207956
695,-234.99771240129854
696,-327.60052939636597
697,-301.74399774815
698,-252.5813580074195
699,-262.1960877322692
700,-169.5904408770601
701,-146.16519785812665
702,-345.3918235735439
703,-389.28134578938636
704,-193.67943719850686
705,-113.56986074648088
706,-174.35646143076426
707,-248.5867067693378
708,90.98222205982533
709,-296.71119503635225
710,-264.42004963469003
711,-185.2067222155584
712,-154.9720319795388
713,-98.41902187001244
714,22.506251327864124
715,-429.1772674131341
716,-260.28761507334315
717,-340.89190681255036
718,-297.26565746820233
719,-83.36453602081846
720,-132.41019147171866
721,-436.33888204380764
722,-80.28359836214557
723,-74.5096939350631
724,-168.10028161988492
725,-217.5119515011065
726,-15.198409424339525
727,-72.11230744221207
728,-63.16167720740913
729,-263.8739218652571
730,-64.94844351231077
731,-190.9602142962311
732,-316.1937614145996
733,-117.72128762551968
734,-203.76832835463938
735,-143.84414544829852
736,-118.09324595048749
737,-418.81484056005513
738,-120.33684206682983
739,-187.28826486189755
740,-191.89686202292128
741,-78.93762186059023
742,-161.64367612457602
743,-132.73025800642228
744,-73.17825458780342
745,41.8844463612122
746,-93.91171096431906
747,-206.90751749078385
748,-28.06828192498152
749,6.331060516416187
750,-159.0843590275639
751,-255.99166094029314
752,-88.21933887223076
753,11.282255889739947
754,-117.34669921392445
755,-77.54117478171554
756,-166.81071417304923
757,-226.53885728450115
758,-36.118461403966975
759,-362.08522193903394
760,-174.21013123871933
761,75.44676181290981
762,-89.14353793455629
763,-55.76496462151076
764,-78.8346486401217
765,-200.89781146430957
766,-88.56767195882996
767,-69.83533585368926
768,-73.94189160653872
769,-248.4073803759467
770,-125.73613407905049
771,-315.1676697353838
772,-85.66720871445594
773,48.83850593717094
774,-263.5560278825829
775,-209.85590106681872
776,-416.5640236779483
777,-390.8649718041916
778,-240.14775725998007
779,-558.079378918141
780,-152.69576460867134
781,-226.73968529812532
782,-503.35461145889707
783,-295.1559739491545
784,-223.99612626317935
785,-379.870893789448
786,-320.75773971209685
787,-187.47384419991764
788,-18.738440127089177
789,-204.1433909406977
790,60.08371271628489
791,-515.4365556669707
792,-199.36879552054103
793,-429.93069385876794
794,-376.29204150945776
795,-988.4925091626719
796,-662.4377712368458
797,-425.45146337611527
798,-337.9982502988367
799,-350.63364970579465
800,-973.2810267435648
801,-739.8628344498234
802,-191.12097588417384
803,-506.9715767750101
804,-463.1195109235442
805,-288.09701144840676
806,-605.116182005595
807,-143.99083139051703
808,-114.39640504011744
809,-244.17514789992663
810,-328.18208215802576
811,17.0150016029489
812,-182.81185002815872
813,-340.6629137805736
814,-591.8303251521545
815,-357.71617088358045
816,-386.478299113208
817,-452.4360160238257
818,-628.7580201805578
819,-248.09159577991522
820,-435.4335534871477
821,-502.2509130287115
822,-435.4522056378461
823,-456.3764919571581
824,-368.9311314707728
825,-350.59654276439187
826,-391.1790513046343
827,-394.1052445719233
828,-423.9792605588662
829,-339.01303076115164
830,-978.5996620886814
831,-281.56660493779435
832,-373.3441892849556
833,-231.9710475054627
834,-204.67661115631114
835,-205.3602296261372
836,-503.73263264746805
837,-456.2942851276205
838,-505.2218623580674
839,-189.00764282894795
840,-105.016491726408
841,-451.4320531154424
842,-400.2519342670023
843,-420.67479935898126
844,-408.71194472038087
845,-456.58860983630035
846,-324.18946251219614
847,-365.8881941166693
848,-846.997684462415
849,-410.65029511247604
850,-323.182997005652
851,-418.1061383818117
852,-71.21261454218572
853,-464.7342226537032
854,-177.16593743991305
855,-567.1856118443753
856,-290.9910885033828
857,-302.4403580984732
858,-420.9830727529858
859,-182.77294451753838
860,-479.13799205436163
861,-405.0944839087072
862,-304.8523960591097
863,-241.6361889664056
864,-517.0196742044793
865,-3.0774654353075226
866,-1230.1344100950728
867,-164.45870559667682
868,-446.84187048361537
869,-380.2735394713485
870,-73.32938806189802
871,-184.73221111272468
872,-427.54933176893246
873,-378.6138325175336
874,-1083.1688969439995
875,-224.59168078351684
876,-1348.0649910243958
877,-385.9424003882478
878,-391.2190663459298
879,-459.23075824043997
880,-383.47658754442114
881,-461.1892278178368
882,-301.52998504911295
883,-439.4116527872329
884,-337.2408384920821
885,-354.06135209485694
886,-336.6599991205322
887,-419.48748852861735
888,-365.49717208429917
889,-398.57200185940076
890,-393.2938808988263
891,-205.13706950138243
892,-356.9858105642409
893,-382.6968396030696
894,-412.2401092246497
895,-279.0169873084169
896,-83.19644360848652
897,-413.15835177869604
898,-337.5023912009211
899,-282.60660428032895
900,-864.1008451505219
901,-418.00574879476636
902,-426.9895538593261
903,-331.0922443413387
904,-335.03045860077594
905,-397.1009224699399
906,-408.3695413919795
907,-323.31151034195625
908,-322.7910123391734
909,-395.5673767568137
910,-334.16631015468056
911,-672.295126481038
912,-284.974786957201
913,-236.2894904018706
914,-379.6179492521587
915,-351.15412139870784
916,-43.153189629586784
917,-720.7661594712799
918,-403.43138925499795
919,-296.9115966871745
920,-388.0773397370206
921,-228.89802231212758
922,-287.68202629300305
923,-376.77576397777807
924,-417.7660578453607
925,-345.1746046028544
926,-406.7354594742308
927,-269.2209320047853
928,-326.9888344986166
929,-304.79094601540714
930,-123.68253224786282
931,-364.57497637503644
932,-274.3313433942423
933,-410.950664065269
934,-407.76770107375256
935,-432.73990881140764
936,-585.8782728995453
937,-399.2981289132376
938,-682.7004595273651
939,-275.59773018011697
940,-1008.8550768241774
941,-376.9074063695588
942,-340.5356950066269
943,-437.77572736695043
944,-427.91315260393435
945,-358.0866237669173
946,-228.15729470928719
947,-660.9244316992584
948,-1431.5443569864842
949,-1096.4745121579801
950,-426.7499595925626
951,-295.4016184840903
952,-492.4732389203753
953,-459.38439844771386
954,-310.3979306257789
955,-487.1507312411174
956,-310.2455313923448
957,-457.69091221555277
958,-334.744103406908
959,-377.82647454212673
960,-349.0992401885269
961,-450.73309122602984
962,-497.33337889624954
963,-2272.277657784882
964,-244.13174314847566
965,-463.7172430420415
966,-512.656648400865
967,-457.6483052725698
968,-431.6611347299134
969,-455.96516640080677
970,-394.43829876419755
971,-321.8994812537311
972,-286.33969209552316
973,-517.652577069434
974,-265.9195614915768
975,-293.23581151962105
976,-439.19436193949815
977,-417.17947873466306
978,-247.41539670915637
979,-96.71139376608046
980,-404.21053701317527
981,-313.96601197374963
982,-535.2375452229354
983,-345.2488036519696
984,-507.37821483322494
985,-265.7596838740206
986,-617.0184206206119
987,-315.59168711784406
988,-452.0999734915907
989,-330.2890588262451
990,-448.87967897858954
991,-631.5338711826465
992,-491.3561740265212
993,-435.48378246980843
994,-241.18958011953643
995,-318.1025691035331
996,-183.75274186257053
997,-370.7042146616619
998,-581.0065564539229
999,-208.1139975213984
1000,-418.9084622214571
