1,-237.31847132790259
2,-259.6450820187579
3,-108.6735542796153
4,-149.84160882565675
5,-67.10988268281733
6,-85.7314829014609
7,-79.08310158042441
8,-210.54493965651903
9,-178.57076374675205
10,-40.156483012279665
11,-68.47982828141129
12,-148.5712492143196
13,-225.15650148909117
14,-215.66726543298867
15,-383.32812005783984
16,-69.9401628625727
17,-72.65097793622907
18,-143.0585605735899
19,-258.6963588318033
20,36.37359173585742
21,-99.02157783221386
22,-179.15111924365175
23,-44.99803316475368
24,-92.89334357429354
25,-130.5734372780402
26,-256.70787076626385
27,-75.307913425027
28,-61.343107190106515
29,4.300931595447992
30,-121.82717429291363
31,-112.36929358965938
32,-299.4473072230823
33,-160.4024644258312
34,-157.4146844095622
35,-70.54077511531665
36,-103.4748182837711
37,-85.85592704471804
38,-105.85135210415561
39,-40.103073735074624
40,-122.69034488641964
41,1.441778305699799
42,-97.79655614095022
43,-134.41906128878725
44,-120.96849267631997
45,-74.97001212120941
46,-94.0094366467013
47,-42.77711920245051
48,-51.79652453247312
49,-90.15273121619312
50,-114.94185632264339
51,-30.406701758336126
52,-99.56260419418871
53,-70.78953824193289
54,-274.6152730853004
55,-40.75365788604544
56,-78.77444722776518
57,-36.643956470344236
58,-89.44176903255143
59,-97.26446491894498
60,-86.68886562562348
61,-80.17511853251187
62,-464.74616984495333
63,-61.34642425339105
64,-69.25805398692043
65,-39.29342884609332
66,-78.764986370639
67,-107.73574336025533
68,-133.45749572505662
69,-85.28333928538814
70,-61.41958217505159
71,-207.5763378708217
72,-67.33925821860477
73,-44.30699113640604
74,-115.78749129253902
75,-118.988710949679
76,-105.39175578532804
77,-60.05065421615818
78,-63.139898069610325
79,-248.04669240031615
80,-66.48703104441368
81,-41.031624222028626
82,-112.76290576210937
83,-114.78418808746417
84,-92.70212881983247
85,-145.59865748423454
86,-89.79977053261761
87,-120.78985810596824
88,-51.031742952686585
89,-78.30518256664652
90,-105.9223196123995
91,-98.84984725892161
92,-78.18252317790594
93,-101.93844742967424
94,-111.6833493601389
95,-53.636714041903254
96,-45.31110718925346
97,-75.63943377870947
98,-74.04470853676042
99,-73.99094171726452
100,-102.98470390720172
101,-103.06427489306719
102,-34.8225681611508
103,-73.67593979000752
104,-57.719147332148616
105,-65.5564856596521
106,-79.69604652389958
107,-98.86597630333762
108,-175.07524226152742
109,-55.98615563024323
110,-105.61224946943756
111,-80.75854349134661
112,-54.372040408150525
113,-60.9398883401211
114,-73.1254227717179
115,-86.11337342279131
116,-78.9007296149036
117,-67.80299747036071
118,-186.9283117922609
119,-80.64095318160659
120,-55.118188688658805
121,-56.35681933871524
122,-169.05293439898742
123,-111.20647075465884
124,-60.90217627729813
125,-129.13595296676286
126,-98.88598899943666
127,-83.81407831456814
128,-48.308267034980915
129,-69.02884566832003
130,-87.28120229657296
131,-131.89194904353917
132,-17.318824185189413
133,-143.30445674752997
134,-118.7392377212064
135,-51.905343308209844
136,-68.01020803075508
137,-137.06141900605024
138,-24.43499633839862
139,-95.43196409990055
140,-89.09281402149459
141,-85.038587381552
142,-58.4166559378913
143,-138.6274137511964
144,-81.05125179444164
145,-70.36587699720396
146,-83.85989479979585
147,-169.09842253947446
148,-170.33398894387443
149,-112.65785981661897
150,-66.9026471887891
151,-21.17127016807416
152,-32.734487318087304
153,-220.2309627172325
154,-45.91965283004272
155,13.362791455630543
156,-84.15596120419234
157,-65.1569112185195
158,-118.58265041554648
159,-76.54549850247746
160,-60.578393308535325
161,-73.44647477626378
162,-101.40136272784443
163,-45.51471893438625
164,-92.756674802154
165,-40.8086921603393
166,-89.6712757314897
167,-99.60495369061007
168,-232.8807615941725
169,-71.01450285076164
170,-18.789143203272516
171,0.8991896555022691
172,-350.09853692545005
173,-92.07213061792673
174,-96.7070295092967
175,-313.9298474235251
176,-95.76719338451471
177,-107.28052048081013
178,-225.48995769675696
179,-78.72907204120246
180,-174.56336674194637
181,-84.99606190558828
182,-136.7155589697135
183,-67.5589601571516
184,-75.66653430299012
185,-90.05015262688555
186,-45.749712543880776
187,-60.06408103713903
188,-90.44773443676749
189,-52.90762556220302
190,-14.978762657863726
191,-105.88738541276759
192,-120.89394945226879
193,-38.219247783609774
194,-68.39653859831718
195,-43.9190575443528
196,-14.685852102713213
197,-86.66966917674296
198,-73.66075134322752
199,-79.22448297288719
200,-304.21535731775555
201,-86.78889067796611
202,-54.36078117437731
203,-79.42962475206883
204,-134.2194423692278
205,-179.8499745994814
206,-27.687930087626114
207,-62.32415404639792
208,-164.9921968897012
209,-35.58028411260139
210,-197.31304625197765
211,-56.94646270627997
212,-82.33590344611375
213,-87.41080843859562
214,-82.5203021636541
215,-42.86503387487413
216,-80.85423492273824
217,-74.98198891298009
218,-35.561442536090496
219,-63.63017284674084
220,-61.53675936085111
221,-77.99077244865768
222,-46.80019258555587
223,-50.15688023263421
224,-35.35436273549875
225,-71.02106650044438
226,0.9538364372889134
227,-36.153078328547565
228,-52.25384193513227
229,6.1633708142440184
230,-116.12992400423978
231,-55.35910027299838
232,-114.14056358910274
233,-82.1288952841379
234,-65.25883569049756
235,-81.22063410588183
236,-85.09803912614527
237,-112.75798770164342
238,-34.402378372690265
239,-101.0002972709309
240,9.769648066375183
241,-133.27385013015828
242,-41.33827050050384
243,-60.00927150369466
244,-53.23240531336704
245,-42.49404193687124
246,-143.07939753844659
247,-77.50485101572005
248,-47.998982534916365
249,-87.50484939035923
250,-100.02992890931024
251,-207.0990138381814
252,-98.48799841663329
253,-260.81982732977576
254,-42.34260495907104
255,-64.81564197401522
256,-62.29311207285271
257,-77.33816495206403
258,-83.32752402506678
259,-82.09422689860835
260,-62.53481455916545
261,-84.99064222594102
262,-50.23596190080474
263,-17.23454183772114
264,-81.33599593346327
265,-56.386107555824
266,-87.21816911219516
267,-5.831220717863308
268,-129.92572546285862
269,-18.827264722960507
270,-58.50739145932174
271,-57.64304269064148
272,-63.74866267500354
273,-56.26117497700246
274,-14.26770636514334
275,-92.28497286183203
276,-35.83817742243356
277,-81.0975302543041
278,-78.96674292268588
279,-74.16008563573217
280,-15.270611653676056
281,-16.238460358856486
282,-74.55896536791911
283,-76.04027517721408
284,-169.4158862867655
285,-72.35193288082651
286,-78.92278220936933
287,-81.47518315350231
288,-121.04890799013816
289,-77.17670380014239
290,-58.25464145325762
291,-96.90177946015486
292,-49.77427658143098
293,-43.150676341810026
294,-37.39749839464588
295,-49.21701373877429
296,-125.53370381088608
297,-26.851102594768037
298,-39.9164363176707
299,-61.452423715122464
300,7.870479989341661
301,-70.07076448851817
302,-45.871086904551234
303,-186.7234350640251
304,-68.52379974685226
305,22.989661899893107
306,9.682901978078775
307,-115.9467597644632
308,-17.152678806987254
309,-4.5283391558824775
310,-9.351366094265785
311,-8.834906107153643
312,-124.60434614294314
313,-90.75118117010808
314,-89.01000378680784
315,-59.20656882080045
316,18.316140243484753
317,-63.903259312516965
318,-143.7453160053588
319,-39.34618279355872
320,-90.8330316625747
321,-51.615472284800006
322,-232.82728249015747
323,91.13136257900923
324,-73.96225462386117
325,-37.998129584129614
326,-10.69595214731575
327,-31.478019015316335
328,-81.25369763159517
329,-11.26237755056863
330,-24.483032828622314
331,-39.361554072421114
332,-33.179004829147374
333,-69.26541943712388
334,-2.663472409852716
335,-21.81114972271837
336,-28.405246135656043
337,-120.82960120800242
338,-83.06663837866586
339,-214.9932608252098
340,-87.78132302384422
341,-48.33249899282912
342,-90.70246546118004
343,-33.60533439221065
344,-50.44628452958793
345,-82.52689532932409
346,-32.14637591781995
347,-73.30264589095458
348,-44.048358602402736
349,-53.8289933180247
350,-120.808271940699
351,-42.09440883862235
352,-68.01305947338365
353,103.75245329652827
354,-69.5390814225526
355,-75.60430347195552
356,-77.58444037074833
357,-84.09328057465638
358,-41.0516953482317
359,-38.05879052220888
360,0.36559591754537735
361,-46.50696011019447
362,-95.22640600250259
363,-50.462443340838576
364,-109.71302929692192
365,-90.0944042088876
366,-54.832145543629295
367,-75.6200063286896
368,14.634805394120932
369,-83.26191767221079
370,-20.344499579240306
371,3.230134737936652
372,-81.2244351314009
373,-61.30958915452627
374,-40.49307140799999
375,-24.836213510508145
376,-94.81054450214295
377,-60.556745468555775
378,-68.81560791393855
379,-48.54518142918503
380,10.716694452613396
381,-9.08485325385071
382,-66.73918489360528
383,-14.275413025085697
384,-6.28497375084649
385,17.488399338838732
386,-51.4013997718458
387,-40.457547876199634
388,-100.49047248968027
389,-41.028021480606085
390,-166.29164329543636
391,-44.44801269744815
392,-117.01103041607145
393,-96.83301525812291
394,-75.84273965100603
395,-42.894363235163965
396,-149.34460260581085
397,-24.57057037815038
398,-92.82403192162815
399,-92.9916070940402
400,-74.09992942173139
401,-19.617407893075153
402,-26.18811297437523
403,-130.83959775625556
404,-90.42172838070825
405,-19.328781691563933
406,-22.279735500596928
407,-65.22401596002396
408,-49.789109871596516
409,-134.70465511698814
410,-79.78111214908083
411,-47.87987111535328
412,-54.256567781458216
413,-55.606433133441655
414,-21.800023109249494
415,-8.300494711464225
416,-22.901368734054586
417,-28.725717248394815
418,-10.818071809887172
419,-53.627596549101696
420,-59.60866111726948
421,-45.78754288209015
422,-10.649413797857562
423,106.1068654575
424,-177.7816979948678
425,-62.67272690147804
426,-64.68398252357804
427,-95.12771797739705
428,-123.31313085198877
429,-42.25073909731465
430,4.882434026352357
431,-15.37110831570007
432,-114.7882644763339
433,91.80226680231033
434,-28.188408888236864
435,130.04302355306865
436,-81.70821999193168
437,-42.28197252055442
438,-232.79967280134588
439,-34.480027048118984
440,-66.79830974471741
441,109.54130106047549
442,-40.73443547241443
443,-57.855636881677256
444,-7.27536468826959
445,-314.7752421032412
446,-62.27269531233365
447,-56.62822588034966
448,4.015545431930249
449,-92.18021988850458
450,-11.614926444891992
451,51.93456713420208
452,-41.20521363853902
453,-53.08223515597457
454,-33.437286388114785
455,-106.7780700583505
456,59.764540285266065
457,-194.35897399536162
458,-48.84834717282723
459,-26.817042310380387
460,-33.43226728133297
461,-176.31529991968304
462,-52.08988519267543
463,-79.0949341739509
464,-24.342190009378555
465,-25.240432471937822
466,48.911610636976484
467,-39.34641236685465
468,-0.299370797024622
469,-40.594561019417995
470,-12.298873710321232
471,-148.48921266521614
472,128.3887696631435
473,-43.60969603186244
474,29.57087600911214
475,-54.93852910744093
476,-29.226927400248485
477,-35.453047692139805
478,98.98014262341769
479,-21.66613766865656
480,-55.720833390319015
481,-50.08854149063288
482,79.29261160971267
483,-71.78045300827847
484,-32.328337690984725
485,-33.03636262204792
486,-220.74440574518513
487,-59.59802015183731
488,-34.943490266163394
489,-58.060043004245415
490,142.87751447658454
491,-52.75935356218894
492,-90.9786468430462
493,6.337527558781005
494,-60.201500975426725
495,-60.36704681194904
496,113.93330188461218
497,-87.85964009950112
498,-109.25953280347575
499,-64.88081707615149
500,112.57171858029001
501,-17.46807646876327
502,-38.29945399966792
503,144.83609068429524
504,-17.188726024616713
505,-28.570585903352836
506,111.17796676995081
507,60.57008185008731
508,-16.196244377717747
509,-182.1199875682989
510,-35.43053924357257
511,-64.90915680211211
512,-54.299526694409764
513,-24.701529506679677
514,-147.4209276572075
515,-125.99178743760213
516,-44.696938194855335
517,89.80918038508912
518,-6.5055616356511665
519,3.075523054756772
520,-42.286788194760305
521,-57.85033381050416
522,-32.098731177624714
523,-92.31537929421907
524,144.76668924172756
525,-77.05578197227752
526,-18.496644679060097
527,-76.84642638088093
528,-13.560749823263095
529,-45.58203637771507
530,128.23293821286273
531,-80.1730815092839
532,-24.111031771148745
533,-42.20930780113363
534,-59.117659532087075
535,-49.99986028308243
536,-50.77657290720454
537,-21.408146812382185
538,-15.278154797874535
539,-36.76712932375439
540,-105.69997924906409
541,-58.610460589072154
542,-65.44589299579997
543,-17.604570757532258
544,-28.934942930747653
545,-65.58771385021217
546,1.4583658965444073
547,6.450179237301256
548,-92.79467234780827
549,116.19092597381241
550,-37.08882876432645
551,-20.42290560661222
552,-67.013459604279
553,-63.70191176010096
554,-23.658154422143056
555,-72.24357914906605
556,-87.98322560183959
557,-65.69561725292691
558,-16.73390562844081
559,-0.9957909363455997
560,131.7703151044708
561,-96.00332583841328
562,-2.5631178368368666
563,-56.1930987043429
564,-36.03584574857557
565,-13.106804856378758
566,-258.1601141631519
567,141.1091005846063
568,4.969141417384222
569,-290.0107269603533
570,-41.833347310976166
571,-51.9118021711943
572,-27.197738111544595
573,-102.51772673512363
574,94.63578704096493
575,164.90242732323466
576,89.14169453862253
577,126.05855973528796
578,-41.02533579321933
579,-69.90030545192494
580,-33.362353940694135
581,73.68127805914018
582,-34.99920700876298
583,-86.0600636381412
584,-70.3063483026317
585,-20.54706952181985
586,-29.84142224917872
587,-28.06917212768778
588,59.83697370898475
589,127.14077096335431
590,-14.649418790854156
591,-72.20764669731567
592,-94.02011346537829
593,-29.00953447797258
594,-75.40331044201392
595,-76.14526702552645
596,80.25432356424261
597,-69.23750299461793
598,-35.86439068511119
599,113.93579420137966
600,-192.43978121141606
601,-29.386992035057034
602,-66.9378382787662
603,-244.76653485408983
604,-81.16446801880895
605,-46.64943283976545
606,-38.4939421566052
607,-94.71044311977738
608,-43.71725020119611
609,-20.686643806266616
610,-66.67785798650567
611,-46.65820819918939
612,-32.160164873093294
613,-52.41170616336646
614,-26.399317632136047
615,-25.368255886768367
616,-85.09321059675878
617,-31.16416585611286
618,200.07165871407835
619,-48.508659992128386
620,-44.1093355098502
621,-52.714936693220224
622,124.28257303334954
623,11.92636643739803
624,-87.8657446632835
625,37.986952241560225
626,-96.70279813050385
627,-93.92206617291218
628,-23.456477722909725
629,1.357861678140523
630,-68.79521774006872
631,-93.09948207275542
632,130.42315756044962
633,-48.362146343548936
634,-89.39701436646104
635,-48.53840446488973
636,-42.63740354309515
637,-52.08645046681919
638,-105.39779438306071
639,31.479309163087407
640,-54.51263455885184
641,-95.57149628539582
642,-50.65032771259058
643,-37.564197828636296
644,-87.18649728824796
645,-313.59053425470336
646,26.182692374996734
647,-77.07168136033728
648,-28.772599365414834
649,-28.278965227873613
650,-12.220552712794927
651,-25.16574857563866
652,-89.82502883899912
653,-80.6831523701201
654,-62.72813875875331
655,-63.789503822895135
656,-33.016995845680356
657,-65.29494681904671
658,-45.68698713814821
659,156.60645403879266
660,-184.71173197412628
661,-62.30355169150094
662,-104.79224340178064
663,4.083840942977815
664,-57.2390551805844
665,113.05684804877662
666,-88.11151040817666
667,-57.20875847889477
668,-267.7000044267203
669,-65.549566959327
670,80.19940850315217
671,-82.43335360698448
672,-47.272349779691424
673,185.09882807329913
674,130.55049947463849
675,-65.86872923504225
676,28.513271048115655
677,-93.74085529702846
678,-67.3755502273597
679,-43.437378368359525
680,-88.34515279998598
681,-50.78193279329233
682,-75.35733477236501
683,122.90622809868496
684,-80.00462134681756
685,-93.15053039635474
686,57.01786545485437
687,-282.0569078025327
688,-36.1244968172972
689,-20.943647461013057
690,-32.53862130539848
691,118.30039094280205
692,-45.16366456516998
693,-90.47337090888855
694,-74.03128458303087
695,3.937846626959697
696,-58.28290371784368
697,-358.6738046855817
698,-90.94025609016592
699,-26.030613680937563
700,-66.22694311850177
701,-12.33389402503903
702,-5.180623000493625
703,-62.369978537454294
704,-53.352976890501736
705,119.18008277387669
706,-23.304669125416893
707,-71.08073454763411
708,-77.35536692659922
709,-63.87241197212792
710,-66.12832513310649
711,-77.30890857137834
712,-57.21238917120293
713,-210.47242378797375
714,-64.93286066213837
715,-44.62980433588871
716,-41.64311512863654
717,-36.997558822072655
718,-58.09692320226961
719,-74.3120439234728
720,-1.4796623235983333
721,108.11962311965073
722,-28.062755354714483
723,-53.07500470089512
724,23.806794718592627
725,-261.74950730658657
726,-69.5902675450298
727,-13.372004277578128
728,-127.69640096206925
729,-47.022367467017496
730,-115.45464713423718
731,-100.1857163442151
732,-54.005855860168666
733,-25.905235921398955
734,62.42894686633576
735,4.329151114319302
736,-13.810482337613337
737,-54.94444400598634
738,-69.42813971071817
739,-5.114534641381212
740,-34.53843890207972
741,-58.14874844140125
742,-2.8531373824877733
743,15.414099448587976
744,-217.8417243637245
745,2.2723315665815846
746,-81.49289372516101
747,9.780861465001621
748,-50.25785928681165
749,28.68689089760671
750,-63.200976779478104
751,-47.377537196449346
752,-18.842836139747078
753,-68.94037592934447
754,3.0798440143802424
755,-29.858604914946937
756,-55.55586896204518
757,-64.74546422478375
758,-206.7542147847759
759,-61.83972573180817
760,-31.423887271483053
761,-102.02663691141612
762,105.75717326231032
763,-105.70220470254567
764,112.61736861493122
765,-26.85539817180421
766,-58.80477908489706
767,108.39271528358309
768,-7.161751661835936
769,-120.56345166727311
770,-38.017667064787844
771,-49.10064482011927
772,11.428952323661775
773,15.70911954525043
774,-18.88308676188572
775,-53.17538265871244
776,-26.860484759498263
777,-79.19340808595237
778,97.97546365582645
779,-11.35754709275355
780,-59.54001067269602
781,-83.16545691192854
782,-87.42959163744344
783,110.5441989728105
784,-100.50425833955366
785,-61.76659052155949
786,95.62413711353311
787,-98.1861857225582
788,-126.98599218248019
789,-115.8240058326322
790,-128.12339586673346
791,6.062773884439068
792,-44.60734167760945
793,-89.54674382384187
794,-71.55241372420814
795,-68.00804041162462
796,-59.41622935585582
797,43.94151504314422
798,-103.2626299324773
799,17.51308932913973
800,7.728965594581538
801,-5.701466528600349
802,-42.355302340930976
803,-74.53775893342791
804,-122.77543298461529
805,-92.58200717656716
806,-55.934337687026414
807,-29.36029030576576
808,-4.048109631642248
809,82.6715777019829
810,-54.189212746203076
811,-44.56125723569393
812,-99.86876935241949
813,-80.51749327197784
814,-26.84394611475514
815,-33.152683717927076
816,-51.73116935299993
817,-95.98783511476991
818,123.7154976489562
819,-116.8292993942541
820,-30.37254966262728
821,-48.624443537947855
822,-53.213721721703465
823,5.845632716073723
824,-61.862382379363545
825,-50.239227304247564
826,-21.14474845842419
827,-14.173662991651852
828,-93.01305171901129
829,-98.11868833240507
830,-74.62004750574718
831,-89.65731445400922
832,-61.71098140203429
833,-80.18917439653646
834,-59.41950697558367
835,-107.95518441319398
836,-43.529466642559385
837,-68.5806171952973
838,-83.437139583947
839,-41.70212228475104
840,-26.293158529632393
841,-54.588591336889294
842,-77.05488192913604
843,140.18324691304224
844,-55.24785648907897
845,-46.337634448852725
846,-66.21746911157456
847,-65.9208053884085
848,-68.05871333806327
849,115.73763596426548
850,-10.642964585525277
851,113.65194452618887
852,-50.33419052957072
853,96.72967562661232
854,89.1866931400929
855,78.68419365155097
856,52.44990411409027
857,-18.96700690086864
858,-59.27587637474579
859,-75.05099336169148
860,-33.78239364486471
861,-102.76654159920596
862,-33.53934768570372
863,-5.376592804571175
864,-76.8763522921671
865,-10.547117822008886
866,-147.76220669003357
867,117.87686848266824
868,-72.17199348139555
869,-81.14895588561748
870,-162.21572170542228
871,-117.83798585007212
872,-26.661664670474465
873,-46.09129563552666
874,-61.68541208688656
875,-270.91941250305604
876,73.8183583137451
877,-23.6427989064523
878,-91.21152491366249
879,-94.1395746602021
880,-27.85223146833181
881,-84.55506825220272
882,-103.3132425901842
883,-49.973423059239465
884,-46.76862430948648
885,-3.7576790014871904
886,-98.15532148655146
887,-69.16909738625733
888,-58.38852927750507
889,227.84212839671005
890,-206.28495638772165
891,93.72611047003737
892,-35.24872297716031
893,137.56842012222626
894,-69.39432636898363
895,-53.96708953316045
896,-50.548928263123365
897,-59.805772655783734
898,-120.99332123161987
899,121.93659287540831
900,-35.66639495828302
901,37.685023285693845
902,-2.9191846574508133
903,-31.824953320735574
904,-320.2983172915816
905,33.96715019260549
906,-51.13691566721275
907,-60.535496984069034
908,-80.54327062072193
909,-218.64653866235363
910,-60.73810138866115
911,-57.519901536240646
912,-27.175874663814312
913,-24.99362856688549
914,110.68284300453601
915,-56.17160574753578
916,-47.33673282791383
917,-8.600002449305507
918,125.27227805356678
919,-41.76067690251082
920,-17.087973449798625
921,-39.48737962667961
922,-72.43161688936155
923,116.43505651302208
924,-34.9790162840291
925,-49.67822777349167
926,-174.81989342901704
927,-5.730911048516035
928,-218.10335631416393
929,-14.475145795886675
930,127.40295012110997
931,177.96514076260684
932,-30.940265955402793
933,-60.84067342603414
934,-1.7728068242755342
935,-77.86233676854943
936,-286.4263612447691
937,25.711910479660244
938,98.34528272574293
939,35.29601786325233
940,-164.4830205765257
941,10.105595904784778
942,-32.43319296115925
943,-29.11301530427086
944,-93.61691199438872
945,-14.002928087244555
946,-198.34919953274192
947,-12.925094091587482
948,-198.98333377983664
949,-84.57903625384057
950,61.76390737155534
951,-45.50309253636193
952,-82.66519191095091
953,125.83719439588423
954,-54.92622345342233
955,57.77133065773892
956,-39.85762567116764
957,-261.1113423545643
958,-83.74384284989476
959,-16.141855216190663
960,124.091708335117
961,-8.788639441875901
962,109.83923259790974
963,128.80191120205865
964,-82.39452536943847
965,-98.24364055270824
966,-203.792856904601
967,-77.3827803515646
968,-65.89494642443073
969,-25.3191332381339
970,-44.91549524452812
971,-15.170767058679644
972,79.55916600752971
973,17.70061052988983
974,-75.25742067065404
975,-132.78318703068467
976,-47.44977113256403
977,-4.809053185541117
978,-19.99060891369092
979,-224.4005916248446
980,78.63504253198246
981,183.61637323601317
982,-86.46210684395126
983,-89.43652752391293
984,187.1191465351967
985,-95.3597253705297
986,-26.73422123346299
987,185.16549242650322
988,-224.33434882722776
989,237.42337238361327
990,-17.484900931015275
991,-12.09351724348484
992,-45.33820901712696
993,-47.66835348757486
994,60.24991198709898
995,-168.08948428115337
996,154.2427328312641
997,-169.70702690601928
998,125.43492698766408
999,145.1569798717923
1000,4.17861638139118
