1,-116.61797933065455
2,-102.80325243469944
3,-98.35556631077087
4,-96.85811226477242
5,-120.39042585442948
6,-122.5198954319292
7,-112.72648741758928
8,-119.46637781520914
9,-158.5219337384729
10,-127.32644147673885
11,-139.0941092490059
12,-107.71950529071928
13,-120.90208788422477
14,-130.78988346516581
15,-116.44171744031267
16,-122.08723046603602
17,-229.62534331654211
18,-69.9291889512363
19,-103.60545078703366
20,-149.184244045431
21,-27.15601069412692
22,-172.29016313475296
23,-83.09291237664164
24,-104.68620572552793
25,-92.95988296401957
26,-45.4987714042574
27,-258.5027548957715
28,-115.39930924458872
29,-87.89840555083973
30,-56.25794162494473
31,-97.46293395222341
32,-59.24895564117992
33,-54.5992894297747
34,-87.64927284947875
35,-248.66942269308876
36,-137.67357488554
37,-83.23770224276146
38,-116.24156099845496
39,-51.08446620474306
40,-117.0454386436589
41,-134.13100274187116
42,-190.22053259520413
43,-185.25533112900052
44,-227.2826946183677
45,-167.52257448163158
46,-59.57826775197333
47,-99.47328503952569
48,-96.4675363198095
49,-96.3526194228184
50,-215.97097470150038
51,-34.41012142705807
52,-108.13711049946069
53,-100.2011373869888
54,-68.61018205321197
55,-92.46390121775919
56,-125.70230937591964
57,-268.5475229980116
58,-106.67747134467486
59,-97.84445458671858
60,-126.74716565227554
61,-94.5713218706259
62,-40.70856555679273
63,-117.9712051737938
64,-72.05733370099608
65,-111.57511336387039
66,-119.46625762179873
67,-90.98437676796422
68,-92.07281661129511
69,-43.62357217019269
70,-173.82420385717825
71,-66.48923550851946
72,-125.23092395172225
73,-33.35465369324126
74,-146.53796832713394
75,-73.35603827139212
76,-196.72864443790453
77,-127.47755807699441
78,-74.0002042578745
79,-81.67018983498153
80,-40.78864357371819
81,-55.329814384632606
82,-81.58397076648296
83,-79.34563456578182
84,-129.62626506554074
85,-70.41338396850065
86,-97.22669240648786
87,-105.36661659649415
88,-123.43033928453335
89,-28.52733313532225
90,-73.21686834586542
91,-71.50132336813249
92,-75.30948992650387
93,-36.26928437828339
94,-70.33009346245194
95,-34.918259251212405
96,-105.0909378338352
97,-85.37513401600599
98,-143.42573962591428
99,-77.17500483151171
100,-88.06903036201322
101,-32.96899988617034
102,-67.67592277870683
103,-54.419041977833814
104,-139.72157703928212
105,-74.00000279825363
106,-209.52766925796894
107,-97.03152562033266
108,-72.34672611590163
109,-100.69990204965636
110,7.068138772686893
111,-86.7080663697847
112,-74.71753905890492
113,-95.07584406375351
114,-51.375216289790096
115,-75.34150922014763
116,-81.53869998692737
117,-118.77303004163934
118,-202.191418911048
119,-106.46831842463716
120,-88.41376806074285
121,-67.41742809990174
122,-14.46910537397605
123,-71.0533968069878
124,-76.34542619531499
125,-126.20659282437366
126,-117.0380283866762
127,-31.21237163515562
128,-205.67568725603792
129,-5.620645082515864
130,-45.95659488985534
131,-108.52747643083417
132,-55.631192574528704
133,-85.2084652176016
134,-63.328562736553636
135,-84.48971269153323
136,-103.19199056265754
137,-69.00483163010813
138,-101.78232379723458
139,-186.89607915496248
140,-92.55213298461375
141,-87.40069862260114
142,-82.32891230281157
143,-113.45823531563656
144,-72.39610702948482
145,-14.709364700261347
146,-93.70686911273766
147,-112.47905951262753
148,-93.34614260136478
149,-47.40828586057447
150,-112.13676593880436
151,-75.74031331914262
152,-78.73822499820659
153,-64.01526572681863
154,-85.72137217647087
155,-90.0568074937083
156,-57.26157434395161
157,-89.80952983135353
158,-57.31090362712079
159,-31.13859321365298
160,-118.45006691701273
161,-34.44372265779563
162,-52.22566568551312
163,-100.87986702125895
164,-38.93789719716624
165,-152.3904147924621
166,-112.90777441885325
167,-92.71555438658238
168,-80.6049048334882
169,-84.31189302116077
170,-71.6997593057402
171,-81.13745270695797
172,-68.77864627873277
173,-55.14044760438793
174,-27.398742518774952
175,-87.03810707958597
176,-21.01072007490383
177,-29.223273193689366
178,-152.8110643168639
179,-45.3512552284984
180,-104.31227133044924
181,-29.2358279586428
182,-15.888513012663054
183,-113.9059290955638
184,-44.54917532334966
185,-113.01806409370604
186,-257.3882634432107
187,-32.31559802400305
188,-184.45645133981537
189,-91.11441157608442
190,-6.146468597171406
191,-46.723101437299476
192,-224.378444606857
193,-101.73722340527937
194,-44.87160276469508
195,-115.27045513878019
196,-83.20939109366427
197,-55.616480666320506
198,-37.781497470638286
199,-115.07831714929358
200,-53.72423746566029
201,-74.22038989827465
202,-101.20135916989118
203,-85.04572332297727
204,-88.85284572846167
205,-54.52687113114783
206,-65.01598238908633
207,-70.830497570341
208,-100.41889036486052
209,-59.84178495708865
210,-98.92075237687612
211,-85.73727420614914
212,-208.16738507528055
213,-98.52721585824379
214,-98.4274003791666
215,-155.31205814678884
216,-106.68442197063868
217,-0.46985533511053745
218,-386.70864848978243
219,-106.78674425866585
220,-122.15153667853357
221,-62.65337997303212
222,-109.684807487774
223,-23.52455008616289
224,-110.91537367186768
225,-74.61597780657618
226,-27.346806071732942
227,-44.41820280713881
228,-52.001403301603915
229,-27.09318655873318
230,-98.67544581376984
231,-3.7978753489732213
232,-90.04321463852453
233,-79.76227577777236
234,-23.491018706342004
235,-75.38938960330424
236,-103.91292148816052
237,-52.965328769046856
238,-100.37741730016171
239,-128.58265571545692
240,-13.471205681627154
241,-75.38089043299374
242,-90.171332933079
243,-82.5194783292905
244,-64.79948981257701
245,-79.39345785537661
246,-21.909700508525916
247,-90.83726825033422
248,-98.48020331990925
249,-111.70000583324213
250,-104.30854709629693
251,-221.7666734220873
252,-60.552919251034886
253,-81.0335318631351
254,-94.70394768894371
255,-76.85725901781592
256,-116.78910331273318
257,-82.88018471767728
258,-133.8148235506907
259,-82.21293924552776
260,-50.99614402863391
261,-43.99948986240147
262,-110.34401219954448
263,-85.9803482084733
264,-103.74735671482252
265,-58.594431803578885
266,-90.76027198095193
267,-189.60935313900217
268,-222.93489409113286
269,-132.9373377841961
270,-82.54829495269779
271,-31.112522183399292
272,-137.77147974497512
273,-152.43311499289473
274,-71.57736369053293
275,-85.76118002497498
276,-154.13159328647856
277,-76.33770759988022
278,-76.07572925221965
279,-97.03893854796783
280,-72.5226013617069
281,-48.097858261993714
282,-74.86993859008763
283,-81.8329428264526
284,-82.69642160787825
285,-45.9941890038655
286,-45.43102012875134
287,-67.57483855646635
288,-114.01310984171145
289,-101.7370959751248
290,-24.513311328289973
291,-72.00656915725662
292,-89.33834764010152
293,-88.82655173945345
294,-114.37089847575685
295,-53.11479107645767
296,-51.6338385205013
297,68.4537710088852
298,-75.15110525395599
299,-34.72179638311354
300,-76.72543237860774
301,-74.14217697422947
302,-55.91814603559862
303,-48.57609234173055
304,-115.37004750268707
305,-112.88849288963753
306,-66.5692383159641
307,-103.90602501019751
308,-76.22604047869314
309,-88.96764478728784
310,-85.08176231751943
311,68.69849135597929
312,-113.22850497241262
313,-176.50338324834632
314,-102.93437931150974
315,-41.26417393570203
316,-40.02807877262928
317,-125.24871767122187
318,-111.59975513981391
319,-18.944376476209953
320,-22.513408374346497
321,-55.86545223946899
322,-117.61304429333995
323,-23.237257330639068
324,-12.392766787246387
325,-38.30078990097668
326,-74.8643958257598
327,-97.49579202953036
328,-30.21823589459646
329,-43.27363527685837
330,-81.9814848485171
331,-61.47691684114234
332,-90.62412532782221
333,-129.24080619008197
334,-130.7543225109187
335,-82.57182250822024
336,-85.38653480319083
337,-199.19098385909754
338,-9.187830957162632
339,-64.75143601908565
340,7.253331150845511
341,-84.4658795111252
342,-29.073511780880096
343,-69.43360521346375
344,-134.42073049510458
345,-50.862466197520135
346,61.2564591469169
347,-50.98979699073048
348,-5.458130598480992
349,-98.43889371952076
350,-25.460397884323868
351,-108.1682007823101
352,-41.69598637313847
353,-107.78067852582893
354,-101.02334466278991
355,-92.43845665392523
356,-85.02995516695039
357,-58.5591241506762
358,-105.51499497065731
359,-22.448349708008422
360,-38.88700864524647
361,-107.42605810469541
362,-15.082770354738926
363,-126.08148815797404
364,-100.63297493205322
365,-74.42205252691058
366,-30.69935959848773
367,-83.60793580791926
368,-104.33409808621101
369,-81.03283319654439
370,-52.940308113770115
371,-50.36104546133894
372,-45.34150934922896
373,-136.08567078368802
374,-74.180858792805
375,-263.29594339870056
376,-67.50603641679325
377,-46.65543181664698
378,-19.965375456467683
379,-41.955264207090806
380,-115.04641650757276
381,-44.90093838871047
382,-15.716816563798574
383,-63.558089650820214
384,-24.834317991810366
385,-110.11849653247798
386,-77.35020771054788
387,-147.72642800576904
388,-119.69739570994447
389,47.717680268009524
390,-126.0687398990206
391,-23.165543141872107
392,-125.75893810966886
393,-94.82313280827793
394,-66.85006641453516
395,-71.47787123586856
396,-91.46569408615082
397,-243.1137912685556
398,-115.07237509123463
399,-74.19745018759882
400,-100.21095920488906
401,-33.04400449980048
402,-54.75615537113406
403,-119.97802933589404
404,-39.22488097792714
405,-84.4131383702489
406,-99.10470312751707
407,-190.20999209551383
408,-155.49608107276123
409,-79.39852708394449
410,-68.67113267928616
411,-96.40903347879029
412,-69.01024039946273
413,-2.9982708639257964
414,-49.69234081187193
415,-163.42182400082788
416,-91.65282412783442
417,-170.6193706394834
418,-72.65444735701513
419,-117.71975094344413
420,-147.332323269301
421,-35.690140706717145
422,-42.333981574662246
423,-134.60640540074695
424,-143.6744425550646
425,-55.29984846047435
426,-52.4832540383423
427,-94.60893756385698
428,-94.0832274768106
429,-57.22064450756662
430,-97.72488690260329
431,-82.61171242042113
432,-120.99597778984047
433,-3.695880757123211
434,-21.103791079636338
435,-99.48899318569497
436,-3.6440449193842
437,0.8816357618920563
438,-158.74795948661256
439,-71.05690192604902
440,-171.51536687265585
441,-67.4776906062421
442,-52.85941516368172
443,-95.8677993504391
444,-141.3269597989408
445,-151.88321606254402
446,-144.4062630386381
447,-79.0942974427865
448,-52.61587347224494
449,23.171298932486195
450,-129.3285198468365
451,-142.6191692062922
452,51.60175104489995
453,-70.48333926367596
454,9.97575895614412
455,-55.70190828730142
456,-88.76614021065139
457,-106.29477694279345
458,-64.20283104820169
459,-37.5274522571423
460,-106.84485420074476
461,-106.26463712739309
462,-157.09484169491907
463,-81.18916879510358
464,-12.912600589478544
465,-38.153183927060525
466,-104.36421836041987
467,-49.04877186244592
468,-58.41067459333338
469,-43.85911642161559
470,-77.18450938808496
471,-111.44068360004655
472,-85.66197885670508
473,-10.363155905552134
474,-107.52438300469747
475,-77.52281877363865
476,16.99899099763533
477,-129.62213491300722
478,10.043884014208473
479,-68.78005257812214
480,-28.36666293167798
481,-164.286984517093
482,-47.71288687497008
483,-68.20951803590852
484,-56.92010178099473
485,-46.70917884206477
486,-53.81231042694405
487,-76.3571156162275
488,-168.9350727525358
489,-290.308364134919
490,84.88239056257156
491,-17.208845091040658
492,-106.44916863094674
493,-97.11054056256289
494,-43.687339929491806
495,-294.40049345379947
496,122.57198325090647
497,-250.55177545160515
498,15.711604105366945
499,-91.44837909752141
500,-51.263749679348464
501,-23.194903888579972
502,-3.636165184483872
503,-72.06848818865416
504,-2.4879300404932394
505,-92.09820782094162
506,-68.45282419506972
507,-45.88681066776073
508,-78.97264305242136
509,-99.86210189999647
510,-52.10794266423535
511,-109.96510332448605
512,-14.772549702638443
513,6.736075256767066
514,-48.05599686948228
515,-50.22827215538604
516,-87.1578967140172
517,-95.79803199753908
518,-55.348242700491696
519,-77.90332106213425
520,-24.071085403745556
521,-207.45462703014852
522,-88.75131818059808
523,1.5980323438812718
524,-61.980371952956816
525,-16.96661309483669
526,-56.215622566394984
527,-27.50113261694429
528,-81.22599374723455
529,-110.80160096897087
530,-38.424663236547616
531,102.29359185035152
532,-74.16833113800578
533,98.51719182190425
534,-114.50901011908711
535,-54.4945208766529
536,-39.56975448683896
537,-87.27899270786146
538,-97.89804695031061
539,-81.6489331969617
540,-101.02886724586659
541,-112.06090794585475
542,0.6552082286506646
543,19.445437529648274
544,-46.896284547744884
545,-148.66337055080507
546,-102.75724242007291
547,-70.78099784571238
548,-58.652755458785236
549,-49.14107211933134
550,-18.976723715290845
551,-48.29389802060811
552,-46.06066030221065
553,-34.67561974239172
554,-30.875638256061976
555,-3.4003551560556105
556,-60.02734546451211
557,-71.48551422911157
558,-40.428253067368786
559,-111.78423843032289
560,-72.27230471309544
561,-35.32308619395579
562,-248.07690431697134
563,106.00439779572268
564,-67.39303464910871
565,-48.345461354379225
566,-244.2482367028299
567,-85.15129562964388
568,-154.0324077550955
569,-44.362049597996915
570,-67.40089265146992
571,-75.7051514772184
572,-44.34353046525261
573,-74.04541496281178
574,-72.45504538757142
575,119.58343856988652
576,-87.1275486684054
577,-48.47072955844683
578,-78.03605816192015
579,141.79315341954205
580,-76.72422002146001
581,-61.190230969959615
582,-50.47335437423186
583,-15.773254459640967
584,6.149594040829683
585,-77.61463873306343
586,-100.37227425503052
587,-152.03582050836735
588,-190.32530153192678
589,-75.44238550890034
590,-26.789980921952875
591,-93.06680246179995
592,-141.39389103142372
593,-30.691456353323545
594,-66.06207857933083
595,-29.73891457024189
596,-80.87282965975876
597,-24.019083086628115
598,3.2114715059363306
599,-26.969493219656457
600,-62.19200988531327
601,136.1938967252921
602,-48.249138734159075
603,-31.84446777950025
604,-48.68057626709215
605,-68.29666110309785
606,-138.5166637971856
607,-76.07035568423046
608,-281.1518488957539
609,-75.19483766952669
610,-37.47429425848442
611,-129.0994350983946
612,-56.50325511729005
613,-18.848227622077445
614,-63.44494961649646
615,-43.364557345609796
616,-50.47323507358169
617,-49.75653757481372
618,-24.7646528732389
619,-94.65345091123216
620,-22.6378625086966
621,-87.77794005390534
622,-97.13831011198755
623,-66.75069286101011
624,-28.490733051771343
625,-60.44637811189203
626,-87.00507121687497
627,-114.994268741721
628,-43.10692116414017
629,-80.09797795739657
630,-47.109191296954876
631,-67.1668836005403
632,-33.1281796521927
633,-214.71393846631264
634,-67.06143798177295
635,146.54979369507498
636,-39.80697176756448
637,-128.81421975689565
638,-71.17140058383761
639,-112.60400219015159
640,-33.20143584149706
641,-103.1617201695812
642,-64.36238162887531
643,-113.22107420915943
644,-22.601571664738913
645,-111.5175004306713
646,-54.793778623775744
647,-237.41112087583042
648,43.22586039774947
649,-59.32669155993709
650,20.82499492714294
651,127.43695926292021
652,-48.31154056977347
653,89.4320769409698
654,133.0276086372947
655,-31.273685180716626
656,-42.86214217793463
657,-33.296258674110504
658,-109.88043111882678
659,-87.7921188494506
660,-22.19959558059125
661,-55.78315553108182
662,-37.254124102841075
663,147.14469236277034
664,-26.438489275824807
665,-41.860021976803
666,-40.19584518322711
667,-73.55982690318676
668,-142.2441359095634
669,5.490153138721794
670,-58.73514956961708
671,80.1417669778227
672,72.47642437260754
673,-1.218599669541561
674,-27.522454842257616
675,-11.392878583733747
676,-12.985880895370016
677,-80.71927247072418
678,-48.51471426636053
679,-51.675795873261976
680,-80.80013622630679
681,0.7977992755220811
682,-95.96611394496185
683,-108.44828738265173
684,-67.10525419218085
685,-55.038043853389695
686,27.831501893669845
687,-85.08922483291033
688,-22.37724174109708
689,127.73646585445582
690,-51.20128522483668
691,-9.189739389824254
692,-52.36875075902978
693,-20.876258413054742
694,-87.48116122945531
695,-39.408595226121705
696,-8.581787413430519
697,-67.74952804966837
698,-39.05278499256684
699,-80.54592515021918
700,-58.9020140807267
701,-78.86832348990964
702,-90.2957204070491
703,-77.10628467313917
704,84.78824179709133
705,-24.27636635378269
706,-64.11379501787326
707,-99.63587751282843
708,-35.659397953220974
709,-36.29285884801034
710,90.4283916815837
711,-62.11961270002273
712,-23.269992496077066
713,-13.38046076553681
714,-71.1454922808864
715,9.7626627452008
716,86.9573918506051
717,2.43576771943137
718,-71.38150447088213
719,-63.58550832783311
720,-45.153233326902026
721,-78.19886876353404
722,-28.32006204026399
723,-2.8698149962029476
724,37.34373116036588
725,23.19878642866567
726,-44.79662341975906
727,-35.43619285997741
728,-34.00725303402166
729,-187.07194874859547
730,-25.513169265675955
731,-59.53933767205367
732,-33.29371660794453
733,3.7015672491448584
734,-205.13288524025663
735,-55.39100957179983
736,-63.21792880173146
737,-20.158004720900223
738,-29.191316593685258
739,-71.39326601557192
740,-121.80830679567347
741,-91.46131196851675
742,-90.17476185667866
743,-92.13934499293902
744,-198.35794602614033
745,-88.63155964803819
746,-87.75868044760436
747,-53.02645768782169
748,-6.982117767085597
749,-12.526980380701914
750,3.218478517163973
751,-93.0904985810393
752,-94.57484460281293
753,-70.52830919369096
754,-80.17110544940685
755,20.68676499917659
756,-7.368976207673327
757,-246.07034434629307
758,-65.77096838123612
759,-88.4720268992534
760,133.04195292493714
761,-93.94341353614986
762,185.39659374419568
763,-77.07897631872385
764,-30.754294567254348
765,-56.88474069183986
766,-12.843455440605979
767,71.16418940538875
768,-137.65478582725257
769,-88.4123891593544
770,109.7992458568305
771,-122.44751630580315
772,-97.63511943397913
773,193.66027387897424
774,-17.15807194667302
775,28.841063284376673
776,-60.07576297095261
777,-40.506610040098295
778,-11.605337984966354
779,-8.09489668438242
780,7.820992081710671
781,15.40164320860626
782,-56.54589245307855
783,4.468208470339164
784,-89.48869486331597
785,-25.065730576265437
786,-54.25780465469376
787,-124.50988361477752
788,-17.512378522725882
789,173.91004268148285
790,-8.334921361038951
791,-65.38842418252707
792,-54.39418784703854
793,-46.987595572840554
794,18.558350497781703
795,-81.8174304769055
796,132.2658098180318
797,-54.730443103212636
798,-141.92727989692952
799,-27.832904642527538
800,-77.68123879891523
801,2.492513858700079
802,-61.32016218559099
803,-52.52737811855563
804,-29.14437109221356
805,142.0892630488399
806,160.34970749623227
807,-22.051786810750855
808,-105.47359524417763
809,18.46813884176059
810,91.4545898426194
811,111.2018500886257
812,-61.59133930170199
813,-47.251653698790854
814,-104.91429797163501
815,-20.658447874576993
816,149.56058571376116
817,-63.937510998961535
818,-16.57092406852871
819,-224.08697300983096
820,-58.66456525234875
821,-25.152559335420207
822,-67.99499705978198
823,-18.083346866502666
824,-23.807490307180316
825,-35.13889169944832
826,-36.26016625156768
827,-57.04665602269607
828,-60.75952851141989
829,-38.51480467052245
830,-63.39272268099344
831,-44.389917555774886
832,-47.85291552251992
833,-99.82220137255908
834,-56.581807153769475
835,-11.261990790711948
836,-110.76707428798636
837,-84.35754101586309
838,-44.147722196402896
839,-94.27392530536581
840,-52.752840849469266
841,-38.53594924505521
842,-2.1363821276187878
843,-67.9739850783745
844,1.8791858046173502
845,-74.57387737996663
846,-15.960226456086176
847,89.4945763234585
848,-155.08884158217634
849,-29.20276695246855
850,-16.787568746055086
851,-47.0978842772339
852,15.672024025835228
853,51.21553955601543
854,-20.21460316288804
855,12.199062658725154
856,-59.881226448766554
857,-52.75629819389097
858,-24.900852154181123
859,-64.78763156898441
860,-83.9681041554773
861,-42.6514520777568
862,-188.7544642519179
863,-132.44004670273827
864,-44.75895444411303
865,-57.09852572035529
866,-42.08892159774312
867,-1.9214500705656832
868,66.01739265683477
869,-87.943686660151
870,-63.28717980656474
871,-65.55183391356286
872,13.16096149441185
873,-75.38857277720228
874,136.24248517897922
875,-197.3634793746263
876,-233.2844003312765
877,-38.78818222352324
878,-97.43860105607988
879,-42.277752184405486
880,-61.5864612758353
881,-3.275059417904913
882,-88.52495555437486
883,-27.406690107369926
884,-55.35371719985541
885,141.09701853833866
886,115.16635803051916
887,-57.98339530321461
888,-33.19220292872201
889,-14.02981371736756
890,41.79787213349297
891,-8.3797908587551
892,2.395982681963318
893,-42.67406813206793
894,-42.60033561324842
895,-93.26794104768123
896,-105.8934024724756
897,-29.246806924072303
898,-52.989236231918625
899,-78.99252497466404
900,-34.13941642049025
901,-108.10847217719221
902,-36.896504876953784
903,-51.432799388449126
904,-60.33746526465431
905,-36.918253080737216
906,-27.215468955865532
907,20.52981980103597
908,-25.539744725507745
909,-472.34043682610644
910,-107.53489650273995
911,64.04310848111204
912,-29.44093050994435
913,-32.53156468535539
914,-73.32410211451703
915,12.582379123521008
916,-86.35102595941196
917,-72.76222339201975
918,101.37762154211578
919,-57.23682572707366
920,-72.65958866556741
921,-89.10654470188388
922,-15.44804012043582
923,-21.772385990406065
924,-41.00970224195102
925,-76.01924726144313
926,-104.57133714571277
927,18.48488415708661
928,-2.3813387386494753
929,-75.73403738117068
930,-166.88782140451622
931,-90.74642834620735
932,-86.87915631927841
933,-33.77650398007587
934,-10.813369837672141
935,-28.715057414877208
936,-78.93663037248655
937,-1.7921426515843422
938,-95.25146905709687
939,-61.063318104637645
940,45.43164609025902
941,-10.880675662626402
942,106.80657631333277
943,-22.40987413560019
944,-85.65210490547247
945,39.686334934249786
946,149.66868006757204
947,-17.632072560643863
948,-22.82966774924037
949,-39.18865451105392
950,-92.29663616628189
951,-10.338618975993498
952,-83.80830929424503
953,-51.34946783224156
954,-11.747664052128684
955,136.02216095356965
956,105.24829139745464
957,-24.70856836300416
958,112.88569652511107
959,-341.6144735218895
960,-87.14597732765196
961,-62.76217731003814
962,-25.39776050011035
963,-45.84016301127831
964,30.395252178482565
965,-41.259959477442166
966,-17.88778944103909
967,-25.760781300834935
968,-42.769483147155896
969,20.955748547924316
970,-88.82735552955958
971,-57.995055281863216
972,-108.04141039280036
973,-52.33450641319632
974,37.76211759410016
975,-7.479126496357637
976,-96.8802006918092
977,-67.15459503979245
978,-56.104451151668485
979,-242.7746026248074
980,-55.746823741383594
981,-115.80608842466735
982,6.342712355302666
983,-111.35516967031218
984,113.90716109139336
985,24.94149421645516
986,-244.33017839247157
987,2.27033552031169
988,-44.22650498968041
989,169.7555916701608
990,-40.175382501343876
991,-95.38979549191252
992,103.07576608668055
993,81.79197926950694
994,-22.5510899153534
995,-32.601909761296184
996,-42.42871987230082
997,-5.573236435460757
998,-45.059392868139035
999,7.864577375245361
1000,149.25105300785307
1001,96.67235267578556
1002,112.610706283198
1003,-64.1609741068591
1004,59.25408069292345
1005,-86.56394680697227
1006,-45.48732630512859
1007,-65.85909599115597
1008,-44.291852424171594
1009,128.63746353939834
1010,122.41653520376968
1011,-105.13361520741127
1012,-89.8962823657023
1013,-102.59298076581322
1014,8.112072565323217
1015,-76.80601128882986
1016,71.44850136166986
1017,-84.65841834757094
1018,133.19456323673754
1019,81.76813272729427
1020,-37.171802753443046
1021,-95.20571070989159
1022,-15.897388234698738
1023,-8.794137319600878
1024,-93.38636639454269
1025,-59.2845322201377
1026,-15.197661667998801
1027,139.63071840279156
1028,-61.101336702823886
1029,-155.1483317588316
1030,19.646854777916147
1031,-133.96454724044543
1032,-80.99857280791159
1033,4.834534219203732
1034,-14.778395557706105
1035,-92.80637074348505
1036,138.3942703876942
1037,144.75907361543182
1038,140.4436589438008
1039,142.6669351622081
1040,142.26238459717834
1041,-40.523170019547194
1042,120.48065670480769
1043,9.800025156610033
1044,-24.036563615549284
1045,-17.691673630750543
1046,126.04047063408315
1047,-14.215751839275583
1048,-101.45845574184354
1049,-103.25548543562901
1050,-71.37403900539904
1051,-8.262008407283446
1052,-107.6313081170185
1053,-48.411523456973526
1054,-37.34493782662075
1055,-99.36596821162064
1056,115.05315003154715
1057,-118.84516860468293
1058,-93.23102165377576
1059,142.45825200868705
1060,-22.5789740117593
1061,-25.30390655765511
1062,-239.52463310023862
1063,-32.445566218445435
1064,-101.63617041746981
1065,-77.42188380434547
1066,117.27982578426655
1067,-45.19471807739269
1068,-72.84421457496765
1069,-19.957534129707213
1070,-84.96110784047963
1071,94.00728901441762
1072,-9.674133282065654
1073,-323.6372990438111
1074,-265.97137259012743
1075,1.55973445793974
1076,109.91795158801288
1077,-25.255997114902414
1078,-102.23179288821484
1079,91.51794299984299
1080,-37.274501504047066
1081,-61.844399986570764
1082,-88.39651013874963
1083,-50.42670422894288
1084,244.9663238953915
1085,-101.33019714147666
1086,-81.38399972690681
1087,67.31678768258698
1088,-18.455073020440793
1089,-181.39347362246636
1090,123.87562766243175
1091,123.24102165865519
1092,-163.68735070021728
1093,-45.76447914564288
1094,-4.6660719890440845
1095,-131.83360763047693
1096,-18.161099224372492
1097,-144.81691942508957
1098,-65.57668393453632
1099,-93.99433076939701
1100,-70.6571865314534
1101,128.78634236166798
1102,-62.54068054260959
1103,-64.01092467659312
1104,-2.2552748838047734
1105,-47.76917984255994
1106,-53.31641805050535
1107,-37.34125483488279
1108,-43.28655548221124
1109,104.16673298749129
1110,-116.18831759534656
1111,-33.82689490094518
1112,24.841128829211584
1113,-71.12788889484546
1114,-20.176854899702292
1115,-96.80887280679815
1116,11.328165318752767
1117,78.49581300534834
1118,143.55530226351226
1119,140.29640807718604
1120,-109.60814032543456
1121,-19.2476127061486
1122,-59.86376926222142
1123,-22.51805567366553
1124,-106.04342737084153
1125,-100.30379152901185
1126,210.35315039983175
1127,72.09586741223117
1128,-6.520083981156063
1129,-236.37792981857305
1130,-36.0608000722867
1131,-65.35774309784664
1132,175.45074573165934
1133,26.684560835494636
1134,-63.8399178919001
1135,-4.970444252803247
1136,-12.09343263254894
1137,-263.8104311077766
1138,75.80445477891479
1139,77.2007440037334
1140,136.13501263606565
1141,7.212360748843369
1142,200.40893836850412
1143,-95.87470778060597
1144,-21.84441494211562
1145,-68.70899886744263
1146,-61.020268718151854
1147,82.38057224745877
1148,-22.190240883094248
1149,22.869536472706304
1150,-61.93314027021846
1151,109.22631059439195
1152,80.22289707172982
1153,96.86576388238963
1154,208.39233747287446
1155,38.92219996533763
1156,125.73807095840216
1157,-95.24837651356673
1158,197.5077488048065
1159,-14.520558445446994
1160,-39.707292553280745
1161,-66.37669956661117
1162,-35.80288244858775
1163,221.73891658870525
1164,83.62393923239144
1165,-25.616153859544667
1166,207.98785313495506
1167,100.13915252785768
1168,58.463164380560464
1169,-54.99325395353725
1170,115.08555831448822
1171,101.08985919054687
1172,-60.785623052733214
1173,-98.51412783522603
1174,-28.482939457255696
1175,4.62898059891269
1176,2.408674081207256
1177,96.5419164373286
1178,-68.37573940343046
1179,-125.33879982142562
1180,-1.0702518377540144
1181,-244.1473807333825
1182,-31.747619730036178
1183,-42.837874399362434
1184,145.2041659322898
1185,-6.324106588073164
1186,185.0551682349253
1187,-237.2031944864966
1188,-81.7194285255481
1189,126.85018397726856
1190,118.15518668619242
1191,-19.63670090184094
1192,106.62021611196543
1193,201.17551678085607
1194,-92.42844184939635
1195,-37.91754742471852
1196,-105.72517909016932
1197,-66.5501067707167
1198,57.43058441585888
1199,244.32146185913209
1200,-46.338408459374506
1201,-321.8482752306703
1202,53.24411845927173
1203,-51.615194151620834
1204,-88.96918984383885
1205,141.34797660341349
1206,-228.79284941687706
1207,-90.03103847864907
1208,-279.82767312207613
1209,-67.30955266061909
1210,85.25381508113722
1211,-35.83610912820885
1212,-71.22047286867848
1213,-79.43763712422937
1214,131.6216090582002
1215,-118.86760808953974
1216,230.42742369310926
1217,-26.78715307729803
1218,111.07942727261826
1219,130.9096999084482
1220,207.82437245550378
1221,-115.6746416629636
1222,-46.85988145253995
1223,-364.1469859416732
1224,-56.14314031698056
1225,108.94058340227201
1226,121.97241568178569
1227,86.58300082100469
1228,70.20470380838361
1229,84.58176026822163
1230,-16.545339485687265
1231,168.9975578830573
1232,121.13918618472356
1233,-42.46938793044066
1234,-69.40870561401846
1235,-77.29228175463383
1236,97.2636679327409
1237,-127.72404347356114
1238,-134.51008881688688
1239,3.460205140546833
1240,-55.08064328928345
1241,93.68077565585871
1242,144.14054179872852
1243,19.02372429178159
1244,-26.531694014624534
1245,89.15166646835002
1246,88.15771179418245
1247,-52.03607202106612
1248,-3.4167419129431806
1249,-206.010516545173
1250,-116.55880602838528
1251,78.5751694721952
1252,176.99175684346338
1253,-64.34540168931869
1254,166.12784114521043
1255,-249.22368561338416
1256,68.34662896656283
1257,116.87493123884826
1258,-133.4232183969208
1259,-4.757492800540106
1260,132.7633598704973
1261,125.63981392529658
1262,-64.39355505722597
1263,-41.64881254950569
1264,111.74662408061415
1265,112.45737354503954
1266,124.25275305657998
1267,-275.90782460588184
1268,-103.93162025606078
1269,-13.491350095349432
1270,209.38507403648183
1271,123.06167493705273
1272,124.28043163781669
1273,-197.4681486151061
1274,149.17398424732664
1275,31.137059756972008
1276,-40.604141482649666
1277,-73.84443378554896
1278,-201.03760835009928
1279,-65.44895810459231
1280,232.2697643376366
1281,195.9477020194685
1282,80.5917298068729
1283,103.77865566904482
1284,215.32823864474193
1285,51.669234724096235
1286,211.8291924428818
1287,-203.10607386665333
1288,101.34829233163904
1289,7.809622734947283
1290,-55.98695583860636
1291,-53.69103751635234
1292,127.88732532111337
1293,105.11958876747089
1294,-76.12754536794249
1295,127.82074743966729
1296,-79.5402694943655
1297,-45.56754345892368
1298,118.73905509764631
1299,117.48851990263913
1300,-100.62994937189852
1301,132.49502877307742
1302,53.56156969487843
1303,126.77743893840088
1304,117.78717269154505
1305,-66.34746617574686
1306,-182.93777432422087
1307,-48.25439447532821
1308,63.40988621087155
1309,4.3735620654479135
1310,97.06768674781408
1311,-45.86319551368794
1312,171.0533419613961
1313,129.0293934571136
1314,8.368022512053614
1315,113.93656795589133
1316,89.27414793970104
1317,-12.857295646947975
1318,-73.3633214770787
1319,-13.040365540973255
1320,98.79348432594271
1321,-86.70289426975143
1322,-205.57926438781337
1323,-36.12892615473045
1324,-218.1317059189333
1325,-9.16012262493065
1326,-181.22365093928363
1327,-83.47778891914288
1328,15.238010437542911
1329,-33.719255679773525
1330,241.31728800698482
1331,20.577656881983316
1332,-47.053523682110374
1333,-49.84865200968768
1334,-81.37986842956565
1335,98.01587915276869
1336,-100.66637181596552
1337,88.46227439701191
1338,88.26325881925331
1339,110.89374157953644
1340,84.49871434131374
1341,-124.74662288481093
1342,-22.414707584709987
1343,-3.8905662968580685
1344,183.79423413856807
1345,9.553352243371677
1346,71.30320130671086
1347,40.68988588018949
1348,53.36360536758755
1349,119.13151958305974
1350,-110.45148845866768
1351,45.600609178971354
1352,-42.874997813547964
1353,119.4128025028366
1354,12.102999631534729
1355,130.26429461630562
1356,140.113218273226
1357,-35.01418738411775
1358,93.6272162986376
1359,102.24842554793415
1360,79.10860793980999
1361,-47.42534710930124
1362,-53.11915477588371
1363,146.07679468903208
1364,-52.547040600014505
1365,101.63320749019005
1366,119.83757277120787
1367,104.72376413297081
1368,104.98229498109443
1369,110.05627435846657
1370,-89.86066514715094
1371,-24.44044949682113
1372,-69.31642389113406
1373,-55.271018738144235
1374,124.70327482751945
1375,-195.56921419776677
1376,-96.52469022567222
1377,-61.9635021307647
1378,20.94881026525377
1379,-215.71520054842074
1380,-19.364145192878013
1381,62.085694609108344
1382,218.99474045826747
1383,-30.65109229046614
1384,118.41541571906949
1385,-123.074769098248
1386,155.46754417404838
1387,-24.958727228775558
1388,100.1130774031683
1389,-164.48475600242898
1390,23.662106193163282
1391,72.94850948713102
1392,94.48711194388619
1393,233.56873472854667
1394,-40.43551920998519
1395,130.94453595026508
1396,-63.12985720249579
1397,152.22973282424215
1398,-25.104365259291328
1399,-26.267967497582262
1400,0.8180186211715039
1401,-42.267817535347305
1402,75.27532560708454
1403,-16.249200979973736
1404,-15.122168966123155
1405,136.73930579686402
1406,-25.134621236305406
1407,220.35566548902202
1408,189.17369929403912
1409,-5.489301301351773
1410,32.602322630019
1411,124.9727387781003
1412,-56.461389478742404
1413,103.11225420961905
1414,207.22521042324982
1415,-19.174040872928316
1416,-39.70297533395414
1417,-6.959685127420016
1418,-28.720104802045114
1419,-49.065091013673566
1420,191.52761686616304
1421,103.27357584471217
1422,222.49924906497841
1423,11.115404194509395
1424,145.82437139726002
1425,94.47306425478774
1426,-47.78523253186448
1427,13.43442461642627
1428,-19.449400211800963
1429,137.2501762824345
1430,114.90255251369834
1431,91.06796410040451
1432,-40.897032277597674
1433,95.263803045769
1434,70.11476562996116
1435,-29.178485683921863
1436,-47.77930932993023
1437,33.526681857640284
1438,-15.684835377520756
1439,-219.67904740280034
1440,68.57278164540213
1441,-14.877925200678419
1442,101.38522824244482
1443,-67.00588020691158
1444,79.23705556573621
1445,131.91304958702062
1446,130.58506477378555
1447,118.54551227438512
1448,112.13507706247992
1449,105.88927959098683
1450,135.27609936654488
1451,220.10606384275377
1452,-44.20227504288373
1453,104.10097666260623
1454,-45.693104376690854
1455,121.45912146309522
1456,-57.71702580338954
1457,149.7101657377047
1458,40.605468779645726
1459,174.8182698744071
1460,132.89067169718416
1461,218.023650297286
1462,167.72583536509342
1463,-63.93372814490437
1464,-33.06523208153487
1465,-40.027193238864
1466,15.511778517959982
1467,126.54954474203018
1468,-19.182556144067206
1469,20.663644264249058
1470,97.9059749097988
1471,-27.557408359100265
1472,96.53725236158121
1473,7.737677152698154
1474,154.66691415591868
1475,-259.91498620545246
1476,-76.62205362250458
1477,-63.74918198315683
1478,151.9043213069216
1479,-45.229054331258354
1480,114.296859480837
1481,-139.5282802601289
1482,-63.52958858420607
1483,213.41555942085506
1484,195.31025400356268
1485,224.18760089143348
1486,-76.0718929893503
1487,-51.35040398858254
1488,-35.46232539540455
1489,79.77409721641922
1490,-61.92581120026122
1491,174.365737069241
1492,-16.423036320294457
1493,148.8619095074657
1494,-147.19543284170555
1495,88.20775096033448
1496,-17.15745533398116
1497,-81.53747801344561
1498,-62.590638579085436
1499,152.00180148829642
1500,-56.96633210408299
1501,26.042922866978614
1502,66.0629306160113
1503,225.61304296741542
1504,-48.4471146158386
1505,-47.38590896076332
1506,202.50477641017932
1507,91.28510849929407
1508,95.68372542338149
1509,118.62318597335977
1510,146.53728806028565
1511,-41.08789229273532
1512,12.976914539806913
1513,137.97431782540087
1514,142.03257409334952
1515,-14.899905214849639
1516,-46.5918265342059
1517,60.19822107379299
1518,117.56906243677983
1519,-57.60713368128046
1520,-47.614526407694285
1521,81.10767980786947
1522,212.24062130880202
1523,80.49178940609666
1524,13.229179618945892
1525,-81.76437549786897
1526,-88.80449797557175
1527,-14.705062911245406
1528,-260.1198273267983
1529,-130.65050576165436
1530,94.52466313549719
1531,230.93230699233857
1532,2.8743367906951107
1533,126.33826558217504
1534,-54.4819824935096
1535,-40.36375854479783
1536,234.67084397450813
1537,20.273103504194665
1538,227.99383130173376
1539,162.7635031969192
1540,198.15414380378618
1541,95.15897628596004
1542,-29.740526850597206
1543,21.876334534442123
1544,129.52000772684366
1545,110.08363249310644
1546,97.17209249090573
1547,120.81469423616295
1548,167.37335232346166
1549,115.65158245256751
1550,111.70340475812992
1551,-6.587127647706737
1552,110.6861907293714
1553,224.701352741407
1554,-52.320636768507896
1555,141.1820809904142
1556,-14.77910639307646
1557,-48.75011735214177
1558,121.9674807422648
1559,-210.19572820902206
1560,-41.84802550231096
1561,235.2328598419745
1562,90.86321501754135
1563,210.1400278056939
1564,88.36935463044378
1565,85.72149293212233
1566,92.49121554024377
1567,-102.13813666407368
1568,85.13538195332093
1569,77.11193195516307
1570,-9.55722663063733
1571,-54.006900952587905
1572,56.09347971765396
1573,-47.122808114507876
1574,-33.514986330025195
1575,-93.69021950893683
1576,-61.409319679249755
1577,-2.030072393863037
1578,82.17488740950375
1579,191.41857144724793
1580,-120.3941528203523
1581,107.51802572623153
1582,216.95391745859305
1583,-101.45298874822616
1584,-39.244877925248446
1585,120.79680549326868
1586,60.88419550523159
1587,-4.064764590021397
1588,-26.50820700542468
1589,-172.3145715515999
1590,-69.85321310887653
1591,11.83764487208174
1592,58.189637424729625
1593,-105.1317916183068
1594,139.5188952819051
1595,116.2528765473596
1596,135.8070961208857
1597,-67.74513377336751
1598,134.22746128196815
1599,122.91375220356974
1600,-17.59336855123604
1601,249.13692123477233
1602,-8.376854149122195
1603,86.11712483347662
1604,-52.54273428891321
1605,108.18966743696225
1606,119.78111233809955
1607,136.680866754179
1608,129.63415870008413
1609,135.60238528820594
1610,106.90175160465287
1611,-44.75952341676154
1612,-8.221388265823975
1613,58.8625018218454
1614,-72.68898790785265
1615,103.75547333968599
1616,221.85851144499148
1617,-47.13026721318826
1618,87.011594144817
1619,-84.9484345278973
1620,148.13238669079288
1621,75.44952805081934
1622,102.22031649889057
1623,210.20470249112805
1624,-54.85004006650533
1625,-92.38956895751123
1626,131.65118861180667
1627,231.7101187113032
1628,-87.8540071419726
1629,15.020085150792085
1630,-18.98058070485783
1631,-0.7670019873352203
1632,-0.821169566548491
1633,108.35397672224295
1634,58.5097141934408
1635,45.24942089139737
1636,-2.0997378224578256
1637,-19.036577669892196
1638,65.0585530034501
1639,122.40296075481916
1640,67.8851743726334
1641,160.08187031055812
1642,225.7236769959967
1643,46.3769480230325
1644,99.32319586375756
1645,-34.64865567765993
1646,162.06835798217196
1647,-17.703374669930596
1648,164.9025887568657
1649,-300.939074328845
1650,-108.4942478088834
1651,-61.728622401561104
1652,-62.726972162603325
1653,116.2862591590552
1654,206.6278235220016
1655,128.54610867674157
1656,110.40597009319147
1657,110.33850580427925
1658,-3.991529157329203
1659,117.56279373028819
1660,-31.032356710282173
1661,112.30084035101002
1662,-96.74460637656209
1663,82.00788105598305
1664,14.57122136647638
1665,172.60407674250897
1666,102.05466637012819
1667,95.6698084666403
1668,242.67130427638597
1669,118.06882236791994
1670,139.8246458899879
1671,-60.01111940498088
1672,100.78934502375397
1673,206.61814554479963
1674,-97.53451560276082
1675,220.74978362285503
1676,118.55879896751367
1677,173.05769260310836
1678,-6.127320315005136
1679,121.75464425675811
1680,-77.20691609337776
1681,-80.68892392350574
1682,226.6023083488428
1683,156.63312137340426
1684,234.50664158924104
1685,-7.603485988564898
1686,93.71461046867891
1687,117.04448592768439
1688,-62.53606613935251
1689,-77.77521890630203
1690,7.172391837261699
1691,193.35723833172773
1692,85.42364356520574
1693,-26.54070655150447
1694,-61.07823914408989
1695,-45.53369643030919
1696,183.0473135138267
1697,72.50623587224561
1698,196.6799530549393
1699,87.32578316652689
1700,128.0240600308121
1701,98.91758864471822
1702,-236.76787867254987
1703,-5.474936189824476
1704,-31.41556778628322
1705,23.709421736072528
1706,84.92914513871946
1707,161.88841049697453
1708,222.81251856286045
1709,116.58872589676709
1710,-40.15547845806769
1711,77.83934383893958
1712,27.231961012215976
1713,138.28121643174524
1714,104.05367507177586
1715,-149.7828984948743
1716,100.26407635300303
1717,71.43491044259238
1718,103.65966822734836
1719,195.11407037609865
1720,115.11286195344694
1721,66.3626960884267
1722,210.47190050234445
1723,-56.34354642431687
1724,236.341857206217
1725,166.807639716027
1726,251.06265229851996
1727,-77.5099159781827
1728,112.75274190551752
1729,1.9768553756727272
1730,24.96639606859216
1731,119.77510025912885
1732,-33.74658309405682
1733,105.9121873423803
1734,-3.1581198760485734
1735,171.94607126598245
1736,48.94905054750123
1737,123.95788537528131
1738,-29.074962204484166
1739,152.69688771616157
1740,-15.941732737784406
1741,110.60139256877096
1742,180.6672319230571
1743,60.05108719571564
1744,118.41557136977184
1745,149.01567112204117
1746,-58.80061996233199
1747,232.76957013465613
1748,-69.25758770775315
1749,-121.20583355193884
1750,117.2344002013108
1751,145.7941302803042
1752,75.07213639474139
1753,212.33145398577417
1754,159.73022080890252
1755,72.0684324468383
1756,109.09517404137071
1757,177.6544479233148
1758,182.07281829180093
1759,18.46067393494222
1760,62.88485352692575
1761,-75.67787435657424
1762,-33.00412968632118
1763,56.37289228025182
1764,-43.730725127150855
1765,105.71708369945547
1766,-141.35984609698045
1767,133.1088044121722
1768,-43.11500169618691
1769,18.57941981001636
1770,134.91937019055686
1771,208.32674737500776
1772,-3.736536768811149
1773,3.5198646608221225
1774,211.23472301955735
1775,114.11551430957311
1776,-19.167162734822114
1777,3.8926755486718037
1778,-37.11823665418842
1779,109.57269901794366
1780,209.7084866779602
1781,134.68899397199564
1782,129.48863589850671
1783,95.54205598925577
1784,208.51248874513146
1785,-57.04565866404944
1786,238.11733029848972
1787,-38.92238700443096
1788,-31.746415193504845
1789,50.92654259619384
1790,-33.27898658688183
1791,-41.93693409367329
1792,216.2604262398882
1793,16.367461677539623
1794,-52.3948974300739
1795,189.38530664902476
1796,-41.63065614252956
1797,-65.98008424719283
1798,239.45760059359918
1799,98.66829064396879
1800,-28.033488337569622
1801,109.01097034423242
1802,21.798553475598766
1803,127.32737833274554
1804,2.9709555512270924
1805,-78.86267003484639
1806,-92.18208965265148
1807,118.43744901702058
1808,114.0735892750744
1809,121.54629848064106
1810,-8.648881989142609
1811,-159.70706107210836
1812,-92.59433661609052
1813,-7.08287064791935
1814,182.96280060268944
1815,-62.66805106239457
1816,227.71696254834347
1817,199.86805745048548
1818,-37.542015710750434
1819,144.29708958014245
1820,144.7874858920987
1821,11.868548245269722
1822,-178.35726039955847
1823,-70.09782649390507
1824,-24.154543758038784
1825,0.03657255508404944
1826,89.84332849258557
1827,122.29984027059356
1828,-34.48265504447156
1829,145.84380087937865
1830,234.90327784307644
1831,231.78949250747547
1832,74.8292019531428
1833,-1.6337216870764166
1834,73.03108546360485
1835,-45.143354449634046
1836,171.18131740142627
1837,158.73882923986434
1838,106.38293833103651
1839,-31.875903765100375
1840,-27.165327173662277
1841,67.91982281169405
1842,-61.70121265728321
1843,-207.15591772881749
1844,122.45589380235492
1845,25.340342826737427
1846,200.24078349402654
1847,200.95765592009354
1848,73.56424431472793
1849,-99.5274021102605
1850,108.50887624200868
1851,97.70129614016413
1852,-178.34905066744884
1853,132.24252875728118
1854,-7.876227364733751
1855,39.47054309520175
1856,184.90173121087645
1857,-0.2040594149590902
1858,-10.250951051158921
1859,133.63505580028985
1860,121.74226788316072
1861,137.96742954747108
1862,225.18794566090727
1863,271.3990195609298
1864,-25.373003734929355
1865,190.41313259966478
1866,-28.530402538957176
1867,105.44637310153679
1868,-124.05732338313135
1869,-69.77831245978142
1870,163.74437798571006
1871,-29.612339504857218
1872,143.4399038851079
1873,-36.7594489169028
1874,-108.1279698812244
1875,-400.3038227230745
1876,96.04677059774808
1877,-29.804193414285734
1878,124.71998105613417
1879,-176.51489529263486
1880,-23.10802930071003
1881,-16.377867305806618
1882,-97.30023596490219
1883,186.53513994839585
1884,-51.13945061176983
1885,145.49619028557916
1886,-62.484497630026084
1887,-35.31781853861581
1888,120.9572078755466
1889,-32.687412839224564
1890,-73.17420891527773
1891,24.121413656223055
1892,79.98912366817869
1893,164.08028033839645
1894,-18.342125768405268
1895,72.66003106802845
1896,-37.46287343303746
1897,-23.39176142001935
1898,-68.99885845859981
1899,-37.57456809426023
1900,-100.86171285432647
1901,-266.02363760026407
1902,137.98988139482987
1903,239.77214327352587
1904,148.98838739144898
1905,-45.148157909042396
1906,222.7116524522504
1907,231.6885958503462
1908,93.8018074823932
1909,208.264760678851
1910,140.8651647897044
1911,-19.094588366517115
1912,140.19114075243533
1913,170.1504354396273
1914,58.583211090535784
1915,105.72613279301595
1916,-63.28534719425973
1917,-46.272673947029645
1918,107.35649347623642
1919,-56.75804119684956
1920,137.1628394899361
1921,-17.330413942282846
1922,119.4158355170403
1923,130.72645928086243
1924,84.10879363140134
1925,126.87048750277533
1926,18.489565393274844
1927,187.8581132984474
1928,102.59626767983976
1929,108.91945138489847
1930,-34.89838029576781
1931,-36.368580975706664
1932,161.7865006692996
1933,90.59332362775159
1934,-119.66271852383997
1935,-59.487796301451624
1936,190.09474031941255
1937,-10.435135142033914
1938,96.35912035870172
1939,150.97189461548075
1940,151.8895302076539
1941,-51.307828812649376
1942,179.952999384912
1943,196.51043014087668
1944,183.46313135046347
1945,105.20928836158403
1946,178.67675164662143
1947,106.62175873466775
1948,204.0340231403256
1949,136.0846792675878
1950,147.31694331903412
1951,-47.10488335692446
1952,-18.83220305573596
1953,-10.091371639427493
1954,-285.868225385969
1955,195.99025955627224
1956,-77.96857167436367
1957,102.25913558264202
1958,125.81992743861434
1959,-33.38812263617132
1960,14.296860115146401
1961,136.32725816308715
1962,109.3561115345725
1963,192.76730325347376
1964,-46.99187576205774
1965,9.598993066147798
1966,215.5472507103348
1967,103.73289715760592
1968,-10.469227174617032
1969,-208.90564477975934
1970,-38.04148712259919
1971,-71.98113999798208
1972,-52.062279222061306
1973,84.4594688486018
1974,152.87582054893772
1975,206.84644502768853
1976,124.71055241515073
1977,-43.17165295202311
1978,87.39858825368174
1979,142.45950713330032
1980,216.64642258779764
1981,-64.19141949668897
1982,108.23852594820168
1983,-132.26252811904706
1984,146.49995526252076
1985,-72.28712646028319
1986,-26.70386909413689
1987,-31.203978287127086
1988,151.4099365186112
1989,133.77982817422952
1990,135.19769872660913
1991,-1.9563146510446217
1992,125.40040770701768
1993,162.32432176362852
1994,126.56639763484449
1995,117.88486697771957
1996,-0.7162612711065464
1997,-38.18503022593272
1998,-42.43826332740605
1999,-256.2692736870557
2000,-53.06347920287737
2001,-255.72381658027422
2002,-45.098125268822855
2003,201.58472547948276
2004,132.81065521035688
2005,115.55131268700009
2006,97.84261487793574
2007,104.78426425959816
2008,101.6833776739034
2009,-47.301537527208396
2010,-27.53236246721481
2011,108.85026401673835
2012,-19.194597127415093
2013,-27.36375975892011
2014,153.66959568068896
2015,75.66019223950484
2016,-25.3821346116912
2017,4.632580360549554
2018,-23.239816970518675
2019,-38.64611460038323
2020,125.22092759716205
2021,-241.49731698664584
2022,175.54981061457383
2023,-59.03193866198217
2024,-12.288181957518177
2025,110.1832805474067
2026,-27.016243356051618
2027,-26.339154194045122
2028,-59.52426781125888
2029,-123.40054881682478
2030,-47.50091121415639
2031,-13.703001566685955
2032,8.040162616584254
2033,148.78050102241207
2034,-34.90694520463336
2035,-27.47716240322758
2036,160.5768346624326
2037,174.94390762592573
2038,47.82042192305923
2039,-162.1113128619789
2040,-84.70603316518292
2041,145.1864122189542
2042,113.15177746260541
2043,122.57706670998938
2044,-74.08949752628725
2045,14.65659774555818
2046,-109.08179303413428
2047,-45.79640060002782
2048,-79.81363802276039
2049,-20.47110184418885
2050,-15.665717600228547
2051,-187.07031492441874
2052,-1.8128494540620466
2053,146.58661491376424
2054,218.01465187579055
2055,153.11903010989914
2056,-74.65624682182803
2057,-23.94944324842514
2058,92.81254308400224
2059,-28.302384151309823
2060,102.92495489781801
2061,-131.47594270916426
2062,-34.77175459523326
2063,171.9229280230989
2064,39.64901884766434
2065,72.25681301914376
2066,-70.9015068777706
2067,171.8704455380816
2068,157.13772975938156
2069,222.6637212247516
2070,102.44321458148892
2071,10.724881887330795
2072,-52.038385607322994
2073,111.25182582278178
2074,-16.07429311418356
2075,90.89542843626047
2076,-47.19055857822275
2077,137.93053089136907
2078,3.9890011110413326
2079,119.01556676981518
2080,-34.307049136531745
2081,141.26801284962175
2082,-65.68397781964055
2083,-46.58037009503953
2084,110.45020856702902
2085,-34.338439693796474
2086,-27.248622129690574
2087,127.35651371125984
2088,209.13854821404112
2089,-70.21917699517124
2090,192.78577007583655
2091,-20.335507030410255
2092,238.142882292001
2093,190.2728929662975
2094,-212.10624665416952
2095,43.571190019800795
2096,-64.07809432726141
2097,-6.459028106864267
2098,143.32510674301813
2099,199.48640613857646
2100,220.99519826470913
2101,171.15904344185262
2102,247.88414628182457
2103,23.49609073619557
2104,-59.21766698195094
2105,-118.37544413323047
2106,37.65564035423584
2107,-17.37300979497205
2108,-32.1296667737783
2109,-212.66595527326643
2110,34.98270760737887
2111,135.26855765168244
2112,-115.31636257077865
2113,6.088075915750997
2114,-74.06231229022103
2115,-263.89911437497847
2116,-12.265712372358209
2117,-19.35207982388897
2118,-41.59287634737136
2119,89.51046228376671
2120,125.95454480976281
2121,124.22177803278255
2122,-30.244237793356774
2123,-33.321624791792345
2124,245.98639764722444
2125,-25.362317233397974
2126,200.11949968058082
2127,306.4660667958922
2128,84.40342391569986
2129,-194.00362823223796
2130,105.36414482424709
2131,-35.24125207327515
2132,103.80599009712184
2133,-46.44056638559576
2134,146.99126514888968
2135,255.74017895011337
2136,91.8232205235123
2137,137.75914403304475
2138,1.2688058593667648
2139,108.17187228920254
2140,56.88424544036725
2141,141.5130141887968
2142,-15.437353190885105
2143,90.94737541073252
2144,76.17458268958745
2145,-29.09461644141757
2146,214.241065305598
2147,-270.93421703880654
2148,220.17140188601047
2149,163.012281753306
2150,193.53648085451988
2151,18.037104171028684
2152,105.98371238015156
2153,65.98557038608665
2154,82.5826134039402
2155,64.26467368708295
2156,-21.515511259010125
2157,139.55705523430933
2158,150.04204990253362
2159,116.03169733948891
2160,-207.0241293091159
2161,205.16635521864484
2162,213.55377674193846
2163,47.196064611493505
2164,199.5197704766469
2165,250.40589046747368
2166,137.89198574070187
2167,194.82330961561877
2168,141.1454271322023
2169,123.76731205927038
2170,143.51518179254032
2171,-107.35249933386378
2172,212.88326331204908
2173,120.24894104141201
2174,264.9746706512085
2175,231.00585460665923
2176,192.71717783675635
2177,262.54521339860855
2178,157.99500965389547
2179,-99.43171150163825
2180,174.6689502031002
2181,120.11315314895002
2182,101.94866179642719
2183,-54.97360759071694
2184,-77.86297069361599
2185,-47.50797146004187
2186,7.554026150997018
2187,6.694389070731702
2188,-71.98048546953774
2189,144.821359983311
2190,209.06647764039394
2191,-36.80522855041811
2192,-96.97596248878465
2193,109.1206497108789
2194,105.67431630418682
2195,-32.53479690685893
2196,132.62993293187
2197,76.64751104381693
2198,0.7100785515362276
2199,105.33508867060142
2200,-41.965298782587155
2201,-40.50657654369206
2202,-72.07868045831374
2203,57.04450706866446
2204,137.38266480554537
2205,-26.34868036874869
2206,-63.47623683248918
2207,273.38541331515495
2208,-172.5861235394122
2209,201.25177604310431
2210,-19.98410481120507
2211,140.82006914687534
2212,100.20445627238394
2213,236.1944430664421
2214,243.5890815268846
2215,180.78816348388827
2216,220.8763504752857
2217,-78.89066923117028
2218,-78.55917859307901
2219,-31.38691418333309
2220,-66.97050855557504
2221,27.03761629926138
2222,17.39962670994008
2223,105.78319365926023
2224,240.52930696205806
2225,175.83501327707725
2226,-49.6541210574039
2227,140.08459804472977
2228,99.73099315371
2229,202.71306587746128
2230,-26.332117415307295
2231,4.430763542174162
2232,175.6325634675142
2233,-71.7530827079222
2234,23.73791828502077
2235,-66.79961504978976
2236,-43.7325874128577
2237,0.16659719652653848
2238,207.67476049889004
2239,178.47795385150437
2240,2.9399313329968777
2241,192.64220459019347
2242,148.94238765890026
2243,-36.76313005302232
2244,162.48346718308872
2245,79.9311794314877
2246,161.28350873887243
2247,54.981828724914145
2248,231.15301097750458
2249,122.64529903428567
2250,-20.67057945357297
2251,22.75468585984642
2252,-1.5972380886429107
2253,-12.669892498328892
2254,94.33513464152425
2255,180.4472185524516
2256,133.54979646625603
2257,-20.300593767086923
2258,242.29665887023475
2259,-57.389341638514026
2260,-6.249420874107443
2261,230.43215549693403
2262,-198.66910248864212
2263,-42.705037324296285
2264,211.9149460547527
2265,190.65141291464664
2266,113.81274579332553
2267,-52.67202694039065
2268,119.6543919903497
2269,226.92630272836604
2270,-52.69546936278245
2271,249.68340448501584
2272,-31.39100054657915
2273,254.66737840339826
2274,127.26641058776225
2275,132.97961301243467
2276,-27.62362069724186
2277,246.84205594556713
2278,0.09666567344082466
2279,229.92529185462112
2280,-59.88824748065428
2281,-39.036358638770935
2282,117.92726903285123
2283,2.6559871828159913
2284,-46.44032684899069
2285,-19.564233591530353
2286,-364.4442726177289
2287,106.3255104697784
2288,255.73437755698714
2289,110.9288920693252
2290,12.10155026749807
2291,86.53429183729091
2292,-75.92103609727475
2293,-1.158931658377682
2294,259.4808778461137
2295,-124.18974163210154
2296,121.74618856039218
2297,-42.33957068686259
2298,241.68127425564333
2299,-20.466727566495706
2300,88.85068235041341
2301,38.41060098616882
2302,135.92513314265815
2303,-79.15477606752341
2304,251.16750489633168
2305,238.80409833938478
2306,84.62350608166014
2307,60.48380673064436
2308,214.6534463003988
2309,150.03426833347885
2310,24.2513057489398
2311,-21.150905612601335
2312,108.00132483187646
2313,-50.28437382903816
2314,-30.038665351789646
2315,-39.07209282711517
2316,-12.86877510450472
2317,-52.04889242061833
2318,74.93077398028964
2319,-121.18820562936062
2320,-31.261554710551664
2321,-159.4626978158858
2322,80.46146071161091
2323,171.52041999475006
2324,86.58974374502166
2325,-12.248265700615718
2326,-33.63731699281672
2327,20.391124503560732
2328,-67.89028031797888
2329,-45.1629323806184
2330,-22.623064918465417
2331,-47.6286124651804
2332,-13.13181465493902
2333,7.55412946193043
2334,211.70208965691253
2335,-29.056133873534876
2336,-42.6718136840157
2337,-75.5091876600491
2338,-70.4227492998185
2339,102.29334812514267
2340,-51.19672023042135
2341,-8.107447266143893
2342,245.06636300518912
2343,115.18823742056554
2344,119.4416553000897
2345,211.3939012652859
2346,148.7319866963865
2347,-97.25584629717437
2348,-26.52421834596953
2349,6.368950730001103
2350,168.92979116635894
2351,83.17235242478961
2352,-73.4878282461246
2353,81.29265674597032
2354,-68.73199021998222
2355,-25.971961237135318
2356,16.685733306086675
2357,71.58053952728395
2358,243.1811374490278
2359,153.39003700863404
2360,-13.241856743279001
2361,172.4958772004021
2362,-17.198741546819264
2363,-39.09298975166327
2364,-5.207965527879466
2365,-48.85939392663238
2366,195.8132644406638
2367,-27.906112789054518
2368,97.23934536909759
2369,182.66999132956312
2370,224.62846150907293
2371,-62.928872698336704
2372,12.749304895423464
2373,223.37625600042162
2374,145.44975558463517
2375,191.33622143640633
2376,-86.75273184987685
2377,189.56249112626205
2378,180.94810415180558
2379,121.41114254696775
2380,-56.91391158051168
2381,132.6813309152873
2382,226.23777952738072
2383,150.5670983805906
2384,-168.73383291301022
2385,-17.331511076184228
2386,180.3180667228638
2387,176.9840607517966
2388,142.13352341677984
2389,216.9400764798937
2390,45.935899960129774
2391,-14.134640674955605
2392,-32.60525039621503
2393,108.40369957875062
2394,239.22744024449028
2395,-57.62569976401048
2396,229.93793920511783
2397,-33.55999723364262
2398,127.05457541099057
2399,121.7204349596548
2400,-22.195501853883954
2401,99.64768154775157
2402,4.477032627946272
2403,161.71003423493542
2404,235.6361067054993
2405,26.118580660390805
2406,221.13529103617805
2407,153.424805453866
2408,206.72661643947526
2409,118.26459852761792
2410,208.1587924115978
2411,-13.83603083162619
2412,135.66629633042075
2413,220.63611034702933
2414,46.779070800662936
2415,108.88131080969896
2416,197.11095921953975
2417,-28.94079719586405
2418,107.443633579549
2419,125.5067593164471
2420,-31.134963286198214
2421,-5.564052920432033
2422,146.68332795916018
2423,187.03729474979463
2424,176.69727592103658
2425,219.62828720729996
2426,277.3883774558759
2427,193.37101750691528
2428,-14.97653990230613
2429,257.79948587627143
2430,174.33262951438107
2431,153.0688230937022
2432,252.34188544314867
2433,257.95311790721524
2434,-15.951953348738598
2435,190.68318316431174
2436,114.39631282920966
2437,-20.962334510428988
2438,-25.02827124308527
2439,202.18993942799312
2440,198.1584259400109
2441,192.15089926564042
2442,284.02716800692434
2443,-35.20556022096173
2444,100.84662002760217
2445,270.08255474373095
2446,123.4253501878422
2447,135.20126883040516
2448,-21.214979494841074
2449,20.157723995498817
2450,70.45731578832397
2451,150.37080924502163
2452,81.29814173105513
2453,123.4120477774994
2454,-80.55110343310044
2455,21.787862002471797
2456,224.6138585362003
2457,-33.77870189291889
2458,184.4079996752577
2459,-35.57547660587339
2460,2.905653513088353
2461,61.40651000949265
2462,75.80676191041962
2463,-61.185398920323365
2464,234.27758180803968
2465,-72.67711292951061
2466,80.62606526327004
2467,259.0983560344059
2468,248.57985277810207
2469,32.08387949729689
2470,-125.47759044657388
2471,-41.209698012955386
2472,260.37226567617904
2473,68.00099307943148
2474,95.43752803111003
2475,-23.590907402290867
2476,185.30553668515648
2477,192.58201400744485
2478,-224.81283203149343
2479,208.58971558298532
2480,250.98653060876836
2481,-230.60713154541781
2482,266.1700198246949
2483,141.73138876844533
2484,152.243792995079
2485,252.03424415320583
2486,-27.53417069763732
2487,-5.928881789614451
2488,44.664725262006925
2489,165.84872722982382
2490,160.1980086871863
2491,197.34959557893325
2492,235.02100114134066
2493,249.10021453115502
2494,70.2256022285286
2495,-3.7481560932099853
2496,-81.84534635091656
2497,-30.732719401487614
2498,41.05288171812025
2499,-10.889571023138402
2500,3.4090947687695916
2501,225.75305069865422
2502,0.08942844930977856
2503,294.3002644902567
2504,-15.718897670840732
2505,29.45040301503164
2506,249.81763089981325
2507,213.0471899349368
2508,89.59671294325435
2509,151.5798022724456
2510,-16.733686903842028
2511,127.77872298894341
2512,221.79074080017082
2513,112.15588249050026
2514,227.25462842547597
2515,-2.0738960398785053
2516,161.08745006244908
2517,127.40217229595282
2518,37.19318341778898
2519,105.83388284019199
2520,189.27239267274447
2521,-140.33287411073508
2522,29.758160029016935
2523,134.01529127399513
2524,-59.49074239354188
2525,270.86538467642913
2526,-152.22273586173623
2527,275.29916981585296
2528,132.6779914086859
2529,-250.50110660329656
2530,125.24102563283809
2531,182.3222194870641
2532,92.29646216625592
2533,-266.1985343549047
2534,-12.142011786532777
2535,16.5036536613336
2536,188.62022837584243
2537,53.35918780721833
2538,129.82010760198315
2539,-99.86223889760467
2540,-200.49225553724986
2541,-96.7566849564797
2542,199.29196662664754
2543,-0.29042731501772323
2544,87.64403226367601
2545,244.14855538751044
2546,-45.65562379248726
2547,67.00966545747478
2548,65.17756437847976
2549,200.49661754357817
2550,182.42451639416365
2551,-221.60306634077267
2552,238.4611903466133
2553,29.79188753240453
2554,-51.07360116254798
2555,94.89429953384388
2556,-22.045996118686617
2557,-66.71593847832042
2558,21.227887420100345
2559,230.31365191315913
2560,-19.60951939905179
2561,230.16032079327576
2562,150.88198266390472
2563,-26.396222149243286
2564,88.01837031753024
2565,177.08817612827966
2566,142.90242940268948
2567,-17.14945607425581
2568,161.63377818952202
2569,235.87384232681092
2570,-93.77051621290317
2571,-32.21488231147153
2572,90.77718295425342
2573,107.18632656229067
2574,0.8684482561471043
2575,-31.837861163565705
2576,116.34837617636686
2577,129.03226105294996
2578,255.76990972311359
2579,-78.78604795462654
2580,89.73230663156494
2581,-31.02522792530094
2582,106.05944570329919
2583,251.54895095544228
2584,-62.325732787653564
2585,120.57049403679855
2586,23.408026448935694
2587,158.3217197650686
2588,143.35404605817072
2589,18.70357446270414
2590,75.08972954573947
2591,213.8420497586073
2592,40.80888901147404
2593,35.68763476867977
2594,115.2030190335241
2595,154.39448001231818
2596,193.32827644358278
2597,73.89590624315602
2598,121.63727964964059
2599,2.7495519865366447
2600,3.937028154574705
2601,279.6780616315317
2602,223.64592756566506
2603,60.86965034083452
2604,6.761204504058802
2605,131.38680045947777
2606,34.253895359228906
2607,45.04649181782479
2608,118.21654790239185
2609,78.5780120560517
2610,199.37601063398262
2611,124.87842198626946
2612,-108.2247089406039
2613,268.09693020401534
2614,15.673129981171613
2615,-176.23405443216825
2616,-19.34776736565729
2617,13.477631706441372
2618,-32.502688448470764
2619,-23.99801472424828
2620,105.65573519589762
2621,182.47337961082312
2622,152.67583639741775
2623,114.71694959687014
2624,-143.7192623469266
2625,-227.15157104889153
2626,223.4802541907561
2627,-40.89869959548386
2628,-224.7378905400723
2629,178.12649124034357
2630,162.82884648899216
2631,-4.676810795955674
2632,248.37014755975116
2633,254.393761502262
2634,283.71311733681057
2635,-68.82584109863825
2636,-53.24060688733704
2637,132.59315750718847
2638,-47.22324143427444
2639,-47.057653179388595
2640,107.84799646121004
2641,112.92826524835814
2642,-29.562748056744212
2643,33.777234636626346
2644,17.48880340069094
2645,218.8076657617329
2646,-132.92813112354023
2647,274.52595850604973
2648,84.21196429374461
2649,204.01761888454297
2650,116.5471582260213
2651,116.90123355564164
2652,53.43650907957377
2653,113.52659787408854
2654,221.61189067481735
2655,110.63226835340976
2656,-10.887589212710466
2657,196.63069167431394
2658,-195.1436700576619
2659,80.03631604704405
2660,-60.60092095431638
2661,223.3987173091592
2662,219.05761001403584
2663,-15.490155892454766
2664,80.00818490358621
2665,-16.01060999407082
2666,32.521274165002694
2667,97.04259534153778
2668,88.89053560305204
2669,-99.61909268363944
2670,-70.24455051021432
2671,-131.81110143267722
2672,81.49802988252137
2673,160.4924506765825
2674,-36.220443562145526
2675,-66.56326797059806
2676,194.32423247803118
2677,100.12839593113448
2678,-9.586298149386934
2679,201.2698700874921
2680,209.20558865925852
2681,-68.65656426244112
2682,42.95197611650907
2683,256.1448420304033
2684,250.3168600012599
2685,156.9951302964761
2686,-0.026367575806801824
2687,-1.7483593310659984
2688,-29.54216873833323
2689,180.703949584905
2690,-3.488402666749522
2691,-42.66474567649084
2692,-142.961817689986
2693,254.43727675320292
2694,183.14111544932095
2695,153.64670694439644
2696,139.71120687697146
2697,-16.25480073045729
2698,-70.74776776005173
2699,126.03784341203067
2700,99.65542948623809
2701,-50.715012918679136
2702,-3.773365476351117
2703,127.36631465161764
2704,90.04562744846424
2705,-42.734564214675956
2706,-98.68568735684356
2707,116.45426567695372
2708,-23.46157642533916
2709,-1.817402592813906
2710,150.8477244086153
2711,-30.348418206773147
2712,219.73467605255425
2713,240.88403133212913
2714,223.46959687187785
2715,-6.904616591019348
2716,-178.64397836435748
2717,75.19474054716405
2718,126.79534017002828
2719,201.45816012859547
2720,133.9413733214619
2721,204.897271011994
2722,250.87049860865602
2723,78.87942549685991
2724,21.244271508407508
2725,-37.716251852153704
2726,164.15507707939872
2727,242.12212011564415
2728,-108.86011979241749
2729,126.81685953198523
2730,-228.60867625989067
2731,-177.19870622593655
2732,-24.27226564551475
2733,58.197585617796264
2734,1.923719001064697
2735,226.76269690013504
2736,86.3854518184242
2737,55.16578913404523
2738,196.83391486385818
2739,222.85949918029934
2740,69.01433809434843
2741,-31.320115832484063
2742,138.20655617687385
2743,135.93641575844214
2744,132.231028883538
2745,224.6782542040003
2746,213.00927881468738
2747,3.4149152108424516
2748,48.29963869085144
2749,132.56109685888333
2750,39.709643628586065
2751,245.4744794542484
2752,147.49152097158984
2753,-82.43773316848686
2754,251.19485491804747
2755,137.6093803968588
2756,229.33853609635636
2757,-46.94368992111765
2758,-40.80876963963392
2759,-24.60040129209294
2760,128.34067923975277
2761,-80.6490205888596
2762,-52.90901018447758
2763,168.16831923659367
2764,217.57930691484103
2765,204.0361781967079
2766,106.23152269346409
2767,209.6763514403311
2768,105.23188795840328
2769,122.64350642658962
2770,74.995987689761
2771,-23.788398091800445
2772,238.76295609559247
2773,-48.47015115915582
2774,23.55725568496132
2775,214.4334928933137
2776,-59.666227726624115
2777,-18.171913477163656
2778,95.96248137760242
2779,161.67542627164428
2780,-5.262202170460029
2781,178.32086615083935
2782,6.1368524203853525
2783,288.3836756821541
2784,202.76218709004226
2785,1.1298535005285117
2786,261.79299491301674
2787,-95.25645020596671
2788,-34.4829537480023
2789,-36.966382463708484
2790,138.74067017726364
2791,8.012174834623504
2792,127.16962795705982
2793,113.10980854250856
2794,112.59233832463241
2795,17.79464426877265
2796,218.31090838804903
2797,179.97161775945247
2798,127.67840879445902
2799,120.73658269045688
2800,-209.24844065068655
2801,-218.92677412056435
2802,-117.96261353345785
2803,67.75480330136489
2804,6.913652922640196
2805,237.8214878774784
2806,132.81705589788015
2807,-89.16689094493265
2808,-109.99551096143988
2809,168.86579902719478
2810,124.94684757678803
2811,-29.366584453020877
2812,138.49737667721826
2813,28.277171414371736
2814,96.7034052867841
2815,-88.59078166022599
2816,-29.284978805899584
2817,-24.346075907212608
2818,-41.51844260786653
2819,196.2202562771576
2820,235.1576045319219
2821,-82.2908029747916
2822,-128.0833401724451
2823,-15.686310072868565
2824,261.4312497704079
2825,-40.07600818365665
2826,-53.52078768822629
2827,-58.31655228139671
2828,-5.0921048534567035
2829,90.76212077882381
2830,71.04741726268117
2831,93.85619929223418
2832,-56.375466786052314
2833,-42.00379268591101
2834,245.62204115829152
2835,62.812919440199465
2836,157.98956474167926
2837,243.02345659578245
2838,-149.7625010717669
2839,212.6214537991823
2840,201.82757469137056
2841,241.84566408007976
2842,19.24116769125743
2843,130.32800699351068
2844,-54.0648379421861
2845,179.69669109812745
2846,118.93548264507352
2847,-58.55689547244879
2848,83.57023958687074
2849,153.6000541078733
2850,71.44826670716725
2851,88.16101413991659
2852,6.0200002283674365
2853,88.02057700605582
2854,62.38335086395335
2855,52.10565050111269
2856,131.03321568251658
2857,115.87134165776041
2858,75.80926232821149
2859,-60.79059795722772
2860,187.93683671028253
2861,-145.89533851806766
2862,162.77677038552287
2863,55.735282638063126
2864,46.851733169819
2865,100.95351594189333
2866,-22.306640361178765
2867,106.175845673117
2868,99.85642325400524
2869,240.75767322885937
2870,213.50657708509496
2871,-98.83542116874997
2872,-32.275687852289536
2873,172.09228385702784
2874,141.76448636301927
2875,255.26054001433891
2876,-50.188590860573925
2877,97.59664618294383
2878,-6.235152854012739
2879,-100.9050937786476
2880,152.41503650601217
2881,13.605479801793322
2882,89.24152360429812
2883,40.23140725867515
2884,-40.7077810720818
2885,128.95772851461595
2886,-37.99207918469344
2887,177.1481530361924
2888,146.28396213251392
2889,58.414025928078914
2890,239.8280154542731
2891,192.94087404027113
2892,188.25690789103044
2893,-100.43955590670274
2894,169.39935856675442
2895,182.2058110538813
2896,226.67841363295238
2897,212.9200110175056
2898,33.961420251998106
2899,132.80360547937295
2900,3.8998841546245018
2901,242.4136772814315
2902,102.19101670019634
2903,172.34063270767325
2904,114.22840173208205
2905,-34.21569795380874
2906,5.537596440462863
2907,-17.70982729851694
2908,138.81430088397394
2909,-18.354953278491863
2910,-32.465172606704215
2911,165.5750544990209
2912,142.9381360684091
2913,92.67336827995149
2914,-41.859194888827844
2915,179.3363696490112
2916,1.8167077591633074
2917,236.99513155815865
2918,-15.432251689639742
2919,-13.10274849159137
2920,97.82623543937652
2921,204.67493402373606
2922,-32.81321423406919
2923,247.03422707599285
2924,149.58614641476015
2925,227.52554602473742
2926,98.0487405995864
2927,-47.48865743952068
2928,77.23481535263481
2929,72.8045270768184
2930,82.2400172125384
2931,186.9579379234965
2932,69.49796294357353
2933,204.37810664341106
2934,-23.95882129728983
2935,-16.330035655390972
2936,235.6907832776443
2937,96.52690184719188
2938,192.33620506280386
2939,5.322965522000658
2940,145.43941788165367
2941,76.46069817294976
2942,232.463417418388
2943,186.15702114269737
2944,-40.31456536092824
2945,111.48222683534064
2946,91.53973236058752
2947,96.95557429022458
2948,179.12090241483372
2949,-146.84205852275824
2950,79.40284917955589
2951,65.7686874458811
2952,171.65769848269878
2953,-9.369375294752317
2954,199.08797067207232
2955,218.4635124375306
2956,-22.138825828361988
2957,-1.7457637355624485
2958,90.31521940447537
2959,234.5463698001397
2960,110.9573837865386
2961,-53.40644380714653
2962,71.88862478325672
2963,28.59298183084877
2964,-3.664928739814087
2965,137.68222171798163
2966,215.34304312409535
2967,-97.79064541449041
2968,160.1441589320238
2969,148.91225520319603
2970,126.94220282054691
2971,-49.03025142306302
2972,88.99653572947962
2973,-110.40211259646843
2974,166.0851122707517
2975,86.24127771489584
2976,251.20924316895542
2977,-85.76969517863262
2978,76.33820597251645
2979,104.30794884562752
2980,-70.96447269456866
2981,-95.25261562071147
2982,67.11027826297729
2983,148.21265326598632
2984,135.48904616141957
2985,-60.252842976318036
2986,104.2708915416343
2987,165.12819854467187
2988,256.6145767559035
2989,192.30127979758993
2990,196.4949059817722
2991,-12.913971890635622
2992,-36.015793994254565
2993,261.348203294574
2994,-7.464356347391103
2995,79.74280690611762
2996,-21.36774708471708
2997,265.90751415399427
2998,89.32856996802809
2999,-226.11653142861132
3000,40.78170067108431
3001,89.86481917346119
3002,-1.4838129468601977
3003,-43.723139561736986
3004,-8.278454783761191
3005,118.29454189513487
3006,255.10552200945853
3007,272.6306458418903
3008,228.1706640019114
3009,51.028510352921366
3010,-63.555359544414586
3011,128.9988583074476
3012,128.81259627819313
3013,199.37799892776047
3014,69.9267853511937
3015,232.49110347908425
3016,271.51004114245194
3017,106.28421612023828
3018,30.029552088229664
3019,125.27770537680955
3020,284.9073367188784
3021,-236.17405166076003
3022,-123.32715534801702
3023,14.406086771671937
3024,218.60700192137887
3025,151.42137455322222
3026,167.55001415255845
3027,78.27460514399557
3028,104.46817337241518
3029,-91.98831997096738
3030,204.64454874035636
3031,96.11125259780697
3032,140.46435223088577
3033,-96.93915381187524
3034,70.87988363753078
3035,-95.24740324074341
3036,151.54938845890754
3037,125.07172209222895
3038,173.5669538353057
3039,125.32006965904904
3040,39.34198456546887
3041,161.7870592417702
3042,103.35220838619361
3043,-36.449312984948016
3044,52.78002747990776
3045,229.51980876257937
3046,232.23434230203623
3047,124.6059656322939
3048,42.0508849795923
3049,-45.66947188723849
3050,86.27960195611095
3051,60.0976145876979
3052,174.21444772660564
3053,164.59703004813804
3054,4.933867429218168
3055,158.23464426786182
3056,210.80032181497114
3057,276.53281700642515
3058,114.36883288298554
3059,13.535669022085145
3060,205.50340353669475
3061,148.41627176172705
3062,130.0164232186618
3063,-103.21581060682358
3064,133.73792973532997
3065,209.71718152347512
3066,-71.35823593800774
3067,-23.308263148014888
3068,-141.4460064522255
3069,197.8236372713099
3070,102.34740789014542
3071,-5.822674036198208
3072,-23.795473034370687
3073,241.44197269686825
3074,229.23636248280462
3075,-84.04344994794161
3076,45.65821416995614
3077,183.76369512872532
3078,67.98701506427619
3079,161.8202415751838
3080,108.75144808738122
3081,220.55705735427432
3082,-12.385947573954098
3083,230.65475939762158
3084,106.52012575460842
3085,-44.07333456735071
3086,126.2060489513824
3087,-166.35899888007074
3088,-68.72119400095795
3089,232.0801582898333
3090,-30.25570463521329
3091,249.3260048966913
3092,278.6140786935568
3093,219.39042200850787
3094,-34.550777122966835
3095,-69.01203796381209
3096,-31.32238897716239
3097,293.2692177470932
3098,108.82989622029945
3099,53.046199942819925
3100,110.53264615602225
3101,135.96556280950438
3102,-4.716830711284558
3103,103.61850457631465
3104,120.43604772020018
3105,-39.62465611619942
3106,190.07639377581262
3107,192.54761234055462
3108,-13.58480703928872
3109,2.953489268648397
3110,140.05777511466724
3111,85.61795477851129
3112,78.15599338633352
3113,143.74120675260772
3114,-127.13961330311288
3115,166.61986094917143
3116,-68.80287388064002
3117,89.87037269121414
3118,-30.554586089744546
3119,91.40217434841722
3120,85.04438473660622
3121,-56.493114451304535
3122,-3.150573054072339
3123,221.42374505526996
3124,195.47521911326686
3125,-61.31130007922657
3126,102.69129054402437
3127,227.4879715226588
3128,-74.76806152661867
3129,180.72469176442652
3130,106.60782333661966
3131,200.1355457858242
3132,6.97314614298412
3133,96.50360316523974
3134,146.34629866632577
3135,-13.72903356224623
3136,97.53181491943
3137,-14.812895761395794
3138,-126.22164272818249
3139,-0.9686283192003202
3140,68.7006370890741
3141,100.99198180816698
3142,134.35445568069778
3143,-115.42673089883107
3144,4.061367450723978
3145,256.67526202697
3146,-38.984903216091666
3147,-37.14436746203552
3148,161.71947355015345
3149,126.18949755309163
3150,-33.569681052486644
3151,-80.71024301591453
3152,126.41522766607739
3153,123.63319114054886
3154,117.7030177233115
3155,-88.48658222667373
3156,154.98133171899565
3157,20.193014975197983
3158,-0.3371799277565941
3159,185.3116917718229
3160,85.9029136015991
3161,7.089064205733493
3162,-17.78990125130916
3163,-64.05947894514652
3164,137.21658322123275
3165,159.9718275633714
3166,-42.80756789147825
3167,46.80900877435147
3168,66.62186221574345
3169,-149.76451671773438
3170,233.99768136184096
3171,-124.61875543758859
3172,114.04071576164952
3173,239.74016591272698
3174,-156.9771345493005
3175,-99.41140533368876
3176,136.02342668418117
3177,214.40822969187147
3178,210.17504860378943
3179,23.378956086011968
3180,217.27039170172142
3181,129.2952380767759
3182,-23.575511768335275
3183,246.02253013303405
3184,-6.889857700965933
3185,31.975090051001914
3186,136.3121418792473
3187,-20.077815360393686
3188,-21.741193720895552
3189,-33.792663819592974
3190,-5.110835983083135
3191,240.31821279861663
3192,96.3061677533615
3193,9.998956628787937
3194,206.68798120947162
3195,-86.65782495729916
3196,-136.3803969730132
3197,100.03801559845351
3198,115.30298323363155
3199,9.51290745827059
3200,-44.23715478336197
3201,-28.92224262634717
3202,-11.969613286037756
3203,-28.391908353121863
3204,169.0879829664771
3205,187.5637811609203
3206,132.32801133443928
3207,91.28509326799282
3208,114.87710834175616
3209,-197.59158127179901
3210,13.656896268733163
3211,162.3912360135188
3212,-35.04233938914106
3213,-179.97325886904423
3214,201.43542799090793
3215,183.11219219060217
3216,200.28450882517222
3217,168.51212294959805
3218,-11.281888599204024
3219,111.45719788344984
3220,132.84978369267066
3221,279.91272125022283
3222,-136.36119975250642
3223,109.82046150942057
3224,181.69098398428412
3225,66.95940904192594
3226,182.30785145865846
3227,43.7476098254426
3228,-37.22890725284077
3229,187.13197171860145
3230,13.239023892799281
3231,221.1686368426082
3232,139.63950369819344
3233,162.9113264133048
3234,-118.03369244614058
3235,98.05939781467272
3236,-102.89991579280206
3237,-48.56983564860519
3238,255.35637553494394
3239,109.44862597742839
3240,-20.11713959843982
3241,202.59911860042928
3242,85.76161407046727
3243,-3.06480830696502
3244,197.99097169394068
3245,-184.30658829477179
3246,-160.88822496524614
3247,-24.834403628083294
3248,210.9265429529579
3249,93.3817407880425
3250,225.61975675758708
3251,-155.52942866492072
3252,157.60246160558745
3253,146.69278625122962
3254,107.71768967797509
3255,135.6611631574835
3256,167.67265446509677
3257,211.05744531464057
3258,-20.356117179312776
3259,26.497808115920165
3260,245.54269163977486
3261,175.40991910734516
3262,-33.86026412011168
3263,19.035303815092455
3264,-108.04354511977209
3265,164.05814111924872
3266,180.92665949970598
3267,114.02011852795367
3268,98.37954512104639
3269,8.042703350182236
3270,66.49144780976026
3271,133.0231838635385
3272,-21.434772013737742
3273,94.42528804971174
3274,-45.80871419068822
3275,94.7111551665966
3276,-214.1877959062143
3277,39.05815899605207
3278,109.56271740740621
3279,82.01451083973654
3280,118.87022705791402
3281,82.76189031349034
3282,-186.34064463267566
3283,-22.636304076859616
3284,-26.804528228210287
3285,-29.41406513428342
3286,157.97319438526398
3287,2.6195281810434636
3288,137.61969409851383
3289,262.3743712806068
3290,-13.165109110476891
3291,-34.27947904457642
3292,122.98281838202487
3293,101.60035645675583
3294,70.5494995404763
3295,1.328503196522263
3296,84.27188988971416
3297,184.98798802751924
3298,202.74450306270694
3299,19.51105295696098
3300,-43.68506517907015
3301,75.39578888679677
3302,-31.25610293413635
3303,71.28122593609707
3304,208.69318146696995
3305,170.57353111753844
3306,166.27299365426586
3307,-50.375249593876404
3308,104.61306095630957
3309,-57.82188751618547
3310,233.96806879964993
3311,106.7656065380182
3312,-85.55798563805419
3313,-40.269192198165726
3314,283.46213660901606
3315,-156.9331292643414
3316,100.79106163106553
3317,-42.878234221871594
3318,-41.12935367606512
3319,94.72144156039221
3320,178.02934114837754
3321,152.47049355911517
3322,183.0886914871994
3323,13.213706923228116
3324,-35.178275719244866
3325,79.03350645894318
3326,81.17069113931184
3327,110.71818404918571
3328,-35.39503886493239
3329,161.19418502393643
3330,211.93564665273564
3331,-73.64242070820504
3332,-3.6445326892660717
3333,107.8695965823102
3334,173.69105072253532
3335,110.9808657028901
3336,73.88992723794131
3337,-250.74501390202357
3338,78.4803068185024
3339,117.93531638695265
3340,144.58379481819705
3341,211.7825527318645
3342,174.36575673524544
3343,-63.65583195733459
3344,7.6788169020978785
3345,113.61327028164438
3346,-81.68648151397463
3347,230.32201521562
3348,212.27263307570087
3349,87.55527651127123
3350,184.94374336723547
3351,244.15678467892855
3352,-10.58215967676523
3353,78.28389658908421
3354,78.67494757108915
3355,125.55658429352863
3356,-10.017160443523338
3357,81.69737957422578
3358,161.7256979447335
3359,142.27391043669343
3360,55.85608953319333
3361,84.5088151574574
3362,-134.07099086701035
3363,73.37278864152152
3364,-40.328708473794904
3365,154.40495791511663
3366,-52.98393988653932
3367,34.71384286304625
3368,120.1169079961679
3369,112.41954838322441
3370,112.91179031349874
3371,68.66107097005852
3372,-211.00650144783327
3373,80.9204133295933
3374,44.25098259312718
3375,-9.496488255248906
3376,149.95600887059086
3377,-35.900092974560394
3378,139.3015570843554
3379,126.30088771922092
3380,125.69819450210993
3381,-92.31748357111547
3382,-2.439869978323401
3383,-77.55023567604947
3384,227.44014029651953
3385,-44.30531528169689
3386,115.75611139512392
3387,-166.90049079548606
3388,113.7884605968519
3389,-4.516491263932593
3390,140.58773145708219
3391,-35.132557129312715
3392,-102.5474303367118
3393,83.2033539826707
3394,185.97458687846898
3395,-22.64001506358187
3396,102.98278746758352
3397,271.0277227406679
3398,144.98180605571397
3399,236.6867697500222
3400,-2.5398062644943735
3401,190.88411900494924
3402,-0.7827382165453685
3403,227.36359444353621
3404,160.1554738042498
3405,77.65016256387904
3406,210.3164560877898
3407,79.71804789542772
3408,94.556393620977
3409,-44.28059184123839
3410,-127.71794781578487
3411,97.74016749090003
3412,85.02683909300916
3413,199.4974528809347
3414,191.99683945978686
3415,80.67132732014217
3416,-45.616419673230226
3417,114.46049552451383
3418,5.898076411402712
3419,153.24721907935384
3420,108.92432237080492
3421,128.35617987356468
3422,-44.658062501467995
3423,217.87923923420934
3424,212.2112132648499
3425,-54.76961928026388
3426,-13.234861993678194
3427,21.979800528461723
3428,-42.13509723140332
3429,-23.75244693412573
3430,69.31144893234723
3431,240.23959872000316
3432,-39.60408875072578
3433,197.7226518299957
3434,-61.485346483012044
3435,206.6045276828293
3436,-41.54234300295717
3437,-1.0693528722791825
3438,-32.14795076719362
3439,63.401291257463356
3440,-42.904128012920836
3441,-58.8147696007852
3442,103.74227574154695
3443,209.26755500873082
3444,76.05686824132643
3445,79.70990310798119
3446,112.64403553479197
3447,-100.47486735792783
3448,111.25447108553945
3449,125.00461610492079
3450,-119.58766445317394
3451,80.91272271580726
3452,-61.72336230281829
3453,188.66510756057457
3454,-109.42387667995965
3455,63.2953988960132
3456,-89.63124087146348
3457,-208.74031850946318
3458,63.828549055802306
3459,198.89224449912348
3460,233.7664903632229
3461,260.9467766068279
3462,-49.369513273869075
3463,13.095157765905597
3464,-69.07513650751658
3465,-54.75995423333133
3466,237.29577285462244
3467,-44.71833648470255
3468,-130.86898465542583
3469,4.679108734115488
3470,83.77793078983444
3471,-45.90816467924128
3472,-88.72151074202515
3473,181.90115494327856
3474,-46.453045063104916
3475,101.36238295391375
3476,212.05424468482073
3477,147.5164250063135
3478,84.19861571540238
3479,201.76880485208034
3480,109.8526004615305
3481,-244.2918362786637
3482,-8.996533717340341
3483,81.58698149269057
3484,-159.36107648996992
3485,133.96414435620034
3486,169.17884764152927
3487,241.44866469147337
3488,159.165924949658
3489,-60.61122444160569
3490,102.59338136786407
3491,30.602596811509173
3492,158.6993767686317
3493,99.66223025525474
3494,176.83203991310484
3495,212.61371259106082
3496,108.36883107005798
3497,209.77756147024647
3498,173.52722728740605
3499,228.3097103202983
3500,132.25552305520432
3501,211.9569587675274
3502,-162.76134382134455
3503,162.16967421154834
3504,113.04226317945562
3505,220.06829576442647
3506,20.95523448427481
3507,92.20277790228612
3508,212.1574328151579
3509,61.77139628449568
3510,-79.76658822782127
3511,209.72398179651498
3512,-160.2223429909094
3513,-33.9032194071052
3514,154.61304712486907
3515,191.7282691461689
3516,-15.103285732446949
3517,111.17376228868594
3518,98.4160120463884
3519,94.68512429703839
3520,97.38503850373168
3521,120.23701031444193
3522,107.43662502007379
3523,87.30023472582619
3524,103.47539815517413
3525,247.17074330781037
3526,-61.52970048749633
3527,-162.09601689260657
3528,-49.68728202331279
3529,234.31091680007304
3530,116.1377806248172
3531,174.69941200161276
3532,87.96774015701766
3533,93.21065002041195
3534,136.36702423244955
3535,-59.2273432210217
3536,140.14746003462207
3537,127.53220450202032
3538,236.48076705740814
3539,-72.87298941121296
3540,218.01514720439218
3541,-34.68338096514418
3542,198.13893367181038
3543,150.1263862425763
3544,-83.77563404437124
3545,-27.19462418513828
3546,-21.627650727362123
3547,180.79036169638897
3548,73.48290063954676
3549,29.36889401397866
3550,-176.42460891450554
3551,144.43791890203627
3552,-39.25572935157884
3553,-61.30458582457171
3554,208.49650061926445
3555,11.07675917589907
3556,-58.64769862935178
3557,199.06344332514857
3558,46.149430822050746
3559,171.64877919414005
3560,-32.773018444868626
3561,83.01772687713829
3562,221.14116444541395
3563,8.595687577941803
3564,127.21862154868951
3565,83.8164678188466
3566,213.04537564553465
3567,93.41362932200113
3568,-18.502916603107096
3569,203.27403280304355
3570,87.51067529650463
3571,-5.054252741476915
3572,131.2914525497453
3573,-26.967304132522713
3574,241.33211008834934
3575,-83.80556982738577
3576,149.49599542041437
3577,160.57826139191377
3578,-95.3859704643778
3579,238.8514903646427
3580,159.96893668446756
3581,123.21849465461356
3582,-57.79771881182178
3583,-46.213746943374744
3584,188.48182965700695
3585,-23.16921372227408
3586,-73.42575424413259
3587,176.4880427561332
3588,256.2296443472444
3589,133.18909465285347
3590,-27.016136947497074
3591,-55.25207463806001
3592,-44.795233942821454
3593,100.32695221215373
3594,18.32912087752507
3595,-37.59330420388284
3596,158.7950326058924
3597,-38.87783717189697
3598,269.8355832919292
3599,134.5521261682477
3600,216.1263704635898
3601,-191.50246884548864
3602,11.640063477889996
3603,179.6233729441029
3604,-73.44042062597606
3605,138.2196058011368
3606,-18.69984584635175
3607,-47.78066574478096
3608,-177.2860126447896
3609,120.19441538966342
3610,78.4982657588262
3611,85.58019939514192
3612,-82.18620448291043
3613,-16.279185585161102
3614,200.00134612222996
3615,215.8781142597302
3616,106.7571680826946
3617,-82.2788547654204
3618,23.878865632686512
3619,113.62979342828423
3620,-169.6532746089086
3621,-28.765194945771384
3622,-112.6028115556191
3623,2.9947640880195223
3624,124.89095413155974
3625,100.51588560551936
3626,-22.82977278831882
3627,32.043361781347414
3628,169.95927209714523
3629,76.00171683544205
3630,-81.19960063127184
3631,213.8652882339992
3632,120.85272565354344
3633,-79.98185619049627
3634,121.670218067638
3635,74.94388848770414
3636,190.2986445994551
3637,139.00217962941778
3638,71.29813891265621
3639,-12.312772499196697
3640,145.71762845355198
3641,27.075398665461247
3642,-41.57944823293714
3643,21.783594918404717
3644,-69.84684414400714
3645,-197.93476531743121
3646,-73.05368163711861
3647,97.4691103657019
3648,-12.353207522085413
3649,-44.484086709409766
3650,-42.874275894385804
3651,138.2407369570802
3652,197.9359785694598
3653,-36.19329893290052
3654,280.11472061018554
3655,-87.17564490357165
3656,-67.55256584381257
3657,-225.4727406700474
3658,127.70618104658442
3659,-84.59901338709952
3660,207.40443616640468
3661,138.3487856896159
3662,14.606680710160205
3663,120.02514345773426
3664,213.3846888201307
3665,-85.19158666403428
3666,165.94164639286828
3667,-49.73760370380994
3668,-51.853069106267164
3669,19.903564925270675
3670,-60.39890915700649
3671,148.78131728168688
3672,103.54780252490536
3673,-13.408164595604319
3674,-7.946513345184002
3675,99.58513011314434
3676,78.6680520565765
3677,-46.02416816423414
3678,-239.91033806361156
3679,183.59483569228433
3680,-46.30669349453886
3681,-27.769832353095964
3682,174.36881038944225
3683,-55.70760855292717
3684,-43.14940241040365
3685,237.40498615257277
3686,252.62741259857256
3687,-42.45545054571316
3688,-43.218135117580445
3689,-31.065671769279348
3690,182.84994660894637
3691,114.37012533883926
3692,136.874059192525
3693,62.27314996393666
3694,176.6949791988637
3695,-23.055441530263423
3696,-3.873211216637003
3697,206.89308475974843
3698,149.99531053670702
3699,5.3734953616909
3700,287.1774558218263
3701,225.15741872683472
3702,128.35865612914887
3703,236.98928716262054
3704,-13.58255579564916
3705,-45.781406502640465
3706,-112.97456222481253
3707,146.05150500469986
3708,3.953020537327575
3709,-67.38937517403869
3710,12.158804616137374
3711,-50.47912224768575
3712,212.81062565620977
3713,138.02051751242576
3714,-47.11324816115973
3715,94.80747719519641
3716,-26.512350624719147
3717,-59.73966768574737
3718,250.42718570173707
3719,180.68709527656947
3720,-129.7067731225585
3721,-57.103534581907
3722,207.4506689258048
3723,138.3140928337591
3724,-77.83687719578552
3725,-132.15993652920005
3726,218.2280795687581
3727,-61.739241866500755
3728,137.95681153290263
3729,-82.72230321488328
3730,105.30440911710627
3731,68.66872866052067
3732,37.50593308970926
3733,115.25096615545671
3734,-15.166348481797115
3735,162.1055016644316
3736,-126.7760213712676
3737,231.430578178129
3738,41.738292513517564
3739,47.944600194206416
3740,-115.24950157640212
3741,-2.3538531287745315
3742,130.16880032455697
3743,-77.88491258347092
3744,206.50791649074242
3745,101.16710533333621
3746,-75.82340479753447
3747,201.41599679814948
3748,44.38095788069836
3749,232.35440622457693
3750,190.0934410330317
3751,-91.60374805623287
3752,-20.69466771145649
3753,-69.11152922512298
3754,111.30765377532349
3755,-17.331053163229583
3756,124.58036902991246
3757,184.4918693171137
3758,-63.08989720501924
3759,45.93557503378193
3760,215.00908883420925
3761,96.95137864390679
3762,207.4898158743269
3763,90.83435006413931
3764,154.16207564119784
3765,-30.522571349046288
3766,-21.103651132049777
3767,231.73256822824658
3768,29.960003512172534
3769,-56.29350406350587
3770,105.84865429139899
3771,-127.51342252603915
3772,-80.54831973974683
3773,1.5633736059546806
3774,262.6387040509361
3775,139.53449403280362
3776,83.27239945756372
3777,65.01367174694718
3778,126.34452282927568
3779,181.844838693962
3780,-159.54583869078476
3781,280.27088335177893
3782,249.25592614280794
3783,69.63877063495758
3784,190.89214462584573
3785,150.53717629196282
3786,-21.206309972375237
3787,109.17392507674381
3788,136.86184301965565
3789,-46.003737792410035
3790,66.83289266478855
3791,208.0091430781519
3792,-3.010400491173982
3793,-8.133180732863948
3794,135.6688300286141
3795,72.45470615020949
3796,-10.840868121053191
3797,-31.39492753904247
3798,250.3069299370913
3799,139.70568260902897
3800,78.73733743686037
3801,12.055870074806307
3802,107.87599255632283
3803,49.96777580915716
3804,-67.30942687283834
3805,-68.37392495729024
3806,2.465734026003105
3807,-248.05461331677972
3808,103.48814505704762
3809,104.04556176135742
3810,155.98838736895343
3811,125.92869318231847
3812,194.7505078362388
3813,123.99112758964647
3814,112.67515686902115
3815,-21.24304541278319
3816,123.07577132443085
3817,272.74869061452944
3818,91.83356933485997
3819,-29.912015586963363
3820,-4.436456416006152
3821,130.3039022102754
3822,114.69864773547799
3823,107.74297403778878
3824,-9.899234626905454
3825,-227.0608444538925
3826,-33.804454929332806
3827,130.08462972327507
3828,6.58681388997168
3829,75.37105376985494
3830,228.79067137243445
3831,-60.01189844658715
3832,194.58199045088838
3833,-77.94293825299202
3834,66.72842217360683
3835,92.25259343217978
3836,94.36864854443117
3837,-27.28239003979438
3838,169.55535890736945
3839,-81.34749103617641
3840,199.76188927595817
3841,39.07129826151772
3842,53.908005590670854
3843,236.47014844703193
3844,-69.65399168593676
3845,158.15593958497993
3846,-216.39690338573564
3847,236.30490526039844
3848,113.82536155635525
3849,97.51714712327609
3850,154.1671070860046
3851,192.5275543364216
3852,-22.772476296034313
3853,49.40368074709029
3854,281.09814569342257
3855,237.1103722817245
3856,165.91580134014862
3857,84.90281379555812
3858,-60.397534623319935
3859,97.58368509128805
3860,88.1350726821565
3861,216.90438130381258
3862,248.35376474043744
3863,134.97368629313374
3864,225.8391912265711
3865,74.8106308166534
3866,3.7049925392945084
3867,-75.12421374394789
3868,85.59918727928195
3869,257.76944938250415
3870,191.63750969961018
3871,199.63592445264317
3872,168.70079701213035
3873,-31.853060387433104
3874,-63.53277696619089
3875,176.87939893184344
3876,94.17368965315254
3877,218.2730305805453
3878,18.961293957348587
3879,173.36852187668745
3880,139.0698254164729
3881,107.72225046561363
3882,189.75619720375653
3883,210.75733971170763
3884,11.810410808441134
3885,-47.9754574625688
3886,187.3363207760964
3887,195.27958607925882
3888,-21.234339741967915
3889,-92.74761300593809
3890,167.99859311142956
3891,48.971137093476656
3892,225.4069014300258
3893,63.45784688980036
3894,144.68444244313633
3895,60.31633814731377
3896,144.74888906756624
3897,116.6081981546692
3898,-146.31488273370843
3899,21.43494198420464
3900,-11.51573470181522
3901,262.3044984700193
3902,49.83154649392928
3903,168.05888943929398
3904,-29.3539647024828
3905,5.425620091062385
3906,121.78620345506738
3907,112.36029449604698
3908,110.78738091063637
3909,95.43775408680686
3910,65.98745688597344
3911,-226.86743006875423
3912,-97.4549160431447
3913,-74.16117425965119
3914,-112.65319302324036
3915,148.1954936361565
3916,248.80474710244403
3917,143.90307109364778
3918,-262.10279157972104
3919,-47.64384275561885
3920,101.4143099559996
3921,-6.229813473359286
3922,136.18281360686794
3923,150.41764642339174
3924,-52.478627252892146
3925,81.12597610482875
3926,-41.430634644221996
3927,210.78867486922502
3928,-227.43774455024635
3929,51.9397821408641
3930,61.65948871886745
3931,-26.383681185691444
3932,250.83334093976734
3933,207.4707313422001
3934,91.56911988892985
3935,15.773947119240404
3936,-32.21275963606169
3937,1.6886550827361568
3938,-51.25587636752465
3939,109.01978875172425
3940,181.12548949587955
3941,-222.03830319147457
3942,183.8951603812505
3943,-122.25788326359026
3944,-60.50477792723966
3945,185.7763279534094
3946,145.90163085432354
3947,-49.41835078634731
3948,-52.34532073809925
3949,115.11105753919908
3950,-236.76453257399584
3951,209.54411546571345
3952,-26.747206140223597
3953,251.16975978043538
3954,171.3228449627046
3955,-50.37196208403692
3956,-16.293768236840734
3957,72.67472547686724
3958,52.17290990446926
3959,200.85839983536817
3960,158.6698667866824
3961,-12.328952099906786
3962,101.20099281506596
3963,25.24951954049449
3964,179.6051447212352
3965,119.03285305652926
3966,274.54608506842106
3967,159.4012799709702
3968,197.6349404195533
3969,144.2004429222863
3970,68.32439563322555
3971,207.89288717736292
3972,71.4868040277583
3973,-13.94910382518556
3974,-58.44376834076883
3975,94.41809776699866
3976,26.30118266763685
3977,-86.01661629439951
3978,187.98154783670037
3979,185.91568279219848
3980,-82.01864370755365
3981,108.24563510874016
3982,131.11755239452506
3983,-98.60684030691348
3984,74.08993708399626
3985,94.10059840371926
3986,151.82455999122658
3987,236.85256064487047
3988,132.35913512924273
3989,200.30378927316693
3990,-91.85523206427911
3991,-169.5073997152071
3992,91.17002377851483
3993,123.1993291075308
3994,225.58087326060212
3995,289.71073491016347
3996,-35.14863259733612
3997,222.61792412973406
3998,238.15065418904254
3999,144.3424335722695
4000,-2.35233272940647
