1,-28.202260770778253
2,-185.19531534228952
3,-205.27467548495162
4,-200.17827730935446
5,-37.31055914018107
6,-344.9213156540684
7,-236.94920372965908
8,-95.61184872435504
9,-133.46942109767684
10,-85.73003862155981
11,-102.3680558923891
12,-69.89036502203831
13,-202.07747337153677
14,-298.6972560090812
15,-101.3110631464159
16,-99.290671804495
17,-18.858074200498322
18,-360.91857532447375
19,-100.25378225786838
20,-46.252596395565206
21,-84.98764961076178
22,-136.41613882076376
23,-332.2185157880715
24,-134.60848599113555
25,-82.78114942114868
26,-121.11113918120049
27,-25.05684884778954
28,-69.5014823791396
29,-381.09908677236837
30,-17.930678438686897
31,-84.26690002100807
32,-154.50174843847512
33,-152.13421825303402
34,-87.46522628049104
35,-103.80732921300017
36,-101.55277288413151
37,-374.45837939277965
38,-126.53912358984994
39,-81.13214314652457
40,-186.17091363839904
41,-65.17925164472209
42,-129.16787378749567
43,-74.52303500110824
44,-20.595492601416012
45,-50.33142525091975
46,-245.08055052092806
47,-103.83953793110801
48,-88.26101146720178
49,-20.531588501491882
50,-77.60698931429194
51,-86.75744347671427
52,-132.57786883966293
53,-80.20814402577342
54,-192.5410169410862
55,-64.37889971219798
56,-56.083251247817415
57,-138.43947544530732
58,-65.91326687584953
59,-141.51185156386532
60,-120.54947094899217
61,-252.97097402810445
62,-207.17479045208782
63,-113.59058897397618
64,-314.5574295587295
65,-92.78022505796436
66,-73.08677212221657
67,-29.002587842605465
68,-158.03216831224634
69,-12.408458163071941
70,-52.683049564757084
71,-90.88454281584573
72,-268.41004190207593
73,-108.55028376700386
74,-169.22029078621767
75,-74.16274035357974
76,-60.12460777924932
77,-145.37645504105967
78,-76.19418287320107
79,-102.25162083829542
80,-47.43283385267438
81,-58.40559841501124
82,-30.537166915949385
83,-20.713825155582953
84,-188.75166532013344
85,-241.36130252380022
86,-42.26215885115546
87,-97.49224521180079
88,-90.62545170912801
89,-340.6001083851986
90,-142.65769219195948
91,-183.2073341169213
92,-90.70194428167086
93,-88.47998428064219
94,-55.64881840062293
95,-72.58660368515099
96,-90.81534351605721
97,-26.69535834757461
98,-85.21813269544496
99,-106.25155915777897
100,-42.3970472597354
101,-44.62690063755112
102,-74.05641767342726
103,-80.01406233083708
104,-95.64345793809508
105,-2.613474882594815
106,-38.589261740845316
107,-44.143280555653945
108,-62.008339230238434
109,-1.8619339075907675
110,-96.85132989504989
111,-81.04257214639286
112,-43.497323105103234
113,-40.58211149723341
114,-74.56538939957801
115,-116.93854485803314
116,-96.69930284250786
117,-171.76385441093905
118,-17.612902524685282
119,-35.610023898143496
120,-89.21506298837741
121,-49.64946598989523
122,-66.58884897104022
123,-126.56491102252956
124,-80.31286936221898
125,-32.90580133542903
126,-161.16413697214418
127,-457.92563782676416
128,-19.193740300990314
129,-128.61502247971217
130,-127.313496562229
131,-14.968809586299244
132,37.991090329834805
133,-90.37727513323325
134,-158.943032101785
135,-117.95929993284395
136,-65.14898657277928
137,-64.4635871634554
138,-60.16091672990955
139,-45.852085159662124
140,-43.388913887657324
141,-53.113297439999755
142,-10.79647479174298
143,-77.18197965863183
144,-98.59412604961803
145,-42.116232044648584
146,-85.38597885444358
147,-158.25957825146386
148,-116.43097511387035
149,-117.76717614832529
150,-117.68857539591014
151,-333.0450717753322
152,-48.902338921048035
153,-152.76027802395743
154,-178.77986367969447
155,-112.27044569054546
156,-102.49431178673015
157,-154.95661007100713
158,-116.88222094157865
159,-72.04439119075323
160,-13.592612607745906
161,-117.35349054144372
162,-42.48536552365444
163,-100.18326702007032
164,-288.3481118705432
165,-61.42634388669428
166,-83.06723919067113
167,-61.51486376875283
168,-117.40553507849492
169,-64.22687969649628
170,-43.76714790372637
171,-234.85464935072838
172,-80.67365086324571
173,-47.73781591840124
174,-105.84388682760508
175,-56.218946250958844
176,-104.7165652212757
177,-42.419642482107946
178,-93.45549941144256
179,-19.548518636989698
180,-69.36348049640358
181,-62.848540436245656
182,-86.0939347619811
183,-236.73571857060946
184,-77.75793798984776
185,-24.646099389954074
186,-105.25542284348585
187,26.57017346996716
188,-23.93531085768919
189,-51.578069570197385
190,-62.016915480829205
191,-18.44141364608599
192,-103.22853893921791
193,-117.70833940556636
194,-92.05989978470092
195,-47.79122811653218
196,-50.48571268609428
197,-88.70458128219843
198,-133.6169572000706
199,-79.28101633310521
200,-43.07329441376422
201,7.2866114374939315
202,-16.59342060677602
203,-1.5704256491935382
204,-73.19761541476136
205,-100.47625025296708
206,-70.43289418759834
207,-116.65900583245497
208,-123.29492367877383
209,-65.62738619028161
210,-14.068463780290372
211,-184.44931820546253
212,-81.27503634915689
213,-18.19455796172005
214,-329.73405460544166
215,-30.31293442029417
216,-73.42818651492291
217,-42.03804493166078
218,-89.07014419512973
219,-32.1753121989242
220,-56.56432845295305
221,-52.028148220261535
222,-99.59072290877958
223,-47.289177073840975
224,-10.596185554149912
225,-61.97479471457894
226,-87.3444842423294
227,-74.23985427702095
228,-93.76116784811478
229,-27.471167628908916
230,-75.53854564582902
231,45.927184223003024
232,-213.3924839944641
233,-75.89922912642797
234,-101.16193483879404
235,-129.6675982892655
236,-36.951579103491184
237,-27.096921347987916
238,-83.10807218570767
239,-92.45246017839776
240,-62.29399392272723
241,-70.63441268880973
242,-60.32193715287025
243,1.0611500367139968
244,-36.6420529799288
245,-65.06505054032014
246,-276.3412950320427
247,-136.5407934983175
248,-137.4963025451189
249,-73.98367201675933
250,-50.63698998017455
251,-91.17549105731327
252,-96.71798323281564
253,-81.39686980264298
254,-32.18822538348638
255,-108.77897742282421
256,-29.646654127762474
257,-66.45040446392038
258,-52.80786255574269
259,-0.9740530486191403
260,-69.80960427597223
261,-95.14321654152654
262,-102.35833315013531
263,-305.1963534657459
264,-21.230695993144906
265,-65.10852958283128
266,-82.68254855698103
267,-41.94841585718733
268,-97.55572065575954
269,-32.60635152225356
270,-23.948588797961747
271,-95.47458506769044
272,-49.484013083421814
273,-12.623616052468435
274,-72.30935994896063
275,-67.4793383804782
276,-109.52420072075486
277,-73.97466805210205
278,-51.67703551657196
279,-50.05793973918014
280,-86.90179073150243
281,-24.888724095192543
282,-66.858229912128
283,-67.79658910085524
284,-45.78066089721467
285,-68.57288231300564
286,-40.16605802617103
287,-91.5245825670003
288,-81.65441348573816
289,-40.17810093587044
290,-95.13827604081965
291,-98.84743964768703
292,-90.38961926028823
293,-116.66087665194823
294,-22.584053659847598
295,-57.81814580672099
296,-88.34870061340243
297,84.83990089150066
298,-110.88479247916393
299,-52.68683624853813
300,-59.65381812878415
301,-82.53003628232568
302,-99.82122068938898
303,-114.19120896397953
304,-102.77349920494555
305,-67.77660409099371
306,-55.75256236182858
307,-75.03026987115545
308,-159.21839319580516
309,-192.84502512860374
310,-56.707455388036195
311,-58.09877252396615
312,-79.69674999443258
313,-111.65897755219487
314,-74.71912327688443
315,-91.28415782219923
316,-76.44694008258048
317,-35.01872283010903
318,-45.51092811094764
319,-48.89399006558364
320,-16.799270306319258
321,-108.5208692189474
322,-85.21897445996095
323,9.761043750942164
324,-43.34694249106042
325,-73.77368520814267
326,-61.76108896505893
327,-57.24247848182796
328,9.063972537037657
329,19.529261434571936
330,-97.88028962963062
331,-32.715348666033975
332,-64.99394277828934
333,-118.63830312805085
334,-46.55272834006918
335,-77.49687933894552
336,-194.1234630390787
337,-24.904868716358635
338,-141.00706207807008
339,-99.51518822568521
340,-77.13581710740952
341,-100.7162839973596
342,-35.676611988331956
343,-51.173690659372014
344,-119.63102755625668
345,-98.08013122175758
346,-21.400068152031565
347,-53.08889218834665
348,-60.41268724789981
349,-80.8180641852215
350,-6.197092728233557
351,-92.70235701085278
352,15.064191394007452
353,-110.99827316635961
354,-86.775030068318
355,-58.08774324894084
356,-106.37100149512385
357,-87.85660689926453
358,-28.850575010352927
359,-268.52137352940764
360,-32.123056952321065
361,-64.5377766528946
362,-98.26195122592391
363,-87.53026335149792
364,-54.57192948426052
365,49.44479456130972
366,-68.42626520938455
367,-84.53573748317045
368,-55.77568748193844
369,-123.5146322759175
370,-51.633179007486554
371,-110.12792841713083
372,-226.87394391108216
373,-71.40868350363952
374,-91.00033366412733
375,-87.42429616155897
376,-96.09510490436877
377,-10.397220219589812
378,-36.02214222640967
379,-39.30970804158039
380,-53.83488422637045
381,-94.21815460882499
382,-86.11486857864969
383,-126.40498823598406
384,-80.19044864644773
385,7.038001495891081
386,-137.00132285049085
387,-121.58403000034033
388,-104.15844212391899
389,-89.80303148042142
390,-48.16742693125528
391,-17.39340818115764
392,69.05962866250049
393,-53.256222969519726
394,-110.67581704711435
395,-91.689761128342
396,-86.90580275209317
397,-176.2125030706615
398,-15.328404299694185
399,-72.50540727139536
400,91.71669573934643
401,-78.21517816124987
402,14.749223971295606
403,-55.702661342739255
404,-39.2583437575518
405,-79.91379009570116
406,-112.23265203816618
407,-83.93959957977219
408,-79.84384194761182
409,-110.27311184578059
410,-59.97087323826573
411,-83.56878097865578
412,-87.90767718025491
413,-93.18424372946217
414,-15.304913813720134
415,-71.17734303715204
416,-18.516516066013565
417,-98.43067294991549
418,-3.3173914005212453
419,-159.9217188696549
420,-10.615191146874679
421,-107.12749105253351
422,-37.935505842618696
423,-96.68963002596766
424,-153.5903856717503
425,-103.15687758157465
426,-48.50125118571215
427,-48.942475574428514
428,-18.434530908975717
429,-64.35293703762815
430,-97.06836551986228
431,-79.16089196726548
432,-92.6169953247458
433,-132.08524458038244
434,-79.19631137481288
435,-78.07562050086855
436,-160.41371284905722
437,-80.80122539692063
438,-75.54596197436335
439,-108.64345883376022
440,11.744981370986386
441,-86.66779618020014
442,-94.24704008810211
443,-102.44423594503672
444,-111.93507922255186
445,-62.752153723924835
446,-56.35869938848752
447,-98.94538013392572
448,-102.41427108162922
449,-128.52828476211647
450,4.48041210696816
451,-71.39441468784686
452,-75.35318001563635
453,134.86648671702812
454,-98.18809212233543
455,-18.401070895042466
456,-74.50459013117647
457,-71.23892321918947
458,-5.022485125159108
459,-25.30804993376563
460,-127.13164635442601
461,-134.07635636494632
462,-185.8628851451461
463,-0.1846528172328874
464,-33.306363943204516
465,-95.04835423969338
466,-94.26175997086409
467,-85.59089884704714
468,-37.173409448240605
469,-24.557047587789015
470,-8.679062667684647
471,-111.5451512058666
472,-48.56134517229384
473,-89.0351561844431
474,-452.0179511957956
475,103.32183866513026
476,-51.70416106583866
477,-128.24091419220875
478,-171.83645352739353
479,-118.09189961797554
480,-94.95220660665264
481,-120.91367312698107
482,-259.9129381228899
483,-109.58464187199516
484,-78.7581875004892
485,-59.89158414790323
486,70.18339095996961
487,-65.33805714126322
488,-19.59911719029563
489,120.84570343721508
490,73.38068407389403
491,-21.163959699309842
492,-92.78820011605409
493,-29.571269924878834
494,124.77977292230531
495,-37.842120638684825
496,-36.369742092302246
497,-75.31695066197938
498,-41.41283943277066
499,-69.3252102422613
500,-111.54558716277253
501,-53.97966824561177
502,71.49029702476287
503,-88.62983081100171
504,-39.68103629817334
505,-123.28287111268673
506,-30.616140067481155
507,-71.28297241605645
508,51.73707198847133
509,-185.47324928052484
510,-113.79510438210241
511,-31.468716081322583
512,-87.38807495016997
513,-20.40848854440256
514,-72.40855664793534
515,107.81185965667254
516,-110.06046817421417
517,-18.424210432008167
518,-41.26607088538964
519,-97.08295129049577
520,-60.43524800376613
521,-76.51152846753197
522,15.775770984892688
523,-99.69736932039702
524,-51.31968459133354
525,-64.60143136028617
526,-59.32384459413504
527,-134.05536234249828
528,-85.29172895390852
529,-7.580328796559968
530,-127.90196212194725
531,-94.45846526674163
532,160.89198687723467
533,-36.35670669520769
534,-40.893241521316426
535,-130.33110371509378
536,-6.6088406485831115
537,-36.67750950098491
538,-68.40362608556619
539,-69.78819696633258
540,-63.22281781627075
541,-7.148978003856655
542,-11.089049594090625
543,-35.22006994266522
544,-53.891233419094256
545,-59.89040894384516
546,-48.48363504926809
547,98.59850222662787
548,-27.73166508146126
549,-56.090613120988436
550,-28.1582917924962
551,-104.0873287276639
552,38.256640503107434
553,54.95245996407827
554,-65.44231614854895
555,-61.8867939669219
556,101.1335943451016
557,-38.59268984526753
558,59.38326238948377
559,134.969726150797
560,-17.16448985054707
561,-86.5173397723012
562,-79.05471596454049
563,-39.63917637798613
564,7.074216582438169
565,-70.05838300334025
566,-34.23112419432776
567,-65.02029452802294
568,-28.862223814245652
569,118.12726874368292
570,6.35929678293509
571,-58.96502083704024
572,-36.8846638248106
573,99.87940749068322
574,-45.576078043363054
575,-42.458839788839015
576,-74.77643543317325
577,112.71700831308513
578,-97.2184394292725
579,-57.64719963014016
580,-13.799157066454953
581,-43.30405155066413
582,-22.140275220612438
583,-100.49823420551529
584,-27.192257863131474
585,-71.43260293302313
586,-140.02951451398695
587,-61.315503940123236
588,-57.82826441665728
589,-87.09148703548661
590,-114.82521576128951
591,-160.3342009253011
592,69.20224799554106
593,-52.02357376091068
594,-27.84288807272678
595,124.56298106896973
596,66.73113027558271
597,-102.19018494969944
598,108.6359664095904
599,-131.0646920880105
600,-30.226209373128526
601,-126.32480423379347
602,-5.852706354482521
603,-10.832823062544932
604,-86.1416442918738
605,136.17065961349692
606,-35.42740201001051
607,-44.60948050357952
608,113.39930125568263
609,-95.57444462569826
610,-31.029746902667227
611,173.81409583745616
612,-85.42949548285186
613,-65.38708115298292
614,-81.10085302966245
615,-137.26323282036702
616,113.80713203931307
617,140.5140743609935
618,17.81529832352507
619,127.19614316831417
620,-104.04315474443888
621,108.73888647597215
622,-32.478302772148155
623,57.445522658712534
624,-50.860138026944654
625,-43.71886173976142
626,135.32910642986036
627,-36.14764110883267
628,-114.8568785396303
629,-20.32849846956958
630,-48.50469528325274
631,-24.882248924804415
632,129.39975660067208
633,-86.1073731953104
634,-53.8177311996998
635,-56.628536300606086
636,-30.033759089915904
637,104.78373651441358
638,-33.89515757972613
639,123.14654506362535
640,-81.9641727934393
641,-71.92310845233779
642,-26.365627663388267
643,-94.62667465808457
644,-76.94967580742214
645,-55.51490041618824
646,123.24522699800049
647,-62.596413162887515
648,99.64691111853331
649,-46.345974568555874
650,-22.837028428361393
651,-84.0303119968473
652,-17.14464666277091
653,-55.11278708026669
654,-111.849161469081
655,-46.555157988310285
656,-25.950562734805715
657,-5.630983322458405
658,99.36443234464687
659,-70.49199346545389
660,-32.21459591369447
661,-45.68510779438303
662,-164.5875931662364
663,-133.47445092804895
664,-25.67768408263599
665,-44.0901911716781
666,-92.45331860650433
667,-198.7041090560365
668,-83.04260393691476
669,-64.70177387620008
670,113.0163446039032
671,18.088914699424876
672,-86.10368305896529
673,-84.99588616221192
674,-21.861946610859633
675,-82.92294527425996
676,-65.0319391897736
677,-35.19987761506199
678,-88.97196466895926
679,-99.92142325316281
680,-70.77873829184628
681,-52.7151466087922
682,-107.89412620399396
683,-37.508747634874844
684,-85.74503925580667
685,68.24426396187627
686,14.389801474474027
687,-25.68129118710283
688,-46.88878235458705
689,-98.9003515016876
690,-38.686987024326626
691,-62.21405995273426
692,-82.80303382000909
693,-65.25596376749773
694,-25.573842369035063
695,-20.862949179133224
696,-81.47113069231543
697,-57.089256133148425
698,-66.7235533443166
699,-43.31260445982552
700,-28.94471311787082
701,-77.09052449132739
702,62.281415500922826
703,34.294018775720076
704,-100.84716721473119
705,61.3127237304799
706,86.29333401286301
707,-19.11256947112163
708,3.030380166109481
709,-34.73797792314011
710,3.884697522707853
711,-63.67836436293356
712,-8.690583931262282
713,-49.95675931673561
714,-44.10998883288832
715,136.96728681237295
716,-68.29011599298782
717,138.50749629100403
718,-9.522954687084876
719,-97.26038201741598
720,-266.4644878572829
721,79.60197414015164
722,-131.47351229118598
723,-106.18190315716903
724,-65.34266769075965
725,-69.3641203957369
726,-35.58291226348983
727,-86.28210383080743
728,-131.9666410327779
729,110.05227070900408
730,-98.50662792084925
731,92.34416985951806
732,57.79671960785634
733,-52.7317196697833
734,-77.80966275300989
735,-57.51278399442075
736,139.547026708714
737,-33.7256576601644
738,-55.5096617885705
739,-188.00807450313926
740,-94.32038548635931
741,-73.23296171077928
742,8.522946617943589
743,-143.4296546395151
744,-34.556453162847276
745,-73.09832178748925
746,-39.15499089170197
747,-118.20315810212281
748,63.899216537704106
749,177.4365538571314
750,-6.698337911965268
751,-36.15308969708123
752,-27.282741228783024
753,-23.91900927507818
754,-19.7792785590849
755,-86.72796487247173
756,-14.734690827998165
757,-147.59624473377667
758,-37.527877751798655
759,-104.53745883541318
760,126.66985805729362
761,-56.953664312387744
762,116.6865902098834
763,-14.721451341086677
764,-30.333299830493914
765,-3.2156269845073666
766,-22.429177685752478
767,-0.2124713337481694
768,11.96574085322753
769,-64.74627570476157
770,-26.15030689344681
771,119.71121237930815
772,67.26756561735057
773,-177.9735987755512
774,108.45298641809217
775,-36.31929299874332
776,-87.93485737840179
777,-101.37838143204594
778,-45.894523095187225
779,-36.32623232962966
780,-75.0641495196956
781,-96.79691712338281
782,-28.69803599253217
783,-18.12159339002544
784,-65.34825537345117
785,29.20773955411724
786,-43.80449010318654
787,-66.0015814105029
788,-200.929519673961
789,-35.325073689739924
790,-39.923300386068874
791,-78.84600619428319
792,-62.9954028091359
793,155.2635747303465
794,-25.547006028371015
795,139.38324293615543
796,-68.17494007046017
797,-57.89652208084587
798,-70.87052109160865
799,-35.03685528618901
800,-97.04988449850288
801,-25.810572722868088
802,121.34140693140162
803,-92.1139732817123
804,-15.171938301625232
805,-97.47785690372797
806,98.40073776887694
807,-99.94413842535897
808,-75.42245938093428
809,-126.7486909720916
810,-119.86687028894549
811,157.3284364863133
812,-22.1178293798378
813,-130.21985955751603
814,-139.4439708599577
815,-53.79847831980372
816,-46.14410559472992
817,-85.0860406846862
818,-116.87351272582008
819,-79.19930449536608
820,-68.15009769185781
821,-124.27348918466524
822,-109.50412190030949
823,170.5804356444496
824,-2.2738906312122538
825,8.5993672716059
826,-53.30221487732513
827,12.785961454570895
828,-50.24532985085828
829,-43.73874224975049
830,-92.7022110465513
831,-145.8651635420345
832,-44.83066772475608
833,-27.10575922218169
834,-47.45113588890391
835,-124.79253706234111
836,-44.61506852228013
837,-194.21296319662872
838,-35.333529702831584
839,-49.9872636638404
840,-43.11528188107228
841,-70.33827767846368
842,28.42356803688918
843,-96.02825935439519
844,-90.70225411658069
845,-30.615288950952248
846,82.5815251863478
847,80.89499484389172
848,-29.982215040937035
849,-43.3590901345507
850,-29.3473522746185
851,-67.68355488520038
852,8.274595100421848
853,11.317594949513918
854,-214.0579629845064
855,-25.29727760093374
856,20.09080129719291
857,-20.735514051972274
858,-149.87293391635524
859,-82.14903371345562
860,104.78594128611557
861,-15.48138626201019
862,-0.6424429710119881
863,16.467145075653534
864,-25.863802499960258
865,24.185639756848744
866,-16.436902388534435
867,155.79334847023534
868,15.514450055307917
869,-79.08763269032737
870,-80.97573958275603
871,96.03886455061584
872,0.14845910600628542
873,-105.56333569658901
874,-71.44973107527488
875,-4.792553665967418
876,-66.48901296383161
877,8.908435268084887
878,-13.921716460835569
879,131.1533009169576
880,26.434155824493175
881,107.64780441361957
882,-6.954889284991566
883,141.49567347337222
884,-25.432909360179707
885,-78.23876934789483
886,-49.081553134108404
887,85.11776476585968
888,-2.3024364126914207
889,-121.88344749821029
890,34.11763101366748
891,-84.88106003772546
892,-39.98146576667821
893,-57.62749775074019
894,-22.596415216881496
895,6.11642087745669
896,110.21692630063642
897,-38.433498638995985
898,-62.02376812947239
899,-58.431266032208946
900,-18.2640414365506
901,80.20159957764706
902,-30.201352548156038
903,31.55991322667648
904,-67.46931895626483
905,-83.20830115780817
906,8.813489874085974
907,-45.086001848810895
908,-40.01407345682773
909,57.863727751061845
910,142.4119760749633
911,21.060151897475762
912,-26.42113227579044
913,136.17172303363793
914,-65.22282769835093
915,-27.337095249575782
916,143.69170060766362
917,-243.4668256622886
918,-65.95821179189751
919,-24.23736885632904
920,107.13075895838509
921,67.32038889730424
922,-17.680545094968963
923,-10.012741146426379
924,-82.68114810453429
925,-0.4234772810488039
926,-86.56350334051676
927,-31.030178229703353
928,218.4941117508171
929,108.08105253993286
930,6.600463216056298
931,-42.91477815942952
932,-55.27921927475319
933,-42.393178885221175
934,-81.79684573976947
935,-41.164649755087126
936,-55.48284092592901
937,25.476705559286913
938,-24.836570106842785
939,4.194794386180305
940,149.82181985812193
941,70.08214656690579
942,-16.376361208616103
943,123.43649390665976
944,154.2914786194314
945,-42.9481444120775
946,125.00431731520409
947,140.17970869883695
948,137.79049336925166
949,-52.47002466173677
950,-22.901430770459925
951,116.47459081477547
952,121.52213260417244
953,-18.941871390965062
954,-38.70137841140904
955,-50.07359668125212
956,-63.232806411565676
957,-46.42852518880778
958,-211.71005971332994
959,-5.522513580936831
960,-2.879229823893084
961,-253.98330483771088
962,-143.3207079207504
963,-17.96994413681567
964,-68.82136997315061
965,117.51779016621597
966,16.521598869248592
967,-53.93868290139747
968,-59.17537145590919
969,-45.92271910065324
970,-43.83618524405159
971,-115.93168788339094
972,134.84021721204746
973,127.52150039824437
974,125.69100472966564
975,-80.42902220242064
976,-219.6964701701806
977,-123.57610876182675
978,146.35761821450512
979,140.70151616040602
980,32.90501299637771
981,60.4973730105187
982,-112.65565504893269
983,131.67721169019282
984,-11.457244294870037
985,62.03380898722787
986,-34.9169949844417
987,137.5182893877038
988,-207.39821411764837
989,1.3770368024872255
990,-53.450584347937394
991,21.205568404507673
992,-39.49660340978361
993,-74.54625411641875
994,32.360386005813325
995,-15.25765947916615
996,-30.08738834147364
997,-37.115093679381644
998,64.80135432931768
999,-19.593137656057337
1000,-47.093411676306616
1001,-58.581422777338815
1002,-11.490196350061268
1003,-21.534667519837242
1004,114.74049994825846
1005,-99.2846589646344
1006,-85.4519969825426
1007,3.3675784724699582
1008,-85.12961908294088
1009,-63.96170616201404
1010,-78.48827671226393
1011,-86.97650627370925
1012,105.12544997319763
1013,-28.77792630782443
1014,-15.953955536964813
1015,-17.472626291008467
1016,105.98178476040876
1017,-2.4567672518192865
1018,-29.103449889355062
1019,-58.6096779027877
1020,-93.89027068888636
1021,-114.63472924612374
1022,-1.1993410536768465
1023,123.38901763324654
1024,130.69254305533846
1025,-2.52050846940314
1026,-45.98211369598534
1027,-37.20626465700737
1028,-57.34392436819911
1029,-18.213346244892804
1030,-12.399983563851933
1031,170.01490951595628
1032,64.18601564406599
1033,45.76104369172876
1034,140.74900384225617
1035,126.18651027817141
1036,-53.69278418254146
1037,167.61982235012735
1038,-16.107927338925222
1039,-46.78457368601802
1040,139.74683268598528
1041,-25.025652175657285
1042,-25.48068447978352
1043,-17.856230444902394
1044,-11.656186265462836
1045,-6.917469612310342
1046,-9.787139218538002
1047,-43.054573155437495
1048,122.44200329786199
1049,-78.62404294023054
1050,127.4501706774251
1051,-33.035602206485734
1052,143.49895703917025
1053,73.59925198925482
1054,-34.509820342262614
1055,5.9971438587220405
1056,-105.76520800770624
1057,207.73144964093842
1058,-55.000866063060144
1059,-26.459474469904364
1060,13.28835285426301
1061,252.47803779642177
1062,-65.46720765782905
1063,-0.14144784537704425
1064,-24.84335140102688
1065,94.87492858562287
1066,-248.43333258871414
1067,65.23629693930646
1068,144.1603054401926
1069,-0.9951828875292392
1070,147.43796403785757
1071,122.95080874692555
1072,-35.36569344177806
1073,123.09930799694627
1074,-117.68561692763642
1075,-22.99404375756248
1076,117.40508122829605
1077,91.3668122165653
1078,-33.42818182094143
1079,-1.4344341635658395
1080,-34.659852802995246
1081,127.32874809817467
1082,-32.13448254917964
1083,90.13955423216449
1084,-15.31087520199118
1085,-31.632679353305917
1086,163.25247575445493
1087,-2.4122671380314102
1088,93.76794049993433
1089,-161.63279982176886
1090,-60.87353193440698
1091,9.72438907786372
1092,-8.062370437048457
1093,-67.39798856378007
1094,-44.009418464527045
1095,-50.4695567620061
1096,143.49795766554774
1097,-51.76732243898809
1098,123.8588212871342
1099,-6.879646810502734
1100,-75.70530526861438
1101,-66.46475975522307
1102,134.02838275414223
1103,-19.924100294821173
1104,108.68948804899738
1105,-42.96228338587032
1106,113.81558504746455
1107,-13.470419812831807
1108,-16.875644711548105
1109,-41.52875514561573
1110,129.74059385519186
1111,-192.43464036493012
1112,107.67238067281474
1113,16.203053276976192
1114,120.27944591302466
1115,-25.86718165793097
1116,53.52953111590173
1117,129.7338926387419
1118,64.86403042902938
1119,-42.29895207474584
1120,-3.4060719300338604
1121,-53.25033413622613
1122,114.15166361483152
1123,-25.181283932138882
1124,103.58347455248564
1125,130.6144990061556
1126,-90.6386708500376
1127,-185.7605718335089
1128,-51.411159564264636
1129,177.30154782623762
1130,-5.1453022597331
1131,-14.530179416658356
1132,-96.07912521061449
1133,-138.08066598816805
1134,138.5017812402732
1135,127.13325086925224
1136,-74.02624915913482
1137,-40.278522036988825
1138,57.87761188413549
1139,131.7638943650503
1140,111.93798329176732
1141,128.1638730815436
1142,177.98680423297904
1143,87.11161658391248
1144,-38.52852766960588
1145,-15.645446804166525
1146,127.13203497430717
1147,-173.09982991668232
1148,-2.1617685679448044
1149,-70.96787509143698
1150,31.536685128859602
1151,53.62263081932676
1152,-57.888507042754064
1153,103.82303592833613
1154,149.697050133669
1155,136.95554361928535
1156,-23.918404410901402
1157,2.174725419094756
1158,96.2063911514952
1159,106.02181513795539
1160,-43.87117721787584
1161,116.69193908832852
1162,138.64413736056892
1163,-127.5497698526128
1164,-23.314043545590323
1165,121.98652694038492
1166,110.6753929549628
1167,4.7364130672262945
1168,188.1777608626992
1169,-155.65661104378876
1170,-37.956555412996266
1171,-0.24894267328214426
1172,-51.166455564264744
1173,119.23819280697488
1174,-109.43563204144928
1175,-33.98537302103446
1176,179.98181621543574
1177,162.8305458987205
1178,132.94015628075928
1179,131.5336811349813
1180,-62.75442276325204
1181,138.94304455162393
1182,80.98127683269814
1183,13.947535918508777
1184,214.69527126015242
1185,-3.403781424336117
1186,162.42838986832194
1187,40.2307403431546
1188,120.77119728273674
1189,141.30570872240284
1190,-43.13341661036462
1191,113.33918234653457
1192,-182.6117349431443
1193,126.74083933269257
1194,-73.22577187891093
1195,2.332503724790996
1196,-34.40950358683537
1197,-0.4702872033605985
1198,-14.921961505527975
1199,138.87170328971118
1200,-41.95183902988289
1201,-7.399464071808069
1202,228.3671875837539
1203,12.515372935133598
1204,-53.99928934097278
1205,-27.288365753593382
1206,24.383088179236296
1207,157.71575084933156
1208,111.29767435521309
1209,115.66691270877861
1210,130.05622479187343
1211,137.04332156017134
1212,107.15532749832416
1213,-15.374644846199217
1214,-40.31749790713715
1215,-29.176131153890438
1216,207.6892305645503
1217,144.01041593951285
1218,-41.63212574911945
1219,109.43680722627495
1220,115.62862696265702
1221,-27.42362720167347
1222,139.26239882334238
1223,15.58245008297969
1224,-17.639416379876195
1225,-180.90619157216372
1226,-58.64048702627909
1227,-9.83855069429093
1228,-12.218848463432721
1229,-24.91019113981109
1230,-243.40190919556537
1231,-19.44241403704143
1232,159.46765860557278
1233,-29.18248321865255
1234,-75.36920767625335
1235,-88.28214965783968
1236,95.57518283044669
1237,-28.95785994884274
1238,12.535549589988065
1239,-37.30773226506918
1240,131.43296812704523
1241,-111.63809579822785
1242,-80.21020962905048
1243,117.95100908317367
1244,-87.49604342681656
1245,131.7310262320561
1246,95.83639049032357
1247,-14.083014523710517
1248,11.247963036832317
1249,85.88061233363445
1250,136.58149102398013
1251,-10.292600830495061
1252,17.148694746291312
1253,-75.84089194839187
1254,177.83628105691312
1255,243.99938108478383
1256,79.8264376758683
1257,-75.54242153775417
1258,-1.0447784713121706
1259,-104.87024724457628
1260,61.09646856027092
1261,131.52825668209593
1262,-68.10582752723118
1263,-33.27060343485496
1264,143.70938926325508
1265,114.11119513794529
1266,81.61759259935812
1267,149.55531380882616
1268,71.21619374113781
1269,153.62573721424403
1270,-0.9929140186791869
1271,150.9917661307344
1272,-45.82657119983543
1273,2.615172439801867
1274,135.68057708514837
1275,169.66788115764862
1276,-101.35198218511181
1277,134.44759030936845
1278,68.29284804071196
1279,120.63096744037126
1280,-63.46769025847162
1281,-427.4677417468955
1282,93.5388261128212
1283,-46.34268891305757
1284,21.755219176240615
1285,-87.38478776626724
1286,-7.156192173577878
1287,108.39985955181805
1288,233.55907336951603
1289,-93.11869823226726
1290,42.67311428403315
1291,-32.43760292206905
1292,8.264586718054716
1293,-19.24277253219917
1294,127.45875974731823
1295,-11.747252273016514
1296,-32.99172051583871
1297,-45.94368809196634
1298,-195.79392181770558
1299,-37.337807196384105
1300,76.03819552569684
1301,-27.863615368504355
1302,-90.04726089271357
1303,117.44547344028261
1304,-12.004330870244303
1305,101.00018293123834
1306,72.26036551169585
1307,116.75806875360898
1308,13.27236880073032
1309,100.05334975922521
1310,128.90892285102404
1311,-4.749549997054146
1312,-121.77253695612518
1313,6.120550049026875
1314,2.231312397290907
1315,-57.68166990773794
1316,-61.70796581737041
1317,34.02761650979231
1318,-12.980877070446951
1319,77.41829345942219
1320,78.18811443914103
1321,-29.30346261814553
1322,-10.817225153627675
1323,-16.289356066980574
1324,112.86759904050243
1325,-23.36980862713068
1326,-32.6885103075669
1327,-26.517140735717874
1328,-31.613118369832236
1329,106.93875307347692
1330,-71.10055759181691
1331,-157.1269104572686
1332,59.1404856931162
1333,120.27460285059755
1334,137.67769916470337
1335,68.18829301580627
1336,46.219932744486584
1337,158.32781019670705
1338,-72.57451339446705
1339,-61.0349711572248
1340,-22.26011856049294
1341,153.6126505331075
1342,-53.999312606887464
1343,206.88765221155407
1344,-279.35041643168097
1345,68.29081177987247
1346,14.782906161735724
1347,135.83246597749073
1348,-24.867852978475398
1349,177.19091659578677
1350,-37.694440775424226
1351,-79.46219333007038
1352,27.812097299247768
1353,146.92419967754319
1354,0.11529702478398463
1355,-13.429431525731601
1356,3.0299117229798327
1357,115.5934447773716
1358,-7.3501240299722355
1359,163.93302049337308
1360,-36.73243742141538
1361,166.5669251214389
1362,25.02127150663398
1363,-62.6863376658293
1364,214.40340831938508
1365,-297.0219785115996
1366,57.32435309239577
1367,73.19776764375467
1368,-25.227723833361267
1369,180.16914822441439
1370,171.30160375536198
1371,136.62351054041267
1372,144.93999457542066
1373,163.1465909180683
1374,145.057832564029
1375,100.93622448276811
1376,103.15715869526684
1377,69.9335587960676
1378,-30.267717139910516
1379,0.9223957756818209
1380,122.25690039761562
1381,93.25677893634334
1382,24.04472399013899
1383,-96.90989565669221
1384,-42.40373945358179
1385,9.175811878808176
1386,138.2209681754431
1387,52.24267604084277
1388,-8.696384762923017
1389,139.04566142604233
1390,154.49683948423464
1391,104.19493535309974
1392,-42.227506672235904
1393,-73.54970191563145
1394,173.62761021562295
1395,7.464848219544692
1396,144.30746636650684
1397,-139.82545123465
1398,-6.384060928651607
1399,164.02974570466364
1400,-63.96324351521619
1401,-74.86019776881842
1402,146.03795388946827
1403,91.47449784301413
1404,58.327077803797465
1405,227.70412182562853
1406,-211.03071281756905
1407,93.59529912662681
1408,133.30193776148477
1409,137.55011018502063
1410,14.261308529629943
1411,106.08685693560253
1412,81.33326736990944
1413,-31.21126989086143
1414,-13.836447605374047
1415,132.55944964962276
1416,22.56548824697927
1417,167.02028456757316
1418,39.34710282329229
1419,162.33766731904583
1420,103.41263964362935
1421,103.6933918277515
1422,128.63077187527173
1423,-73.74171346737414
1424,120.25816899310131
1425,98.0864014994292
1426,106.41051175862066
1427,104.72777139500853
1428,175.37370672787986
1429,42.160561029033886
1430,61.39792343945225
1431,42.75613041556372
1432,105.5267468853352
1433,120.99322497639082
1434,113.10994708143916
1435,162.96074661505594
1436,121.8974638535193
1437,101.35440626190655
1438,219.16958548173923
1439,147.0797451053244
1440,125.228898701518
1441,204.46765245631377
1442,-19.23935389065332
1443,129.90736297368474
1444,137.82405791284623
1445,45.1737131962942
1446,198.2420046146601
1447,27.470692652728943
1448,3.4548261173055437
1449,121.78916221666358
1450,135.10386586562143
1451,-16.40125759671217
1452,119.32333520694635
1453,-48.586761309807684
1454,205.18800869808072
1455,-254.13607431619067
1456,104.29752183024019
1457,123.65336941121951
1458,49.35273500942108
1459,-62.16833941135951
1460,-37.903161134704604
1461,216.29514400365656
1462,152.98280067566358
1463,160.1812094100632
1464,-153.65606196473388
1465,127.2682392154558
1466,35.94527826501124
1467,133.3663231446721
1468,-0.7167478332586228
1469,120.78217904412331
1470,56.56912170107429
1471,123.47267126475919
1472,-13.21595694770501
1473,177.59534691945086
1474,125.64327278329299
1475,148.63697706267754
1476,108.11408528061712
1477,-31.52421068979841
1478,82.9897435623545
1479,-8.944458222474893
1480,137.10585820116899
1481,31.2558101582963
1482,-34.13870438697167
1483,-195.66501296532408
1484,-276.4446954519018
1485,185.10575633453635
1486,89.90034880342925
1487,-29.71840825300174
1488,161.07670667000932
1489,-40.8434013319544
1490,-48.06104365164869
1491,61.67545055273956
1492,-59.685117811442424
1493,151.75101624431792
1494,125.9989931530234
1495,172.88065496188267
1496,110.16085039938729
1497,-4.737129574630245
1498,186.1249979127664
1499,121.6616979645797
1500,-22.86436828335482
1501,122.40272701689786
1502,101.40287100292487
1503,135.18284048857518
1504,123.92677386077655
1505,-213.26522465465416
1506,116.04374297462934
1507,-34.20766854826542
1508,111.45623965655949
1509,236.74120351166664
1510,140.27264668893147
1511,-57.752717670603204
1512,-210.0115859858974
1513,121.2067304637894
1514,121.38481582127814
1515,119.57702478539807
1516,122.36162627132111
1517,70.54418779470474
1518,71.30863623298062
1519,118.78542925897008
1520,138.9224246644906
1521,188.127619149331
1522,35.793997936702624
1523,207.15774916092107
1524,-12.029577545376739
1525,81.96711963509863
1526,89.06108430423551
1527,108.73375777470876
1528,100.65471698398555
1529,163.09453685933
1530,181.99416898873787
1531,-49.88846608911527
1532,30.36429741313887
1533,148.89355363193494
1534,-197.6838269471791
1535,152.83686360690578
1536,128.97787120227648
1537,20.867482917708116
1538,199.61789145934992
1539,133.19176903205945
1540,-19.723191596763513
1541,99.15929389666667
1542,-22.36362482106493
1543,-72.40166253687383
1544,-40.986799613382125
1545,12.394374042450082
1546,235.3725337878437
1547,86.79177264398179
1548,57.57412141836923
1549,8.142287273693611
1550,65.03972470506899
1551,125.79737619664684
1552,93.88494708130068
1553,-17.325850432049975
1554,133.6996120879847
1555,167.93404196758885
1556,230.54026132690237
1557,-32.917691401783
1558,19.952356503480573
1559,32.488466710501825
1560,150.00164860490293
1561,1.9462672835105934
1562,-17.458492215679797
1563,110.92885843291006
1564,101.42557191286326
1565,-258.3819765580439
1566,3.6819069225757914
1567,-115.22788956744915
1568,146.5640286817716
1569,151.59810163481626
1570,135.08998187123143
1571,137.4278505094768
1572,-38.5866991151222
1573,192.52408367100634
1574,-25.28404128871665
1575,9.896600707216194
1576,90.49644766217165
1577,8.53107209190938
1578,19.150415285589744
1579,50.81872506731739
1580,-14.26578456036313
1581,164.44873730141083
1582,0.23044071735748162
1583,6.114392964892701
1584,104.82165622670367
1585,-54.75238687325233
1586,-49.891677027328335
1587,-16.74449060110196
1588,0.09463317906558188
1589,21.438713038833825
1590,9.505239834864739
1591,159.1804918156772
1592,-27.580601282110663
1593,98.06423209831694
1594,-22.059119894721363
1595,133.93274750340623
1596,-218.08066685907798
1597,96.1847904092358
1598,37.55863054528317
1599,101.45610492633152
1600,153.89279653190002
1601,-1.861877815747917
1602,141.42101612859867
1603,126.91878362390013
1604,104.74992109605496
1605,111.16370621809415
1606,-60.347052585108315
1607,118.87453795496396
1608,-37.064857883648955
1609,-23.352007132404893
1610,127.37499187257102
1611,64.66423895116186
1612,81.89335677904876
1613,-22.157846139046242
1614,-20.708107231911853
1615,-230.8376698914389
1616,-15.147587150226698
1617,149.87141550225127
1618,114.19355165777357
1619,140.62145948115736
1620,-9.89478683164026
1621,43.80053063598905
1622,184.2468378268086
1623,-28.052861390921393
1624,-185.04674085930532
1625,142.27282618416933
1626,-13.805930261500194
1627,-14.990880581482799
1628,171.16026056731042
1629,142.79687562639793
1630,109.20571075989893
1631,-38.798455583652014
1632,131.13558684783084
1633,89.1380496009481
1634,90.09711369175508
1635,-30.705619552027386
1636,-15.080358017076193
1637,120.39216259480513
1638,-6.853315275185992
1639,170.6436646109014
1640,32.301997683146936
1641,-32.39024043904021
1642,50.083552655469234
1643,25.15332489316154
1644,-6.059065259061924
1645,110.43925118393021
1646,15.978312224274731
1647,141.33988177629655
1648,154.79836966846793
1649,9.875359083561037
1650,-240.80805118125033
1651,148.51622872376942
1652,110.78180104809762
1653,-29.977863824208086
1654,11.367754654648266
1655,119.88348466189984
1656,169.76198705671453
1657,234.3691188398217
1658,-120.92780184039162
1659,99.3566323027303
1660,113.72628029031175
1661,-28.937348429695902
1662,-89.41989653330823
1663,-26.13359856443796
1664,-119.99685277045991
1665,-9.880979479592114
1666,77.46017703873363
1667,-255.42533947702634
1668,67.27847712464087
1669,-170.77557963150275
1670,75.10833277637374
1671,106.4664206302177
1672,0.7630025905557432
1673,104.9186690006313
1674,141.66501476917745
1675,-14.000131674449506
1676,-34.588915256175696
1677,113.04400461519498
1678,-68.39005411860263
1679,135.77702248321594
1680,-36.714346582775676
1681,-112.38220140198086
1682,-85.58348476483306
1683,105.3968256734507
1684,174.09323705795234
1685,1.0024387393454113
1686,-34.59352587384379
1687,221.37232201792557
1688,-17.581061806441568
1689,88.07465789976123
1690,-11.810518064876703
1691,-24.942846240434065
1692,177.76410507341737
1693,59.54755336075682
1694,77.20131105021085
1695,-48.02161947179188
1696,200.86792140019227
1697,168.3016578664622
1698,-36.007083552670494
1699,154.64218269944254
1700,98.91704910578366
1701,93.13531333277601
1702,-28.369035496488706
1703,51.7015265711274
1704,125.50313768226574
1705,-33.130065923817924
1706,-6.983131137440267
1707,-15.300655819108826
1708,167.68757427938323
1709,141.47673801502904
1710,-47.12333653350825
1711,132.5409943669516
1712,119.65704768628218
1713,103.67188583152657
1714,152.96829683122937
1715,104.12749139303
1716,132.049559851894
1717,120.81103256474647
1718,18.18026732020499
1719,117.85478669298054
1720,140.8403986151753
1721,-69.72390958596941
1722,-109.02733137834754
1723,147.49603488710832
1724,-26.79075215967171
1725,-42.14944866367311
1726,42.062923137514616
1727,135.41791940613706
1728,109.20708832472371
1729,134.0609365198549
1730,1.5807727869078576
1731,-11.555415148512594
1732,129.98376073224384
1733,42.004949040462606
1734,-55.719212850975325
1735,66.593671895246
1736,126.1684995011352
1737,68.05860797878833
1738,-159.35258872517838
1739,-54.316229212126984
1740,101.52366900749043
1741,116.70020052092983
1742,-41.00431909246494
1743,-9.083318332276562
1744,-26.507681838246313
1745,111.60050697085322
1746,155.3418426925657
1747,-59.968715367318026
1748,-191.17051134357763
1749,73.70560763422621
1750,-30.17154866077908
1751,123.71485109250385
1752,94.47636100016413
1753,163.81666090828935
1754,153.9494835547047
1755,193.0967251790711
1756,2.415521973399521
1757,-45.916936160035945
1758,-24.93235790424184
1759,171.4685876272075
1760,87.52125755004812
1761,149.72731945942246
1762,-4.983817776580494
1763,-11.851288403822906
1764,45.38883960628414
1765,-22.74260131705806
1766,-39.21089684393887
1767,136.97762090662715
1768,1.781643759786732
1769,-7.094099179428667
1770,122.55317734513686
1771,124.90388126808622
1772,-1.3967342412371977
1773,-2.574279298236064
1774,143.06696040208033
1775,144.24446564289147
1776,123.76552860922266
1777,-70.43170068282933
1778,-64.18856248593481
1779,144.99716053258788
1780,-64.08986084330292
1781,202.82455988387858
1782,20.61897527890457
1783,-17.611860447075117
1784,106.23065049491832
1785,119.37950320351273
1786,36.940880982162355
1787,86.49819837673647
1788,27.326500121257638
1789,0.7434011907595561
1790,-62.163332308256756
1791,-57.971298587090956
1792,125.03510529072275
1793,96.53291520456978
1794,-27.511101131712834
1795,137.66969118572973
1796,111.98549288048086
1797,134.5666075850144
1798,-1.2665718974681113
1799,-12.28090763973863
1800,92.0533143039617
1801,126.310608783502
1802,89.151825231807
1803,148.9000947343388
1804,143.55808248077398
1805,107.81432891999064
1806,-40.60885790562391
1807,70.02950094162875
1808,-29.773417838769603
1809,-13.317586840142667
1810,61.000289321119624
1811,195.89498842005895
1812,129.3141842589696
1813,-20.909426782869943
1814,181.77220671140438
1815,110.83394822948445
1816,-37.70586690920827
1817,141.23652223316918
1818,-224.04331598984373
1819,140.20244720488964
1820,148.96417599583344
1821,77.05748786790141
1822,128.41442460331515
1823,-26.675577485293402
1824,0.6391877869381801
1825,145.2399054989143
1826,-34.80443476230093
1827,160.33899040102327
1828,-24.15802293417832
1829,-34.87471161756142
1830,105.48740927530814
1831,112.90899719831376
1832,1.9503942468527729
1833,-45.33037424692601
1834,212.3803033738318
1835,1.1636689523785293
1836,-24.9498303414197
1837,-33.07106958936464
1838,148.32251022684648
1839,141.977382008946
1840,-32.74339744987911
1841,-69.80715723516212
1842,97.08316102550815
1843,214.4278981956291
1844,-62.08117117696298
1845,177.35974915795558
1846,-13.883144397229984
1847,-237.71908170396182
1848,227.17172410182002
1849,-6.657462205483341
1850,40.53004166597819
1851,58.364957614612905
1852,-231.78177800002445
1853,149.4222802743968
1854,-39.059146304113014
1855,65.31368443931012
1856,-20.46473729806503
1857,124.6381464863838
1858,-19.750400271126495
1859,138.0988652556329
1860,-57.32436861995717
1861,63.54289954739711
1862,-49.70700492989233
1863,21.52852370208703
1864,-5.187596346468666
1865,125.16683885792771
1866,-69.24547752616664
1867,263.0310960151212
1868,229.4486764416486
1869,190.30644680679916
1870,110.01740191707489
1871,-234.34401500197805
1872,154.41470834666742
1873,-77.931222147936
1874,-41.77203502197737
1875,124.57308968246109
1876,64.37627735809018
1877,292.4043429804058
1878,-12.12839468811616
1879,97.98361288924409
1880,25.56213120356651
1881,116.77592152170345
1882,185.47873329323713
1883,92.761053718214
1884,10.52781967324438
1885,134.91021356280862
1886,28.648174733969398
1887,10.231515047533023
1888,109.91881682784577
1889,194.6021210679911
1890,114.47934649304723
1891,89.32569171794826
1892,2.8865963195896853
1893,-17.68690055936662
1894,-48.71939563018405
1895,-26.00329793306183
1896,15.272519163498274
1897,48.48833653226475
1898,145.83989273502004
1899,116.17945182549377
1900,197.25967435067423
1901,-59.93420156793607
1902,143.96354592575312
1903,-63.38021134644414
1904,-84.41126095072227
1905,-26.980172570888215
1906,41.78569672365108
1907,-7.5974066280710275
1908,69.32056609379288
1909,143.24830706734107
1910,214.00524115162182
1911,145.99143675929415
1912,60.35957808221254
1913,112.34020566540352
1914,-23.46389901571601
1915,121.11225186478944
1916,223.83153690156516
1917,99.25213977454231
1918,180.44415828682875
1919,289.18733569978775
1920,-271.6161484674707
1921,41.3178523027191
1922,21.467010821052483
1923,143.09957953970883
1924,152.07015213696505
1925,260.455657535972
1926,-5.839438615240056
1927,245.3202392444224
1928,186.3643841764589
1929,-10.39851948448262
1930,218.52753631307124
1931,-33.36620008707047
1932,122.7401308397083
1933,122.69974839340745
1934,155.07321838614337
1935,136.6568351047563
1936,66.68774783547752
1937,-14.508555654236588
1938,88.94620414659033
1939,209.60842635177482
1940,156.13426167008058
1941,87.49232844821816
1942,156.16386853219552
1943,-1.438884297369853
1944,233.96503785052502
1945,137.44604121620546
1946,-27.32013873109851
1947,129.88984229749454
1948,269.1403130458447
1949,135.23736102064294
1950,-44.78847021740614
1951,-87.54189321896968
1952,20.766283801634316
1953,114.58865155436739
1954,37.783497348305715
1955,-61.34368000582121
1956,134.7484117994511
1957,108.78364090023105
1958,179.016281326151
1959,90.62131596262721
1960,155.42562600429565
1961,217.41883681523814
1962,215.5820048987095
1963,105.30289213526953
1964,-3.8781159520045776
1965,11.389385210384006
1966,-0.3557406302037549
1967,109.37295048043195
1968,-6.6766042851619005
1969,-185.67708037766283
1970,19.717939941477326
1971,127.90292168558754
1972,123.29163834329024
1973,-50.100698658860054
1974,0.1929531873619652
1975,147.3224151533665
1976,245.4618076607187
1977,-13.470829417055498
1978,-50.17995309429569
1979,245.80499046448918
1980,130.54813034107295
1981,-24.399719042045476
1982,174.0476915192272
1983,109.61985810080814
1984,-9.53615737785995
1985,23.66345233468084
1986,-27.84165118921844
1987,-8.751841558601598
1988,238.4449170290663
1989,-31.244601838224554
1990,-2.8828508386994542
1991,11.304979997618474
1992,134.41880988639454
1993,264.0889263775547
1994,123.08570221824762
1995,34.48225005009908
1996,254.65937689735165
1997,-66.19053371443303
1998,177.0692045679084
1999,-31.23370788437893
2000,179.53216175896713
2001,37.066349143833605
2002,266.5246808623639
2003,-191.72880070392563
2004,123.16202010339377
2005,146.05788825727163
2006,281.14058209664665
2007,230.1995884535906
2008,-33.77894288639436
2009,27.311807404779543
2010,131.53919849120808
2011,-3.5801849017265965
2012,118.51622780709563
2013,38.317795347521724
2014,194.51355749567117
2015,-216.19332378708768
2016,34.46751400933655
2017,169.7394853343127
2018,160.2247256756958
2019,224.82201530039256
2020,286.0578522932604
2021,-24.236494343018165
2022,124.57696963520625
2023,42.064734285244825
2024,174.31803339883166
2025,64.64282033280574
2026,174.25977690075766
2027,186.63686476249543
2028,139.0325252178747
2029,16.27422982277588
2030,77.5326781390264
2031,153.43581243640634
2032,-131.0178997516265
2033,166.50534871007386
2034,171.96515673623728
2035,-20.37662452191907
2036,175.60706769857094
2037,122.70200851193779
2038,105.37686484939253
2039,152.71345331453298
2040,234.78498009948308
2041,211.7707243317791
2042,95.8778764270253
2043,175.7353920985601
2044,-81.66339434224457
2045,173.35979641153347
2046,245.80792365687321
2047,203.0930619663387
2048,-34.32077219521625
2049,-220.87100594128253
2050,111.04485817386168
2051,115.82831960381549
2052,-53.274591787454625
2053,162.46943951787466
2054,268.793824576785
2055,74.14355282647439
2056,180.28382763158018
2057,93.86569068819267
2058,139.7252693132054
2059,140.1124369609185
2060,261.865564701411
2061,169.316455860397
2062,-67.6943300008573
2063,66.48896878232489
2064,140.02458387519368
2065,-29.634803409664116
2066,86.26311376686286
2067,277.3520293903988
2068,142.04015344864035
2069,-139.7038669704939
2070,-59.45872515800238
2071,236.00307387967712
2072,111.2007168204344
2073,183.35689669153555
2074,-11.170301799574645
2075,174.78787569370851
2076,89.92323249035704
2077,280.9296819210497
2078,247.54951550230592
2079,40.81624083436166
2080,211.38669860435505
2081,42.17145305155414
2082,155.05172520354026
2083,107.04526109202297
2084,157.11279747218663
2085,14.351985727231309
2086,133.96897472934478
2087,69.34673390180902
2088,243.91593822833994
2089,278.1300363060728
2090,-34.100519712060134
2091,273.49650635972796
2092,8.473632484984634
2093,-51.90100057222327
2094,276.8682889544364
2095,88.90511471422948
2096,191.7635060893827
2097,200.61568892386842
2098,4.92313217144644
2099,-46.69503677309548
2100,-29.281544478212894
2101,224.43622919633071
2102,-56.46250053809574
2103,171.74782181759932
2104,258.64920382348066
2105,311.31724524912005
2106,137.38361733959277
2107,114.20551141504916
2108,-12.86560183242365
2109,53.840325118084316
2110,145.60274155753072
2111,40.069180872681926
2112,32.00024081303653
2113,189.98515715646425
2114,156.49258267250764
2115,137.55580579738978
2116,128.17277386437553
2117,155.3008326636602
2118,174.29710174301778
2119,246.89089703836513
2120,168.72759583788525
2121,209.73732047253506
2122,22.819916610078735
2123,253.69685751707092
2124,126.49570003400738
2125,273.7624493189459
2126,-101.20849941487455
2127,-4.787100097535443
2128,88.531295919304
2129,-71.53851280955324
2130,187.61092544072238
2131,69.89952148451533
2132,-86.08723138109613
2133,-16.86153907847965
2134,239.78167523946559
2135,-50.440499275810765
2136,183.76560252010677
2137,157.95842647645193
2138,214.72883649493832
2139,-24.659520483587443
2140,-200.55893151201752
2141,149.74659379262172
2142,75.26160030825223
2143,-19.529532011284857
2144,103.36257625958356
2145,69.3780113313476
2146,-42.29763638011117
2147,214.39068103922028
2148,170.94468883337348
2149,37.13005136341941
2150,247.0298332622153
2151,112.66199812420541
2152,59.24613787948725
2153,263.0314446117679
2154,83.52031843067115
2155,-60.508634120827395
2156,251.51281003693572
2157,153.04691291152452
2158,-11.97763493951615
2159,-73.87808069375446
2160,-37.87532872511841
2161,226.3903095555484
2162,244.92415468313843
2163,236.9508696140332
2164,121.63850392061855
2165,83.38047337479328
2166,167.38670158620928
2167,18.67228026041245
2168,84.63382501447161
2169,296.78113862755754
2170,265.7070093543952
2171,-27.85588361609257
2172,226.07244247435406
2173,143.7978298191797
2174,-35.90727422048843
2175,-63.86011276420865
2176,274.57969791046287
2177,194.92613172433568
2178,171.4880032933474
2179,88.8558140945148
2180,265.77663094168713
2181,-228.63699519761275
2182,-37.979289537467025
2183,-123.19375493134247
2184,89.21445145271642
2185,33.23577428816105
2186,194.85490550887454
2187,187.42688497184946
2188,294.58594587955815
2189,249.42859476695915
2190,270.20827542678944
2191,246.84581326636027
2192,82.37385724596848
2193,-290.3348000485813
2194,157.11501957395976
2195,259.17677992388303
2196,-276.7016811469033
2197,-18.806511397977403
2198,275.6247289245408
2199,95.10959875101597
2200,97.16197530926047
2201,-252.2799600341907
2202,-159.30739135253702
2203,135.44733526357726
2204,110.11336157586177
2205,-144.53696691627803
2206,-6.062980505242294
2207,240.5584769839171
2208,244.6310785289492
2209,-9.1305569688395
2210,114.41189968113476
2211,10.937232940441604
2212,238.561486819022
2213,232.37779521942912
2214,174.35252103050937
2215,-130.11080045994714
2216,240.40029217290217
2217,244.90020095807733
2218,199.54390301368082
2219,70.42035327685468
2220,1.096012295362499
2221,246.66489983353742
2222,20.37145323468876
2223,-2.20534918663715
2224,226.95953297592152
2225,264.4797294490488
2226,-42.27172169477822
2227,228.88189394987342
2228,-101.60261137390786
2229,48.87255753427086
2230,-272.79212654761517
2231,237.40646538007334
2232,146.93606773975338
2233,86.68371651605948
2234,88.39720448029964
2235,50.83105167506807
2236,232.80060773781935
2237,-18.00170726005078
2238,102.67506196539281
2239,-34.178447368611714
2240,262.9463700965106
2241,146.8117465513861
2242,241.10505531889856
2243,99.75823549550773
2244,227.07990014878015
2245,201.50654463592446
2246,-102.21184538154641
2247,-190.42311524407708
2248,163.86668795988638
2249,-87.59742884410261
2250,-252.09222349797372
2251,112.27300810362802
2252,241.8218166632051
2253,243.6088070511879
2254,62.23849821862782
2255,212.0558068350523
2256,117.86849522223943
2257,119.53776655316108
2258,266.1852665782471
2259,136.48721546719145
2260,252.344267311271
2261,13.870860563836118
2262,-216.66121226172004
2263,35.110820716825486
2264,-289.0485622945009
2265,257.05030305273533
2266,64.8224505208051
2267,255.47612690465593
2268,298.3507648893567
2269,215.68100704540467
2270,-51.08704919793625
2271,124.31921813460707
2272,-60.29427328054184
2273,295.55115170452495
2274,17.099653455674044
2275,264.44568355104036
2276,-7.0921658009283135
2277,284.01718526309867
2278,4.914220366165694
2279,229.74404052199932
2280,-74.03786699328633
2281,-11.440110960401157
2282,-54.47729085325603
2283,97.71882567068516
2284,111.27523435498777
2285,170.4802371310351
2286,-87.88825581771792
2287,97.13843640845668
2288,146.36858970556253
2289,-9.886069172728938
2290,241.20998200694427
2291,-33.474869677484335
2292,-205.95370011925746
2293,18.906278611453857
2294,236.03164397393905
2295,158.36728850730697
2296,-50.946329222110805
2297,245.81038533812074
2298,107.09245814427544
2299,118.59899520445475
2300,212.5000774460726
2301,239.00322419216886
2302,-42.26252906736586
2303,55.71908535940696
2304,-32.576064182610125
2305,237.0989485023125
2306,-58.60528807708367
2307,-57.03858286805729
2308,88.50671994405957
2309,240.45934662581007
2310,292.1687332115944
2311,292.70008641708307
2312,-6.195603335987968
2313,303.8567906284714
2314,-45.52139347931593
2315,236.24402177459794
2316,262.3345964418522
2317,-10.175421850912926
2318,160.94465400510887
2319,74.44366604651549
2320,-49.733449775893206
2321,256.17127825051995
2322,-34.29137195129462
2323,117.67656505871058
2324,120.44242503616107
2325,189.6231086507222
2326,-24.928176157735763
2327,265.64311368100095
2328,65.83018629363175
2329,21.613966343414944
2330,70.50020082494623
2331,88.02691289581895
2332,-1.5861763263203272
2333,-214.13017572315766
2334,-122.87706171689439
2335,-123.89249801017775
2336,-26.95597087158164
2337,-11.376375310884583
2338,-75.0382200627317
2339,223.46930898713345
2340,120.94521857563322
2341,246.51322065230244
2342,65.04424273963106
2343,239.6284855297383
2344,59.47820559617439
2345,71.41355285017167
2346,286.9191603520419
2347,-29.82923923598449
2348,-89.09632779744709
2349,276.54754894164824
2350,168.18228971630657
2351,279.2633144532796
2352,260.56192734959365
2353,-6.9969462034848675
2354,187.21736417551344
2355,28.750882682915744
2356,281.8247571152029
2357,97.05410870542553
2358,-17.1076582865782
2359,-19.181891223200324
2360,98.498382462396
2361,161.4807189887453
2362,-72.63370475277641
2363,220.90220928094655
2364,-7.690537781793097
2365,181.68415329365266
2366,74.76847063880597
2367,283.40194423965403
2368,-137.82308913724856
2369,245.76365584187747
2370,6.245811038217553
2371,71.24699571819765
2372,191.1318962984109
2373,-88.61475472217171
2374,-15.682006508486353
2375,-236.23613544373697
2376,293.9958986091963
2377,-32.54063305796278
2378,289.43954365112666
2379,-197.52067457774115
2380,238.50348728722795
2381,266.831156145587
2382,-50.76286572190348
2383,49.752741412921694
2384,-20.147170229719933
2385,-8.97925618189807
2386,105.51500211185316
2387,93.19217703419683
2388,299.39567501930014
2389,14.064233883172122
2390,218.12818729311556
2391,266.46615491108184
2392,30.00164143606375
2393,258.3529192415788
2394,-1.34100080989586
2395,169.97078497941885
2396,259.6090796515647
2397,93.11417195139452
2398,140.99430204870924
2399,265.7366651272598
2400,-29.72749382106224
2401,216.90124800975286
2402,255.77098477593537
2403,216.2957507828898
2404,221.34966659260067
2405,65.09782396713284
2406,212.50993613084268
2407,105.72211167732982
2408,138.89883983158302
2409,2.397350211261923
2410,4.117629392686013
2411,263.2005085524447
2412,-37.7057514156497
2413,266.32824583894876
2414,240.2079066219995
2415,251.19420613050198
2416,107.90272746107766
2417,-64.72201979584001
2418,13.552295590792411
2419,31.08658664905616
2420,-181.4074945339852
2421,249.88777035576618
2422,-13.013091262731834
2423,247.5769234413164
2424,218.41576245311796
2425,-10.603284798413284
2426,-97.13196057178287
2427,-57.11065965091582
2428,267.8936579478599
2429,151.21176243567928
2430,-28.162476137709476
2431,-4.291147925516896
2432,94.0978455811217
2433,228.61490814979732
2434,129.40518015739565
2435,174.6272443266529
2436,280.2780473954345
2437,125.61089547733283
2438,62.48187113604878
2439,265.0495897939363
2440,-47.66646752999915
2441,95.00379181653952
2442,279.8495137222602
2443,-29.21793727615345
2444,81.69234008145209
2445,-86.68355729858052
2446,195.58164609917998
2447,119.70957168324935
2448,228.25182073637896
2449,-238.29250502442306
2450,-144.5111070584419
2451,-52.92721755312543
2452,270.4285903893586
2453,248.51751951706655
2454,-9.734527951118793
2455,273.25948172881795
2456,11.968610104251738
2457,114.60236932354411
2458,-24.846806859789382
2459,76.47008976292969
2460,114.72724230599397
2461,-12.34129193909537
2462,-49.17697680211302
2463,-44.48151327501601
2464,5.177036472088091
2465,-0.8945390762269767
2466,80.31688728622457
2467,84.29866718173965
2468,57.08136095382613
2469,-5.3093133607357
2470,240.70753376177123
2471,-17.890430683494685
2472,76.28066259132477
2473,6.7924910822263485
2474,-65.83629901567309
2475,-37.00384208497786
2476,250.2933879789272
2477,-25.630072768219847
2478,6.405631825378137
2479,265.6469047775421
2480,254.1009134551229
2481,147.39009010410143
2482,202.2947612044575
2483,-72.3878689703431
2484,257.52313738033564
2485,0.6674700845216819
2486,16.389310022110223
2487,223.62865225003307
2488,219.75087526597275
2489,-28.03462049105225
2490,66.73922715937806
2491,-10.452852378204014
2492,109.72690413168552
2493,20.049860826247553
2494,197.67481726722093
2495,-36.94677607437512
2496,48.310318480378726
2497,247.88269988026425
2498,139.99815956526302
2499,114.10347722273653
2500,52.2959598984049
2501,-3.774548199483746
2502,-12.673505160675532
2503,-69.9269352364694
2504,-64.0991041226858
2505,-44.56233718084118
2506,-13.583603865035414
2507,250.25827340787123
2508,269.3636038986861
2509,-245.65415284313693
2510,-69.39226190137401
2511,183.02915679532214
2512,11.281653584057764
2513,271.05175679054935
2514,-21.973526240796602
2515,9.920885749986525
2516,210.8418265269823
2517,65.94280055161835
2518,-3.0821470896100323
2519,249.3157919482624
2520,-35.98765165578031
2521,239.55936232171672
2522,251.65738438142404
2523,-29.914283042447423
2524,261.2021252101847
2525,270.68977119051243
2526,-23.45685565122585
2527,114.43186268386495
2528,8.136459641283992
2529,209.40005038926023
2530,35.72189752030354
2531,74.67844530340186
2532,73.17648685365879
2533,-130.25805046307954
2534,-58.79489428092039
2535,194.43813140292875
2536,74.68935890714059
2537,-17.995902138796225
2538,205.64634134888215
2539,197.8472894689459
2540,275.57028427895784
2541,104.10064691868571
2542,218.68573919402817
2543,-24.735500626037265
2544,-167.58036147886185
2545,28.01061804918492
2546,99.79436086859815
2547,250.81578119021995
2548,257.92194215850367
2549,289.2417393872184
2550,1.7338004080940834
2551,296.8725404013673
2552,243.00379145084253
2553,31.824754829629427
2554,64.92099931016864
2555,267.50368926284284
2556,275.71912493571097
2557,257.7430199613901
2558,227.32158702669355
2559,-119.56829207422842
2560,277.794136484347
2561,213.58340379812418
2562,-230.20487159378334
2563,-47.05721656584748
2564,-64.3972175568858
2565,-64.17261985943847
2566,57.831905403979434
2567,145.7690475674426
2568,272.15117336077157
2569,-66.17431949743651
2570,249.74470422428175
2571,83.96850936190833
2572,8.627012754282703
2573,112.08786089646067
2574,-47.233982098565434
2575,98.5625479300753
2576,-57.30713624907325
2577,225.31815640338465
2578,227.0692632606013
2579,131.69787669252167
2580,252.88960613274259
2581,-112.93439746318226
2582,-12.931370386401355
2583,-12.920352560066334
2584,-20.661041651522808
2585,129.26392968551338
2586,248.24107252963026
2587,88.89272682326651
2588,-12.359000321450111
2589,264.3507777829514
2590,-12.766844140439702
2591,248.4517411844202
2592,-35.85570495724399
2593,224.2085708702839
2594,217.3067833759656
2595,-58.98612931508004
2596,106.30620482280634
2597,-122.02696525143135
2598,-35.95066621961651
2599,44.54702402497587
2600,0.39470530712954144
2601,247.08862102600483
2602,107.14442081795809
2603,95.16397115065791
2604,3.7654378120442287
2605,-36.16684537287476
2606,115.23096667024798
2607,107.62292330256973
2608,26.926236543127033
2609,-206.16584473102574
2610,298.9004076328739
2611,-64.9328367279281
2612,22.96909013022524
2613,140.54103998221623
2614,-4.644896450052414
2615,-35.763083689826075
2616,282.2816136532055
2617,94.93291441036483
2618,219.5460696203292
2619,-66.67510786979068
2620,-50.88374457688811
2621,-2.910297830154505
2622,253.0544462765081
2623,250.63013303518363
2624,227.74923226831572
2625,254.31501694841828
2626,233.1971243508532
2627,294.9489913475387
2628,209.2714403153816
2629,77.82808479498006
2630,-73.87223594940454
2631,-34.48552541751596
2632,215.3440400741962
2633,5.397469588315332
2634,243.02969052871867
2635,-73.21725591646596
2636,127.0476860939681
2637,210.46076138203068
2638,236.95751867006987
2639,-80.71452144850998
2640,272.1858380056895
2641,-13.577817067970145
2642,-29.643982638089938
2643,230.96996638433544
2644,24.611235868343826
2645,4.386038790367962
2646,289.36185821668874
2647,228.7554024407707
2648,-284.98826689624514
2649,-2.1895843189409305
2650,98.83851118162504
2651,10.264595414884624
2652,-35.19917053292825
2653,211.3159794471681
2654,109.19609702971398
2655,292.60753209383006
2656,105.59456868346183
2657,79.72917729017848
2658,-37.28883262108433
2659,-20.204774293834816
2660,121.33834396218026
2661,88.4216874108927
2662,-14.74724365661352
2663,242.2733762407227
2664,88.47614989245194
2665,136.05242621872551
2666,121.10823474014884
2667,264.8951039819018
2668,121.19313964214876
2669,228.35300412620018
2670,215.55317642144004
2671,122.1155700218345
2672,266.9288948928114
2673,-8.72713461383664
2674,84.39695064889307
2675,236.21245518653674
2676,-71.23728237525636
2677,60.06358029290582
2678,4.832488397023681
2679,0.045327961580994724
2680,-27.086335163182838
2681,275.2623591403236
2682,-34.37900546552845
2683,254.29831852745917
2684,297.5239545816836
2685,12.713108781653974
2686,-17.27887894304611
2687,284.1258259944726
2688,264.5365900417037
2689,132.75096955632756
2690,130.76659153870008
2691,228.4978536975506
2692,-1.2651014428757037
2693,196.19898198261575
2694,267.629076298728
2695,19.370369747348207
2696,122.96185809818748
2697,243.77475595004526
2698,267.1200013468703
2699,195.05514397738915
2700,109.25293441740696
2701,-27.320910956755853
2702,73.24435611557901
2703,-1.696635911117994
2704,5.752117516203014
2705,269.42312827358535
2706,-0.8443348733359812
2707,138.94960066182284
2708,101.18926870336702
2709,-20.39506296327056
2710,-329.2752955458714
2711,13.580046954174563
2712,232.155472218952
2713,217.92323032938157
2714,255.7309964049567
2715,-67.47888254479295
2716,204.5728789625965
2717,-10.47313609299465
2718,260.45150888344983
2719,-152.73339322780998
2720,-140.85094043390234
2721,264.4147318093479
2722,269.4418649944975
2723,247.52361364447995
2724,274.81002314422255
2725,-33.3498154647306
2726,267.0435095031033
2727,-27.800819146730532
2728,293.4953733170805
2729,225.4934721309566
2730,256.3841572907438
2731,-6.8644145512788555
2732,25.538004272471156
2733,248.78985488256112
2734,134.64218809856013
2735,226.5424674909161
2736,137.96262475465252
2737,239.79994686452602
2738,122.13537992853288
2739,266.8731341805443
2740,177.7763377349367
2741,227.04599868547228
2742,303.0028582127234
2743,146.3632397155151
2744,134.86749476007117
2745,207.4863751567389
2746,90.82992423069615
2747,104.23550099715024
2748,-13.448815202162905
2749,267.7245152207536
2750,1.9098989316533732
2751,257.467352370356
2752,254.54606557660802
2753,47.17752606676318
2754,36.827556312278304
2755,-34.766337249041555
2756,154.5584968359661
2757,77.98088097616923
2758,99.60578889341252
2759,269.3994580433881
2760,-128.68024206196355
2761,-26.170582167286824
2762,291.83389011327785
2763,75.24187177189991
2764,-9.825162604416846
2765,-29.02941433019197
2766,298.20498994168565
2767,-139.02180890507248
2768,270.1093497621889
2769,7.38098914663621
2770,-182.71793206806882
2771,-11.966392072435482
2772,178.0676559637853
2773,101.3999575341478
2774,-114.06509514789744
2775,-62.92653255589357
2776,124.17014937885949
2777,-53.183305120021764
2778,-12.212435321638608
2779,-20.373540356397754
2780,152.3542666795997
2781,109.18712558469565
2782,41.19006525732948
2783,141.48320873326517
2784,97.46420642643561
2785,-274.05574282743237
2786,-17.198963295734984
2787,-27.727396016993154
2788,20.447615728879036
2789,110.23570525975758
2790,243.28999265494366
2791,90.05835404440762
2792,185.92713931349732
2793,248.25074639413413
2794,280.9170732624643
2795,112.54498324958541
2796,-135.43666657951738
2797,8.499625311747153
2798,-27.5042738614586
2799,5.047411341900669
2800,248.0719340047024
2801,206.7424153182198
2802,261.0307903983912
2803,88.88353391164642
2804,-15.936074060327229
2805,-7.269808295596789
2806,284.84605732767943
2807,113.13461534589648
2808,-59.688791787822616
2809,6.808005200839489
2810,188.67015409133586
2811,-177.7368785533528
2812,47.87478151082473
2813,286.77902306868987
2814,229.6534311414002
2815,248.5269725281601
2816,28.868761178081513
2817,-16.277003199579312
2818,249.1705089050369
2819,-28.94670503461934
2820,-33.738014469588705
2821,261.89294417941585
2822,261.67839585992067
2823,275.32226747064476
2824,251.33729557659046
2825,295.094371436292
2826,-35.236523976589694
2827,-51.84679212760996
2828,211.65091753733583
2829,-15.019131276779461
2830,212.68459443703668
2831,247.94946477664263
2832,80.26799605636667
2833,-0.8826601610931561
2834,261.1264426924648
2835,130.47229914713006
2836,124.56035713949294
2837,259.3409852023956
2838,-11.6208557070794
2839,70.81533075717115
2840,162.43015225744386
2841,278.77517343056377
2842,114.38265009416233
2843,258.049645178507
2844,-50.120281996733354
2845,260.9601872894698
2846,90.91746822919164
2847,243.05063983462043
2848,218.6217970844579
2849,278.9407191716542
2850,-13.846751319601921
2851,287.50970984445905
2852,-84.09611049796226
2853,-162.97226860627165
2854,-112.23883500223667
2855,-125.17696565810223
2856,268.49668922093895
2857,4.651965539580885
2858,265.98138563482905
2859,1.6497987183116578
2860,250.01341805460132
2861,249.03168170916143
2862,233.36082187504812
2863,108.68742591949724
2864,-45.0716225696427
2865,275.02504758374295
2866,249.43528795033887
2867,255.34174746234382
2868,15.095191860878245
2869,240.01733880628947
2870,259.89386756687213
2871,266.47086745760976
2872,225.22179925773912
2873,286.2019924607702
2874,274.4065117359796
2875,8.678073647464373
2876,-5.33667460215878
2877,51.42820811333259
2878,239.4200171714432
2879,279.33349456455835
2880,253.84105236702428
2881,128.8777100181938
2882,246.27422452664877
2883,214.99084461268473
2884,245.4712339718101
2885,71.43352455420938
2886,256.6350345154635
2887,98.33151847815758
2888,259.0237917658619
2889,68.90938804924771
2890,-25.68326452698541
2891,253.0255043075176
2892,34.44542957967519
2893,241.66172868400224
2894,-165.90582613000663
2895,290.8571923951878
2896,255.01663632814228
2897,188.7593103342878
2898,-38.80296024647032
2899,107.18107801907895
2900,221.69658095387396
2901,286.9496590490255
2902,206.55108535493213
2903,257.11081429388094
2904,83.70754777407961
2905,258.3849280694464
2906,76.3750427879873
2907,-58.8771612715146
2908,242.7012028129072
2909,3.2636890536919765
2910,226.29629402652364
2911,39.754017327044934
2912,-6.662967490182197
2913,268.22139930547155
2914,255.99610809255657
2915,-48.33884005764479
2916,19.20645813309079
2917,288.3918324463365
2918,71.71600554956687
2919,-48.17886780059103
2920,274.0027038094546
2921,-10.305247338049128
2922,98.22952651040674
2923,115.26173510241468
2924,74.98796922447632
2925,-36.34686136888557
2926,257.74935979711825
2927,223.03015229263286
2928,239.99711025786678
2929,-42.98851583909462
2930,165.01518289406135
2931,5.280544115246869
2932,50.42650561790569
2933,248.78718044056828
2934,10.399793017087617
2935,117.59034887859312
2936,176.56072498667157
2937,88.64798006342326
2938,-109.83011236646632
2939,121.64027492583672
2940,-171.50069061246563
2941,228.54586534070097
2942,269.38674588203895
2943,264.2687759661536
2944,213.6140851381291
2945,267.69373274208056
2946,10.16416438169206
2947,244.0078692689192
2948,215.6221314020403
2949,93.29951610602929
2950,143.98534431067011
2951,-36.32602084930879
2952,151.57526043099443
2953,250.83370143284236
2954,2.6478348411546477
2955,-66.12067226390573
2956,271.8238274863159
2957,226.16009796841035
2958,265.9741848640863
2959,99.44106110647164
2960,245.4485185348677
2961,268.31607841851354
2962,129.03826761468548
2963,139.9551865990143
2964,-5.721399901044165
2965,255.71190835180914
2966,-49.42458534160256
2967,211.01150948042942
2968,30.187574051162017
2969,217.42131777975345
2970,265.63034511289925
2971,31.641909890080086
2972,-216.4023371411846
2973,256.7496860611694
2974,257.2921509185491
2975,195.12547459314834
2976,120.05790712748002
2977,80.07274501843042
2978,65.55728589776493
2979,234.31466770534098
2980,101.78509829078692
2981,35.49597953887477
2982,154.45739600551966
2983,257.1283739580248
2984,271.3802690361896
2985,240.0458704389889
2986,240.39112598812991
2987,-26.77384739252284
2988,251.66592010369146
2989,-31.110427929851056
2990,67.0655517107877
2991,-12.041024186556797
2992,-16.97884982005793
2993,18.163671816164367
2994,68.46217203131506
2995,118.58267189370933
2996,101.50983510256553
2997,-58.4161769894707
2998,-90.6531934643765
2999,-16.26664741966168
3000,240.77720980417288
3001,-73.554091348437
3002,-40.67976549150562
3003,-28.225364286444787
3004,12.290602444183946
3005,245.50299200433815
3006,218.78003281387197
3007,251.8309454816117
3008,234.2413238798112
3009,246.83958477077465
3010,243.89364688800535
3011,116.2375825480469
3012,225.61315870798106
3013,221.16059605748387
3014,1.3733101606541993
3015,-1.4455255656227877
3016,28.53359760410467
3017,232.51504811721594
3018,-3.957066337418837
3019,130.3666106063059
3020,245.5914063512604
3021,-11.498424911050265
3022,247.26390492124355
3023,-39.79715568577106
3024,271.0961505725138
3025,96.61195533515345
3026,220.08616323359092
3027,-6.0070004128680665
3028,296.6125620396632
3029,194.5299441525641
3030,-105.52943479580003
3031,82.30236605642725
3032,44.2496779464002
3033,-15.906722983350235
3034,264.99192105644477
3035,-7.5062924608534445
3036,248.72887359699982
3037,95.06442198412174
3038,288.5763657127365
3039,99.38317561643377
3040,221.23570495022108
3041,263.0939692823945
3042,250.86241908969654
3043,198.99998362796208
3044,-18.589926533449272
3045,248.21431900378477
3046,269.1069496671937
3047,62.459258882495035
3048,193.8554198103335
3049,-55.76408466643329
3050,247.7737964879575
3051,244.5553100251467
3052,-35.3502761985323
3053,-18.216725319121053
3054,251.21069849448938
3055,97.41207369387573
3056,-108.9335448097246
3057,207.30050162881278
3058,241.240267622901
3059,-43.05725087082926
3060,213.59311638092467
3061,83.48850964162085
3062,286.0795352646315
3063,109.77790240796995
3064,57.26101322224278
3065,95.64826018943602
3066,-198.92524279384767
3067,218.225885097095
3068,290.60876876673444
3069,-84.13849594783409
3070,-10.429294848152338
3071,-81.5698173683197
3072,-20.233522342610044
3073,111.31638147680935
3074,-40.93757057692943
3075,182.93221292094708
3076,-0.6670929916145383
3077,119.76772955325526
3078,67.72294529919517
3079,15.661587866421755
3080,198.54916120379534
3081,48.28981289587611
3082,71.18851135583449
3083,-53.070823670461294
3084,44.6572747222512
3085,261.1489310369575
3086,-47.93845501640159
3087,-24.263371210252416
3088,116.6001081189144
3089,-204.7476709478609
3090,222.414056549937
3091,184.17380368877457
3092,-18.73954258929608
3093,264.8711450483945
3094,273.38727101726306
3095,63.60139747178938
3096,-33.38847303027791
3097,114.36026672426404
3098,74.89638384733205
3099,223.17466455303486
3100,251.72069985782724
3101,-25.701208026475157
3102,-28.312251737657178
3103,194.2260653482934
3104,141.4086271352662
3105,-40.73367689637787
3106,-56.59872327482233
3107,-6.957323672232604
3108,284.53859851167135
3109,235.75735135045466
3110,40.89407043909537
3111,277.14181451148215
3112,-43.51063129587436
3113,270.73196460003345
3114,125.78799638420979
3115,-61.359018846271255
3116,241.99720986526802
3117,111.26339188609685
3118,299.03882979824914
3119,279.7905268191352
3120,99.5077124923548
3121,97.75202991930045
3122,-58.10381769836374
3123,15.52417640567323
3124,-41.577798279638344
3125,10.84800795944058
3126,147.50235224162097
3127,239.61928575444998
3128,204.49294028122165
3129,-26.364724823933514
3130,235.61697282187228
3131,-36.50716606042708
3132,-22.54738087704122
3133,-13.010400852717183
3134,44.82299451466254
3135,258.5667537576618
3136,61.431124554166374
3137,282.1564088744479
3138,-48.918599609605735
3139,83.77104352025329
3140,99.76219465048246
3141,264.2602954249219
3142,79.70317617261988
3143,-16.822416674911324
3144,131.3408020773757
3145,-40.65986558294431
3146,253.16011593197726
3147,236.8505240084772
3148,-48.96847772086143
3149,195.59403241014712
3150,271.8762137617302
3151,5.331332578919043
3152,238.91605040755667
3153,129.62026466235432
3154,292.926550712237
3155,4.083756524183144
3156,274.77346852015546
3157,180.94709575789378
3158,7.776232430719006
3159,-20.441110222700246
3160,87.229550424304
3161,-33.52602650608969
3162,-46.429214834201986
3163,223.476837001665
3164,231.28882843401493
3165,-18.77361885096913
3166,117.30483476822153
3167,-191.35591174563817
3168,256.00387568800346
3169,-62.93891160457683
3170,-16.628547749041246
3171,43.1499701415367
3172,81.62152173428586
3173,-189.00625229788767
3174,208.23729077618364
3175,24.877576941856077
3176,-79.8178864492591
3177,298.1713304099347
3178,87.77114459823063
3179,-247.65347420730495
3180,260.4223661666658
3181,-23.735025064986473
3182,-72.23835491981632
3183,203.49058294446363
3184,242.17889447449772
3185,263.7893192165579
3186,66.3380585906087
3187,250.16298464928877
3188,72.96419636877224
3189,256.338800225849
3190,250.4976496317114
3191,43.67143103238908
3192,288.7917780981832
3193,278.76332584002535
3194,-5.953689380506319
3195,-56.12425473491221
3196,8.00476100911466
3197,233.41957574432985
3198,257.1078170080641
3199,-25.62457391098279
3200,260.566592256816
3201,-47.02668531485027
3202,85.68870648056284
3203,222.065164875791
3204,240.66543273488992
3205,-55.19905932224337
3206,244.688413259787
3207,72.01784707970145
3208,117.4114403593373
3209,5.435691675869066
3210,85.36123363334382
3211,210.07001720782517
3212,257.79296422843663
3213,218.81870440604297
3214,287.03753535688975
3215,245.63041688048804
3216,237.464404111647
3217,-10.789405068310458
3218,216.52746876659342
3219,-27.07790563054634
3220,63.16715727162634
3221,0.412770285668131
3222,128.35243228327758
3223,156.6202807568057
3224,198.97002919387072
3225,-26.15210570188657
3226,240.3383217406996
3227,294.34105104006716
3228,-16.043220969444263
3229,-13.865007901479274
3230,232.6174674829963
3231,282.87613061111574
3232,192.76803098396937
3233,-14.66496365037979
3234,49.972432491749345
3235,9.033279998492446
3236,63.35247770802237
3237,-26.421544623207453
3238,124.24470969963883
3239,113.52628811454825
3240,202.30051543688353
3241,270.92466141802413
3242,-57.944707396559664
3243,185.59672277599833
3244,186.31034506128165
3245,36.65517940539854
3246,222.52311201845822
3247,233.04316415839392
3248,137.73671163664548
3249,-26.102978108224903
3250,-11.994904184806202
3251,-39.99736155484166
3252,239.19053139802236
3253,17.1928659300999
3254,101.31850878752881
3255,-9.041990997337749
3256,-43.98297855587495
3257,295.959178818289
3258,-15.627898073578521
3259,208.30395075557783
3260,178.53207819966815
3261,256.2708149543209
3262,85.08205753495875
3263,124.39145796092767
3264,4.289927960154927
3265,114.11973109388273
3266,-48.14942826804911
3267,258.3552480227662
3268,10.080918036691102
3269,236.2421617895035
3270,191.21773774732685
3271,92.72537824465152
3272,46.181543180145766
3273,67.12640901349118
3274,286.96943106781475
3275,227.4703112017437
3276,-65.2996718774376
3277,289.5365433643527
3278,274.11753148382525
3279,284.19723489232854
3280,3.260841496514729
3281,120.16316078122235
3282,-43.23655681336565
3283,244.96693901798184
3284,-30.06390736174133
3285,-58.56582720737525
3286,142.71583871743263
3287,-28.187314603367795
3288,225.0522264847578
3289,259.1936741035434
3290,142.87674603916759
3291,253.14765704959217
3292,293.95161798242725
3293,-98.38681801241077
3294,107.19403983011692
3295,259.9880182844744
3296,270.15171780090816
3297,273.0504558842152
3298,253.51710407159277
3299,244.00658460378688
3300,-18.606007030537512
3301,-25.839556742668677
3302,254.52608468404466
3303,276.92011594425054
3304,163.07912745607427
3305,239.2691449814948
3306,237.26517307381204
3307,27.50439455375158
3308,224.0871600374166
3309,274.41143813726586
3310,298.43200644524336
3311,-0.2733678490289009
3312,142.82783743271736
3313,2.8774566944384077
3314,-71.11081065180116
3315,-4.280876621139754
3316,248.3851131682831
3317,-74.87024940749737
3318,240.93455478434976
3319,-55.91666973814403
3320,-7.976964171417578
3321,242.021617905396
3322,216.68614764816266
3323,289.0342210210309
3324,215.07867379930408
3325,-32.21480513507241
3326,209.6125726328031
3327,173.70412945187414
3328,16.766073350805087
3329,198.74602687219277
3330,274.53515671655623
3331,226.95909481484614
3332,259.977177103681
3333,-7.622929077648948
3334,93.5021107289602
3335,232.5733805042422
3336,245.80791944634916
3337,-1.1726012262302135
3338,265.38951881317416
3339,248.75089300667378
3340,251.53782499703075
3341,218.7702842435093
3342,-65.66299187582555
3343,229.33363223757863
3344,267.97659682195297
3345,250.1574378209027
3346,16.719960297073058
3347,89.08422109842415
3348,142.06490630721956
3349,225.49522926742566
3350,242.50890058263525
3351,260.24943348023237
3352,241.33917027671316
3353,119.77388361649497
3354,1.6946841598635132
3355,-8.120412606493929
3356,6.917078695911783
3357,32.585400337049634
3358,113.86402984019162
3359,227.62059399700223
3360,200.71844339807555
3361,105.52079888605938
3362,279.8792053605413
3363,284.24119841105585
3364,-72.41553974476739
3365,176.25907248656642
3366,-38.35056870864788
3367,240.00305767948362
3368,222.19428718325054
3369,-63.53586905546568
3370,62.475548091012996
3371,-47.65897697111291
3372,252.0702678780378
3373,200.113481562157
3374,251.20004285902277
3375,236.40550787610255
3376,290.5349632120276
3377,273.6635087211356
3378,214.89568270801175
3379,-84.39527069031125
3380,-76.69459295828086
3381,237.04583235654528
3382,38.20415156627561
3383,-43.241968287357736
3384,95.92208133605618
3385,215.5535425957893
3386,159.73813319487968
3387,100.60692562735305
3388,249.7042173297724
3389,312.1540521261963
3390,-25.760231305667503
3391,244.91686848786748
3392,229.4402657440946
3393,-44.065629393078
3394,-61.708722039066174
3395,253.33224409317646
3396,234.69043927976526
3397,37.31722513105899
3398,245.27968766112986
3399,-138.9402205666923
3400,65.97867508513967
3401,222.94709178500858
3402,251.295890948559
3403,-25.891925258636746
3404,260.0629225197107
3405,235.93581399483622
3406,-84.27109734769459
3407,51.729076986482404
3408,247.09737068820385
3409,-42.47391478462633
3410,213.53514808113744
3411,54.45511278504992
3412,152.04093184793018
3413,-137.2361864692986
3414,261.6327811128642
3415,193.7444512498639
3416,243.67943630557323
3417,65.76644775557118
3418,166.7389270677136
3419,162.75989506198997
3420,204.43892721850423
3421,239.58797551925124
3422,211.28993142174
3423,260.0994745176964
3424,6.0097620309247475
3425,259.3470147619108
3426,-33.423907551702854
3427,-28.61443500180009
3428,264.54950499856676
3429,-19.482082281346607
3430,182.1572080183044
3431,243.4734227704077
3432,268.21916753101135
3433,-235.3411032434529
3434,-20.809992198118366
3435,268.5065764450886
3436,116.17552172121438
3437,253.30413099844685
3438,-17.54770485639024
3439,7.7866422296494875
3440,-9.714396452420544
3441,-13.209196849156243
3442,-11.32219140486994
3443,91.47906141257899
3444,-258.38777018298555
3445,280.0186333330477
3446,77.19931418470121
3447,-22.945653250071373
3448,-61.80242813010803
3449,198.9650491030314
3450,69.14461061696758
3451,218.7270200457213
3452,-12.62765469945927
3453,283.3992935751411
3454,283.64759388433333
3455,59.75698262884187
3456,259.32145675409834
3457,11.622387173841119
3458,71.29690748096851
3459,286.5316737955235
3460,183.60095506164055
3461,2.0119660845429337
3462,98.00319092072274
3463,256.3426365370981
3464,228.1184415870857
3465,273.82602628381784
3466,-100.92533112863906
3467,225.47696258289074
3468,104.62374158059953
3469,120.82323194680956
3470,17.76046604848186
3471,279.1797075277872
3472,133.6907251164999
3473,-31.48366799612174
3474,-31.914442949727444
3475,217.68586463751816
3476,225.29016441106583
3477,250.5815208818348
3478,108.97262937242468
3479,14.249902236209408
3480,179.53995006868772
3481,-57.29181805158592
3482,-159.81225603706596
3483,190.17076115210108
3484,86.4690925765475
3485,266.2487812077759
3486,207.94150519639578
3487,264.97424801332374
3488,123.60440880529053
3489,-11.161801719028617
3490,229.46903647556454
3491,211.6359918237406
3492,103.13736425350977
3493,275.82522163490347
3494,37.428050493734816
3495,117.78011817987924
3496,-23.50708873990871
3497,219.4872374298665
3498,-59.438811850201375
3499,243.782146591101
3500,245.07006840842146
3501,54.69887031499414
3502,203.63872303750787
3503,28.14077132082636
3504,256.2725279501211
3505,0.8500861397834285
3506,-139.98113310261442
3507,217.01694580120093
3508,-81.6118787418125
3509,216.09360847533702
3510,206.06100243377392
3511,-8.705026362689424
3512,285.32966700942836
3513,-29.182518134234357
3514,280.01579815927226
3515,36.4224320049573
3516,284.42093636377126
3517,252.6004736684797
3518,99.83269040316894
3519,110.12755554760969
3520,-27.76809170679178
3521,232.81730076648665
3522,131.78880086282945
3523,127.38702734035172
3524,-176.39658517573832
3525,172.66102613043265
3526,-14.104914360784065
3527,10.125356102795095
3528,48.65701540305451
3529,213.47893575436703
3530,28.34261685166972
3531,95.55617505859726
3532,268.25875175674014
3533,231.539245124901
3534,96.12653237359304
3535,65.75450062500751
3536,212.01225864853868
3537,231.1962250964153
3538,-0.4672805003253018
3539,-24.498587663389912
3540,-185.89075306973743
3541,101.20861472616922
3542,-117.79775643989345
3543,-151.0235881172957
3544,47.309489019474
3545,71.89369315858244
3546,269.8482048818396
3547,201.29040598628046
3548,294.92312531163003
3549,-64.0298505575065
3550,-146.5408867372886
3551,83.96373142638649
3552,-81.37746288549663
3553,-222.45703802011295
3554,-5.823061151195262
3555,28.408942184496283
3556,272.5420089427813
3557,271.77537080755303
3558,272.51570951635216
3559,229.78608662046943
3560,126.36912693829737
3561,149.629259962455
3562,289.1239763687131
3563,260.19971984085157
3564,-77.75496149493205
3565,77.54463108306571
3566,283.6459292928429
3567,54.73125021695752
3568,102.05247283606475
3569,266.11518525647
3570,-281.2145193436762
3571,22.041138849260392
3572,214.77927470636652
3573,85.38605464649866
3574,69.91861971980829
3575,14.72719188400319
3576,262.68438226955595
3577,224.60401127265226
3578,279.1906798612504
3579,212.7159121830892
3580,227.39269032426137
3581,-15.348432306989679
3582,237.63652962233073
3583,275.2100724742711
3584,-77.22677619758689
3585,78.39333756465626
3586,-34.746063870306244
3587,260.9417298847549
3588,127.24839726184085
3589,107.12276006520082
3590,143.15161949658219
3591,-21.73130807139499
3592,28.18822198653831
3593,33.27223414738191
3594,258.8311439964681
3595,103.16303970047306
3596,249.07289238476795
3597,-40.99858146021296
3598,277.5611061042134
3599,109.46304798363948
3600,49.000639806597036
3601,206.73998339749875
3602,277.4932806616569
3603,214.45806174780967
3604,110.21277930228955
3605,253.87634375582178
3606,113.60163484059468
3607,265.7713943503036
3608,113.04752315622181
3609,249.25139229074364
3610,-25.16887068017803
3611,30.696492410719827
3612,255.78970235419337
3613,-196.84174558450053
3614,87.36286022911517
3615,75.41224806565148
3616,256.2236194119715
3617,74.15152828445261
3618,94.15569708191262
3619,-34.98519127258538
3620,110.22032144909345
3621,131.5704538428315
3622,202.6956154899344
3623,81.20614671441686
3624,-3.903015253085144
3625,19.809679537064028
3626,178.0920337823566
3627,205.37704255076497
3628,1.5525011844762133
3629,204.62806239187424
3630,239.1916339708908
3631,229.19757797776563
3632,-2.3395442424402404
3633,252.46104227177813
3634,207.46983492398726
3635,248.1283304620672
3636,28.586230016502206
3637,293.452220438166
3638,-1.6222235666053137
3639,260.96007218072305
3640,7.3093203580131245
3641,275.51592695364
3642,110.29954781727461
3643,238.5267595437262
3644,254.65260493157413
3645,268.0549213887235
3646,-96.6013171323253
3647,107.66349929233651
3648,191.48252977629994
3649,230.47484956078813
3650,216.27601737170724
3651,92.38921123915682
3652,139.72814919773163
3653,241.34171486588886
3654,110.8627830033204
3655,245.16076367154255
3656,153.47519391264242
3657,103.40842302294931
3658,69.49089504306323
3659,120.51358420712158
3660,-212.9798551262798
3661,112.1787156715421
3662,237.8548307363842
3663,29.026727498063337
3664,-235.4616039859311
3665,210.008488242351
3666,155.86598074278453
3667,41.751617439907335
3668,253.90227202277032
3669,250.0164547550621
3670,241.62656655610851
3671,7.470426413305063
3672,266.19345857877784
3673,35.80105430866698
3674,234.5673653439205
3675,260.26241489848337
3676,-35.04314165433961
3677,-159.50362934133523
3678,243.06108163377536
3679,198.48090222476065
3680,-191.63600400656895
3681,222.5302072183804
3682,102.94172712109666
3683,-33.893239822380224
3684,125.23794313390816
3685,17.538401236331495
3686,-5.065375448980916
3687,215.70588653772737
3688,11.325390051303529
3689,-4.731680528602084
3690,-1.8067555897264072
3691,203.9884728670686
3692,301.80403024248994
3693,187.3991126837521
3694,30.8688113900717
3695,284.5880837554865
3696,-78.70449398199126
3697,-130.23850792054125
3698,101.09249753318095
3699,291.3743793564764
3700,242.2939471713553
3701,71.15620895932871
3702,-12.799824070539984
3703,124.5899407208901
3704,-31.97754966494429
3705,278.2081619030596
3706,241.30561897976733
3707,-27.918299744496764
3708,-65.76233743620615
3709,-11.348565143746598
3710,258.5294320222646
3711,88.32199108258447
3712,223.9075720931005
3713,132.94338862079735
3714,61.01893038043991
3715,84.76271443790465
3716,24.045072202812435
3717,268.2032418125299
3718,-177.36597236229073
3719,218.2467589383856
3720,262.52553915587384
3721,271.1062049116554
3722,264.0823276945474
3723,107.78884077016595
3724,169.47261785696884
3725,216.2438056003038
3726,268.95426370492646
3727,159.15692477653263
3728,-51.30130699112041
3729,227.81500929033763
3730,119.52149762062193
3731,115.6579744630379
3732,194.1226954127405
3733,124.77296484692582
3734,-85.41776630157307
3735,283.1987142420538
3736,99.08727769287763
3737,81.8071321120349
3738,2.396379163044685
3739,67.06909960099966
3740,81.88831285014894
3741,245.94845037692443
3742,88.88042254349968
3743,-16.530493636105717
3744,132.46562280131533
3745,107.13651949689877
3746,288.11044998245563
3747,243.29100971208146
3748,202.6914495710388
3749,-14.177687063197581
3750,241.1037001776613
3751,248.74357417672243
3752,-5.510407236140864
3753,-22.795524815184393
3754,246.23501150681122
3755,-37.072187825105416
3756,267.59617757684896
3757,286.72664765126785
3758,291.92171744935456
3759,228.21440555323719
3760,217.88148558991227
3761,104.66944694671537
3762,298.54323161069055
3763,-38.33082355773635
3764,55.639774400770776
3765,17.183139573554072
3766,125.68514964392892
3767,215.45244905183765
3768,264.4046825709453
3769,237.33596039976277
3770,291.6250805680618
3771,270.2042427313828
3772,116.31277393502498
3773,237.6166437978611
3774,225.44807896897066
3775,34.00584460044519
3776,-118.59733344116864
3777,274.1342218245369
3778,273.36623305045435
3779,263.59750026873087
3780,128.3948716248996
3781,130.07781785558888
3782,-121.872147724132
3783,267.8531383560695
3784,-121.70290494719406
3785,91.09764894364746
3786,232.8184699818025
3787,284.0631628099144
3788,235.07068908391403
3789,143.2332272639043
3790,9.648173392280256
3791,278.82453547688135
3792,-4.148209655734348
3793,142.81853771028545
3794,29.355586130281154
3795,212.181279354374
3796,207.58010234733862
3797,267.4637423441825
3798,307.15062782272855
3799,246.87120511849213
3800,-16.065092309044587
3801,19.993350413712648
3802,89.59832640501168
3803,94.38342651772672
3804,100.7894315185014
3805,-52.78143434112214
3806,117.27113464779578
3807,238.81367824447975
3808,275.50499841255987
3809,285.80961727416155
3810,130.7406130894156
3811,274.789217299135
3812,-64.65614239903917
3813,255.5133377174107
3814,176.13132952723038
3815,92.51990079407302
3816,295.1511562769625
3817,132.72685693763333
3818,230.63575778827132
3819,239.6699650699087
3820,255.66744623180807
3821,265.9872177831061
3822,231.70479941198923
3823,240.38753237286463
3824,121.4481692613139
3825,185.70966165975787
3826,213.58367491140132
3827,-32.220566250574834
3828,-23.360776623211137
3829,248.1577269627982
3830,206.45137336079563
3831,100.43373244888944
3832,142.19037244204327
3833,239.83229879560076
3834,176.29160542782324
3835,240.5638041670707
3836,189.98483884771076
3837,113.19892333074526
3838,242.3443914619599
3839,228.24014381987274
3840,252.45847095808637
3841,258.1640684599751
3842,222.41146844517812
3843,27.13263932898979
3844,-119.95479284249554
3845,32.35261079508609
3846,-240.42266036857387
3847,242.29818522964823
3848,-46.46194342525587
3849,-25.11340130032815
3850,-24.85492388307445
3851,137.16778517271902
3852,37.47602054339544
3853,126.26577418324922
3854,287.50426805114535
3855,217.82886529707213
3856,103.61771685791136
3857,266.6209330219524
3858,241.07343577624883
3859,233.98292367576278
3860,102.79412731455633
3861,38.98678951668295
3862,212.24214450875274
3863,218.85333107443824
3864,256.64107338717406
3865,90.90011220280272
3866,249.79737733154323
3867,107.19272012406914
3868,138.54846499773953
3869,96.68605694351967
3870,205.8292843047463
3871,96.916025914558
3872,231.924767160258
3873,32.32493441561608
3874,114.09575505277712
3875,-151.88360557992218
3876,100.03706903715839
3877,232.32370512988226
3878,262.98957092975786
3879,238.7385918176238
3880,219.66508624030908
3881,236.7231740925182
3882,262.6437177665114
3883,82.50063542429068
3884,126.20976147466058
3885,246.4791448618681
3886,78.0347784992207
3887,233.39126732033606
3888,154.4551758419973
3889,70.56217277070337
3890,231.83739033410856
3891,292.66521066753
3892,146.10621714034906
3893,127.57806043299969
3894,35.94771934906016
3895,22.70478913893328
3896,116.97701068141762
3897,1.1610333030409805
3898,67.52602743797908
3899,171.2994110883432
3900,254.3264764862105
3901,5.427759783855834
3902,120.1156366497224
3903,227.7230193305141
3904,-38.952936062553775
3905,181.18020446570733
3906,256.71854024157005
3907,292.20022669724926
3908,83.23646194502854
3909,246.85161469778558
3910,91.50828246780527
3911,112.5809386701224
3912,76.91815636521366
3913,-13.763148919733936
3914,-146.55529147093392
3915,241.08736865029482
3916,229.79601022026077
3917,-197.20645129384883
3918,192.1657117131448
3919,78.21496463946205
3920,195.7931350238399
3921,240.26440722907165
3922,290.300569461254
3923,245.64041062516904
3924,-34.106025386106836
3925,33.43153848714587
3926,227.743242735669
3927,-4.500963926091842
3928,53.774310925240584
3929,281.44662647535444
3930,20.96190177317436
3931,-42.06038587595758
3932,24.639785978407087
3933,-82.7838969010426
3934,292.06359607492664
3935,-55.280938626474736
3936,-81.5691001995922
3937,107.2790407200172
3938,208.49940155099497
3939,-61.94660314620087
3940,23.952814490962552
3941,57.533878562026445
3942,115.84203310966166
3943,248.79995088811353
3944,-24.422451372982437
3945,238.9906797660478
3946,96.8919251149266
3947,263.36497147500734
3948,-17.355602258045053
3949,82.78316015818224
3950,-62.36034618028834
3951,64.64793617486654
3952,230.50907623584604
3953,-36.93900706561192
3954,257.57071880739596
3955,81.4828653101548
3956,271.5160833609241
3957,9.997795532295058
3958,301.96093139003096
3959,244.05910010146275
3960,202.854202429905
3961,104.516753290788
3962,109.40755834291446
3963,48.511178558847135
3964,108.42578273960896
3965,38.0579249562818
3966,122.14705386107912
3967,-4.005069544910327
3968,100.63852975154425
3969,252.70570236158275
3970,275.5018356794153
3971,202.5564058301074
3972,246.92715887907917
3973,5.950120380226167
3974,90.32284946171248
3975,-42.58291306136165
3976,267.7140785136403
3977,117.5397579026942
3978,100.14985352885479
3979,55.64816985277514
3980,250.66367793489906
3981,-96.66464518630899
3982,-22.23379563424851
3983,241.67745946283793
3984,-92.78292026292438
3985,188.10007437498408
3986,229.00508840070825
3987,-20.20590413647102
3988,205.85123745915968
3989,82.35223194961674
3990,101.32583827384232
3991,259.1702749262593
3992,235.69662122447866
3993,220.14881894610943
3994,-26.371606523165354
3995,112.77886253253835
3996,265.9616309048739
3997,1.135978086538728
3998,154.16810161919582
3999,219.90663076242197
4000,240.36951057111511
