1,-71.19446782808882
2,-143.80700240057539
3,-103.00679930210032
4,-101.5102968309684
5,-115.67334331927229
6,-59.44856745868458
7,-62.24221461545195
8,-198.2429893431372
9,-73.72156727563367
10,-122.19357150567494
11,-75.62307435520438
12,-253.84450304914026
13,-41.84685025924705
14,-83.16052970342594
15,-66.25815746779726
16,-306.3206013955813
17,-15.369150488511337
18,-223.6901745704455
19,-113.26265425597452
20,-42.750020853567705
21,-67.70442178741575
22,-66.04082324875155
23,-44.95287572064343
24,-107.60350709812721
25,-88.87944108555273
26,-186.69432088786368
27,-114.8678229275751
28,-79.82882478988081
29,-139.29961511580223
30,-131.77253100389413
31,-544.4444926295871
32,-44.73359725440298
33,-124.0054142991556
34,-69.92532597934577
35,-180.9965232196637
36,-27.426267764902178
37,-107.44841548340678
38,-74.6304899033434
39,-119.30474721556726
40,-131.1050477927306
41,-178.8563790631822
42,-97.45030369698219
43,26.748352966702114
44,-153.281377012787
45,-92.68028367547298
46,-59.914452938388024
47,-54.476056732272355
48,-84.33408692131098
49,-73.45015592754964
50,-59.96050424860935
51,-95.74825670639808
52,-152.7747523560789
53,-190.0604057983454
54,-65.81000615947012
55,-92.07103280721839
56,-147.15270827362178
57,-153.7833095575503
58,-310.33290098449044
59,-81.86346180912926
60,-128.96118451049614
61,-93.1511417454825
62,-28.77040087792973
63,-88.25631481542734
64,-68.21833330585918
65,-92.38398052964419
66,-71.79309189447525
67,-60.30421525778009
68,-51.31993685974736
69,-113.38813375090571
70,-98.31567689554271
71,-152.11548264161053
72,-125.54513337328345
73,-76.45818403962816
74,-64.54428210603953
75,-290.4995220599268
76,-115.65610054275905
77,-295.7656991018679
78,-71.13429511989575
79,-91.34947400255437
80,-78.95065578964969
81,-67.95499760217982
82,-45.95197776284131
83,-83.79494552845972
84,-116.01878130005716
85,-114.33125737869332
86,-111.12867885334374
87,-69.43765794771332
88,7.794015327823416
89,-115.13834484767565
90,-40.29660129320454
91,-241.07234705934977
92,-56.402957782227965
93,-22.268200956885337
94,-124.83769921228365
95,-94.52758434180635
96,-77.9903792048166
97,-135.87267672195762
98,0.5759953591716709
99,-54.16375676634745
100,-100.27899206933596
101,-46.25867556524674
102,-74.63194692793502
103,-37.178897424415624
104,-352.2249883743219
105,-153.52644814045536
106,-109.01426143822047
107,-190.02808854536576
108,-100.04635173554165
109,-167.7312086775517
110,-51.774071836571274
111,-117.24958738081946
112,-111.92560429761512
113,-63.099400243307954
114,-110.76987648360225
115,-2.0136313173754274
116,-39.246217244290975
117,-47.011023302281615
118,-96.04747903548862
119,-103.2808584315573
120,-70.02737936848179
121,-96.79687069645387
122,-156.53258186892188
123,-112.39192721508617
124,-65.49279261220522
125,-50.90604969332358
126,-36.558618824196316
127,-27.858697121651716
128,-89.89020973265878
129,-98.01364596658398
130,-86.45063284269986
131,-71.27669911594148
132,-49.769705171824654
133,-170.64053239262728
134,-77.06092011181516
135,-95.44205529207983
136,-105.96771509173664
137,-47.58164156181428
138,-26.576736784408183
139,-76.54702288362803
140,-76.03495304823176
141,-129.2737170979494
142,-52.402191505193215
143,-38.30127481438642
144,-43.366458613384516
145,-71.97474673085344
146,-192.65485165571846
147,-28.737042157921934
148,-103.2496736488695
149,-76.22785110763697
150,-89.65482119787725
151,-55.987827052387445
152,-34.219774376553104
153,-63.07681552137471
154,-192.1003140108055
155,-49.643001222953345
156,-99.50396133604234
157,-23.954883890347688
158,-112.70152020211816
159,-114.05727851026859
160,-67.84861693630228
161,-80.22083039461728
162,-110.24973521038882
163,-61.089341429294876
164,-76.50692613276843
165,-103.9191713406274
166,-149.64951225502926
167,-80.77178354126268
168,-59.51809193211605
169,-42.120858053817514
170,-59.30081151649549
171,16.274675676052198
172,-72.39780765695193
173,-29.052252587518552
174,-34.62812715706605
175,-51.1948148401742
176,-42.37778610703498
177,-66.29888463356754
178,-64.6979607102617
179,19.07094422967512
180,12.052367007676011
181,-78.7877834519321
182,-78.74790352529644
183,-77.11648344070213
184,-32.31165099776659
185,-47.572468823677696
186,-5.060498950210885
187,-34.11728012046966
188,-50.73409989362115
189,-87.55047758348331
190,-57.459864352049735
191,-62.628597495683024
192,-45.53953195342094
193,-67.75512176152304
194,-19.55208779675496
195,-81.4587890524289
196,-97.91617301876713
197,-27.185266042514158
198,-38.23187333664397
199,-96.49149306887476
200,-207.4864677489042
201,-53.63721288997665
202,-100.08143829921292
203,-105.55090410082755
204,-122.57911418691094
205,-20.05764555360041
206,-81.01825759556232
207,-101.87004122622382
208,-80.89663363793804
209,-100.77794551479745
210,-78.22238854254152
211,-75.62101691301548
212,-36.952541841469895
213,-40.41354851187518
214,-53.29212404915212
215,-155.30179309784086
216,-73.60538270674782
217,-75.91446327893661
218,-20.761844917223556
219,-119.47216776186914
220,-30.23670825756875
221,-159.01705603246336
222,-41.393467640694126
223,-112.36400274043578
224,-51.385741171570416
225,-48.78256862708926
226,-19.835790143890378
227,-95.92845324257316
228,-116.1956446990157
229,-147.2041830579182
230,-100.14536592627502
231,-34.531061813403525
232,-36.89500529170405
233,-80.55982808187484
234,-90.35487117416854
235,-91.36238393000653
236,-13.886761783532506
237,-83.24765595361248
238,-96.7443223149173
239,-55.54289917066811
240,-42.38840286275811
241,-41.12594149320965
242,-75.60730765488307
243,-36.58934224718081
244,-276.3266954995422
245,-78.34546194970875
246,-19.451379549514428
247,-54.65983878304024
248,-83.12177076929515
249,-28.92762046556119
250,-53.247920953799266
251,-19.790522959784568
252,-65.80480173384947
253,-182.19785245628128
254,-41.39745666790094
255,-97.22100567154598
256,-31.663305989916637
257,-88.68128413764403
258,-92.88262258110312
259,-116.42504824113662
260,-31.804804184667873
261,-78.28414465963277
262,-58.39232261960273
263,-66.72711777695213
264,-64.95936402641848
265,-49.699968497252286
266,-52.87349879741699
267,-126.74694030652853
268,-112.26637865001396
269,-34.600876508007005
270,-30.98829263146375
271,-123.73617064834914
272,-81.27312441282955
273,-137.6980030231415
274,-122.90168762087829
275,-107.01118868146972
276,-80.20920416642515
277,48.09626072866928
278,-55.084122052239564
279,-46.559306398870135
280,-89.92945368052182
281,19.73469909058346
282,-49.838107667581724
283,-38.08526893734694
284,-171.7974926218367
285,-112.64454903645347
286,-50.66050608746271
287,-97.81044072532984
288,-58.338770204497834
289,-66.75478941433572
290,-45.35174173748384
291,-87.16598491252411
292,-32.90312306479541
293,-71.34691977739467
294,-46.54485265690998
295,-38.26540668474685
296,28.096404895542783
297,-316.2521550472188
298,78.29388610846998
299,-19.93788790111887
300,-71.96898111950843
301,-119.12856517605351
302,-143.6722031038884
303,-1.0944097093944691
304,-22.8202140849002
305,-72.23068194750195
306,-101.64335536820437
307,-44.138701721475286
308,-60.83920561614521
309,-67.73733490862917
310,-57.37429753816324
311,-52.04790779834063
312,-32.02496540560122
313,-35.234772507072165
314,-27.517452798732364
315,-114.09067803044394
316,-9.877054580589544
317,-84.99674190582084
318,-122.9973900985968
319,-33.53580612204958
320,92.32838954298633
321,-108.94739766743942
322,-37.00282937148903
323,-204.4312819945624
324,-60.26882031550324
325,-62.782339519206715
326,-56.271989951421766
327,47.9555806959765
328,-17.214148031858937
329,-43.28856709323277
330,-19.316914961265084
331,-57.514516324019155
332,-0.2377293410321215
333,-86.24008171398218
334,-232.2293048601721
335,-136.38169977008442
336,-82.5796096467889
337,-78.94484285954955
338,-23.57277504322431
339,-71.32390076678193
340,-119.32453354388485
341,-56.571940386935495
342,-88.92051139335625
343,-110.26605211311208
344,-110.49612027562908
345,-95.26195237503768
346,-37.077928116282536
347,-75.29454577772874
348,-98.84128896518035
349,-70.67756886543623
350,-42.03152823772401
351,-77.54180490728098
352,-50.69154740297648
353,25.53044143121342
354,-41.5581247283104
355,8.919980736440749
356,-20.825326217832384
357,54.779504958283674
358,-60.38510499647905
359,-11.863072513751675
360,-315.91390715054706
361,76.82382805123973
362,-294.8432642576437
363,-58.63014556852086
364,-33.28764466351254
365,-76.82068819377562
366,82.59052568026367
367,-89.20817427933903
368,-86.54888365958396
369,-95.00703371207508
370,-28.72352824798729
371,-13.184096087398089
372,-0.44986253130345233
373,-23.662580623450367
374,-87.05146890860215
375,-76.1233166637421
376,-61.79805332670119
377,-92.75189102225298
378,-29.288231950476245
379,-93.96149552448665
380,-97.13961714284926
381,-147.27649634271185
382,-28.543032516086626
383,70.61851261712735
384,-42.36371651148909
385,-45.45340311137119
386,-58.559103398400126
387,-132.0371628099277
388,-60.06689065831911
389,-85.40988630393905
390,-49.277440445051525
391,-55.24105381913271
392,-50.499748359671734
393,-96.57801088313505
394,-53.809299770480834
395,-98.07214255371878
396,9.326759418532632
397,49.86185131406873
398,-88.88394412089087
399,-57.628377008074324
400,-4.655469016630676
401,-41.15893226138482
402,-105.132484814644
403,-70.73377497465654
404,-104.90844154653696
405,-135.61418118412587
406,-203.60927635385343
407,-38.70545976317257
408,-49.63401337945323
409,-101.57913307782573
410,-40.746007968405735
411,-263.2581123547427
412,-91.21595204885242
413,-34.45618175151628
414,-101.7690184863811
415,-66.0609000651764
416,-53.536927473073405
417,-56.896628901072845
418,-139.79512279921818
419,-19.08793082170176
420,-120.8666145039523
421,-64.99605424504551
422,-50.250921350561505
423,-22.05062499021757
424,-97.20609397571914
425,-45.41194680074199
426,-100.73377613629884
427,17.53950450487048
428,-62.69966410187763
429,-84.11248338303984
430,-75.3197793474645
431,-68.99711014596338
432,-7.781070730914379
433,-14.872133321395552
434,-48.2691296897665
435,-341.7428284583883
436,-60.17753602930995
437,-45.735299320709295
438,-50.40156021527986
439,-30.07977964205513
440,6.447535258686813
441,14.325454337940004
442,-104.01930302046577
443,-108.36333246848031
444,-130.36710436458478
445,-60.853722791434876
446,66.79166630767475
447,-35.4983656120575
448,2.710199994058158
449,-175.3338823098665
450,-70.17393554756613
451,-33.821992274558326
452,-84.53807721503298
453,-72.00780846581185
454,-135.35438669191998
455,-81.98425952203779
456,19.07546401955679
457,66.25911546835157
458,-59.308087486532855
459,20.21935674590813
460,-69.82692253617144
461,-50.59616170459881
462,-124.18532596699612
463,-51.33429552582622
464,-101.83539696189152
465,-226.64856193970476
466,-59.06219793474939
467,-70.40857199565946
468,-24.344507323147752
469,-46.076745822919435
470,-46.9289365594045
471,-79.7085900164172
472,-10.921980860369047
473,-82.1914119817567
474,-45.66431960661916
475,-53.42981718455971
476,-54.82026335364728
477,-34.11004181952519
478,-29.72584126486008
479,-70.53505784251332
480,-88.2894606174653
481,-96.21818963282769
482,-104.7337841568896
483,-65.01931668996357
484,56.8857965764831
485,-55.55529845548574
486,-45.78135892376575
487,103.29983226854438
488,-57.15244265056811
489,92.97404764246876
490,-112.47378406746448
491,-51.68104127277469
492,-12.163758339967742
493,-41.38334001389852
494,-75.26935725340785
495,91.74102609733802
496,11.667761841326055
497,-109.54829403130677
498,-62.30788641223528
499,-105.620209558622
500,-38.75427959377453
501,64.3148851556262
502,-71.8044889861468
503,-57.61774181355436
504,-37.08310482946335
505,-19.10315401920502
506,-6.93331888988827
507,-64.66644518740932
508,-46.36728033615674
509,-5.784493253337189
510,-16.251663681823814
511,-179.51666232886402
512,-30.169898005116508
513,-31.33751144234006
514,130.2513326854812
515,-84.62469492952906
516,-78.97860003854908
517,-17.624121263208735
518,-22.051798399590453
519,-41.12629547921158
520,-52.52778582952072
521,-74.24995102208456
522,-218.77812807567028
523,-47.59983343590764
524,-1.0990027594885987
525,-50.68961877379042
526,-103.5882986187401
527,-79.05463231184808
528,-43.9282027995108
529,156.3139007608046
530,41.3052038892191
531,-70.14265592547221
532,-299.1370056273315
533,-48.19707695764981
534,-36.46960070648291
535,-237.37899457835857
536,-14.253996508569358
537,-57.12290109247991
538,-23.081177770376627
539,-59.26132494278496
540,-74.89491461489318
541,-209.39927959788776
542,-59.98154163569244
543,-12.604630714781536
544,-137.7434986580563
545,-10.132520736964608
546,-22.257305951872198
547,-119.38022777352333
548,98.17800728311387
549,-280.69075555094685
550,-72.23211523392285
551,-6.174718587830796
552,22.196033821518668
553,-39.10814169188767
554,-147.5899032740502
555,-3.584957568619785
556,58.493651781591026
557,-58.3864135826376
558,-258.82270734598205
559,-78.85345625076778
560,-93.00306376045306
561,-71.33876954598664
562,-65.88855482796525
563,-209.72304675773358
564,-56.79027643449736
565,-350.48655763074595
566,-58.97891770374487
567,-47.02000258565526
568,-15.112289094631606
569,-182.44680385776752
570,4.699196697647906
571,-69.89170160192417
572,-35.04295061311353
573,-61.408008387981866
574,-77.74510212443747
575,-45.31654612706319
576,-19.04753409074101
577,-67.61081545408831
578,-69.85515984606232
579,-44.158090342337275
580,28.373431195148186
581,-67.4181647055283
582,-41.10487656257172
583,-29.996041339243845
584,-92.44382540657186
585,-46.49188959361683
586,-42.46461933564488
587,57.610182019031804
588,-155.44451823308094
589,-91.47269957167049
590,65.78962952625935
591,5.713128632413245
592,-87.88573444097506
593,137.127458839412
594,-0.05367176796791284
595,82.26192403553505
596,-23.91067349903082
597,-40.41168350315357
598,-45.28157027155156
599,15.600056742635772
600,-72.69042269535595
601,-58.41839705103864
602,-79.83432415544722
603,-66.94352537044239
604,-49.60526642279784
605,-54.847279820735594
606,-31.665762936235637
607,115.9823364606578
608,-52.548432223433196
609,-88.40572430012054
610,-4.595088151799686
611,-48.011722900247875
612,-36.51857823142943
613,-33.773860672416646
614,-96.86568428751993
615,-64.31481645463992
616,150.1561464252407
617,-69.75950280879078
618,-9.684819650260863
619,-32.490725061939386
620,-35.07748220612038
621,-2.1064382882781842
622,-10.114252504020783
623,-111.00645620009774
624,-38.66546070092225
625,-41.54217098218745
626,117.79400441992773
627,-67.37620734982806
628,-17.09499545963027
629,-40.2592202301403
630,-216.90426811075207
631,-30.770559320907296
632,-50.904805865880945
633,-159.50432922801582
634,4.273987722773384
635,128.70083338232385
636,-57.90729166591122
637,-42.836431918122216
638,18.44068870517522
639,-37.11036654803969
640,-12.895345420853403
641,-54.121841482199144
642,-68.25337327643078
643,-61.823865429253104
644,-26.972363701692046
645,-27.12359710307247
646,-84.98239554841996
647,-88.35694925804417
648,-43.636071332517005
649,0.8374231797359357
650,-16.13936264053396
651,-49.52828129400882
652,-27.508357851855394
653,-184.77421814097
654,-61.70196352100664
655,102.00172569193212
656,-2.29419972033061
657,-20.84629840804068
658,-107.31969295226637
659,-15.860560018583243
660,-61.51230338905481
661,-76.82929862186808
662,71.11623121722131
663,13.615160310845397
664,77.92753840367237
665,-186.83734401600162
666,-20.665593237692093
667,151.03033293040335
668,-88.06609855569475
669,-197.59033524403497
670,-81.32853974701698
671,10.600369875994332
672,-229.34582446394194
673,-11.286732000415356
674,102.06696387794932
675,-24.277618339930086
676,-35.043730922797636
677,-99.6818429981883
678,-48.17637315765657
679,-32.984003707125
680,12.575589637067523
681,-16.390120441315275
682,-73.86485213148225
683,-32.18958506831123
684,-2.48495722558755
685,-85.0107096644699
686,-64.42853189284789
687,-72.8959463487354
688,-5.894757187102186
689,1.7878129114261014
690,-117.74713369693086
691,-29.817376544459663
692,34.948429685680054
693,-3.407184153998628
694,-55.56815211030674
695,-37.336093602630065
696,-53.67195215884315
697,35.44829305016202
698,-56.747528339443235
699,-100.41291566318921
700,-195.53801146113645
701,-19.14962020995108
702,-36.721660859495316
703,-67.91443591821871
704,-34.20383772764339
705,-46.21915222784631
706,-85.14512693234354
707,6.554477229636575
708,147.8021433646282
709,84.68766897764117
710,-44.3761400970415
711,-21.7729995550212
712,-19.260962931456362
713,-32.25062076399122
714,-35.77575611979536
715,-30.956247696032165
716,-43.47878121768261
717,-20.661727248745223
718,-2.2948171199357716
719,-77.14283154787806
720,89.85404700739272
721,-29.955190522843495
722,-1.524533828852796
723,-25.10185781450265
724,-20.287107494397006
725,-45.41896684023307
726,-49.41730302516375
727,-74.90655162317817
728,-36.55898157617979
729,-50.148263421154894
730,-50.56245271961792
731,7.574618828227969
732,-62.987952755396606
733,-26.839629409079137
734,129.06952486257708
735,-75.56236292470044
736,-51.90814196799218
737,60.28627623360973
738,106.27065251406177
739,-17.274887691714824
740,-23.307726460210148
741,-39.3608691113577
742,-19.247687454556086
743,10.730442090327557
744,48.01487155721015
745,-39.850586123091276
746,0.18091976075224636
747,-92.80681661956109
748,-199.8374875861645
749,-99.78732275717489
750,-66.6508000615971
751,106.54667007084578
752,-87.5122155715202
753,-29.310249758132244
754,-18.719914555503266
755,-1.3396221828797508
756,20.66769367068305
757,-62.85281554712639
758,-41.10162204328162
759,3.01953834185683
760,-0.7994084260254652
761,-13.769988443358457
762,-16.761281863008534
763,-99.17258841448954
764,-12.556797758317202
765,-110.57296995886222
766,-43.089823358636394
767,-34.35460624670998
768,-60.84059286740458
769,-140.72571161481494
770,6.6784779765060165
771,-60.0901789555563
772,18.040140749330618
773,106.99868911466125
774,-69.52877737298616
775,18.465692994817303
776,-239.01326712080754
777,-17.457117230146608
778,6.438898715984916
779,-22.138184673263524
780,-111.44137661280442
781,15.067909476825506
782,-2.742785515208169
783,94.2226780497524
784,-22.895333734431816
785,122.14080390910371
786,115.93595076784177
787,0.2908128531302623
788,-106.73986065336317
789,-132.43954421933768
790,4.970907613035465
791,-3.5287462198918433
792,4.969765229400437
793,69.76029342839831
794,-63.54477322962064
795,10.750255078403782
796,-20.458040453031472
797,-33.10468054096816
798,-4.42780426898112
799,-58.526522092098865
800,-44.49467500488409
801,-93.56955719480581
802,119.69298858754945
803,9.207758987179773
804,-41.41429017937925
805,-20.183804028113883
806,-7.168445852414635
807,96.34143407640765
808,-43.14308054020799
809,-214.33020487871022
810,-34.490031294183225
811,4.2058740464469935
812,-53.53700340481251
813,0.003159647993797421
814,-122.24524913944754
815,-2.5041066259730798
816,10.713288921766122
817,-1.3088941379799905
818,-26.100203008245188
819,-61.36159709629016
820,-52.31431657013872
821,7.885000445416949
822,4.5614517662636445
823,-43.20599737861269
824,0.6848976697112477
825,104.8352799120781
826,-58.97657181116289
827,79.02207989755685
828,-3.1773172674533754
829,-1.5828817027219344
830,48.105068655796885
831,10.714000409502773
832,18.651111275778618
833,4.147062696736924
834,25.175845725425532
835,-6.666566435829196
836,-8.97659124775312
837,-65.298342996521
838,-35.91315301548393
839,-326.3466144220451
840,87.04271129437194
841,-8.04293080571128
842,112.09888679157073
843,-18.449814471469722
844,3.759332541291613
845,-27.17237641642197
846,26.23604502713097
847,-39.0932635675983
848,-2.983257915819621
849,-4.473184402441305
850,57.10379101342028
851,108.00872716928242
852,135.112271200876
853,21.043271062410447
854,-5.627249460052425
855,-116.14891136432647
856,-94.5992567845385
857,6.0708311082919835
858,19.81621812916795
859,-18.604524600382376
860,-160.58858827198225
861,-23.983846859254953
862,-133.0250753197957
863,-33.65547246088519
864,81.46388310408712
865,208.6723595167929
866,114.77236390423464
867,158.85990939596786
868,-24.58692183660409
869,-65.79629526440165
870,-6.171707314302964
871,-37.26686653706112
872,-9.9413485586402
873,36.18292678326432
874,-88.86715801115736
875,32.76604320565178
876,-34.499984643462994
877,10.461606368838034
878,147.7256569590848
879,8.975635048085252
880,-5.31370581582793
881,-8.787352569037921
882,-140.16952880873976
883,37.401692877568934
884,-24.1146029128937
885,-255.98873607329173
886,-12.638559338801386
887,-56.14694331090351
888,35.060007400382716
889,-261.98129017010064
890,-63.73104938557474
891,-24.938911258356512
892,73.40647635025095
893,4.645229334613703
894,29.443016534529875
895,-24.24982992277151
896,25.864709444031618
897,-0.6513743856922503
898,-74.28801328948408
899,0.8848040435493374
900,87.00369520737712
901,124.85756814307092
902,-33.21650212353228
903,-4.821308958026279
904,-249.36721191484935
905,-40.92452248997499
906,-43.70482772281943
907,5.544889451127403
908,-39.45520153619894
909,-53.654085365107946
910,-18.28088218250913
911,-18.66286775767867
912,-34.370862254578086
913,-1.634400948011887
914,-90.04828791312866
915,-43.908818351966154
916,-183.42890318076294
917,-7.476806699667151
918,-10.29207533620766
919,-43.00824193697072
920,-45.532950948660385
921,-13.875553855552724
922,-64.00850787146094
923,-62.40564292438891
924,-73.39275762831947
925,174.97752527709793
926,-47.59871930146902
927,-29.884980300087406
928,-22.586344848964316
929,-30.601037786636468
930,-45.87630616742817
931,43.506772004215605
932,-44.92646012170698
933,-23.806993476341333
934,-34.38080883685436
935,-21.162545441745678
936,-25.286051475554416
937,86.87669865087649
938,12.019569445040858
939,119.37204993614986
940,-26.52680896728333
941,-32.18890295219266
942,-35.529560716326245
943,-10.669049818553859
944,-19.20066402879897
945,19.120587914527178
946,-24.639883480780725
947,-48.01549265812146
948,-48.92412084851553
949,-50.655763178043266
950,153.37260370964003
951,-18.00752743193833
952,-27.41757667160263
953,-76.64886701158044
954,-31.55568280374274
955,-32.7613816918265
956,-42.86639926719466
957,-34.24393554258742
958,90.8194707195217
959,-9.736524971674172
960,-1.2930140959794585
961,5.612749535680493
962,-50.407400721564436
963,119.10930795461648
964,230.18738212017587
965,-41.32931627768963
966,-81.93811522208875
967,-39.67174183155177
968,82.60284862987479
969,-15.605223241814826
970,-13.04530586043525
971,-45.086638612184444
972,-50.957865405292296
973,91.2498013443465
974,-19.74659596781433
975,-25.33841378292233
976,-42.54004532303868
977,-30.146487222183254
978,-92.85131571891398
979,-5.223656213102558
980,70.60654970954138
981,-49.597937490960845
982,199.425522359164
983,19.875266493804418
984,0.8525118179531432
985,136.67179747099445
986,-124.10520835997208
987,-321.33699371099544
988,5.624464912751819
989,-11.320608086349296
990,150.21878688492737
991,-201.58128006621644
992,-23.85173338768567
993,131.10406968702927
994,29.630098667083047
995,-43.44934871897977
996,-40.14691679097588
997,106.67925740915493
998,4.353038083956619
999,10.606845989799638
1000,-13.506805865519667
1001,-40.01089323847371
1002,130.11742399817177
1003,37.44372051615258
1004,-52.214066343957626
1005,-37.25046053349203
1006,-37.662525262451005
1007,161.7819210704913
1008,79.19880382909983
1009,-23.94474898188996
1010,-19.07165836855951
1011,3.7709177238873366
1012,-31.9618574878004
1013,-13.504922496481925
1014,140.489509199025
1015,5.208328769355887
1016,7.643759689619699
1017,77.38382745748456
1018,45.832549288582555
1019,-51.30328588383132
1020,-65.25425071401432
1021,97.63363821161082
1022,-43.67739529956093
1023,144.3783229120082
1024,-7.6277432255661495
1025,34.04169904808765
1026,28.925957099643767
1027,49.218208305939015
1028,-27.886811486913757
1029,-3.203107337233206
1030,156.5022771160837
1031,74.54975479640615
1032,139.4573870868423
1033,61.75166315998683
1034,-61.15922118668952
1035,-27.301776571999113
1036,142.3686264287536
1037,36.72039236170386
1038,-29.101776864279586
1039,-30.492134021515653
1040,155.6836809001858
1041,-43.687537350138925
1042,-18.60369741694413
1043,-72.77212332339309
1044,-60.12062871401592
1045,9.59768203158147
1046,-39.63732769540573
1047,-60.000309674525965
1048,72.02384038768359
1049,-29.350074834555926
1050,-13.554949654042218
1051,144.28335877326273
1052,36.7034743179762
1053,-29.50681217497244
1054,82.45714486900162
1055,121.97778161169752
1056,-199.9739303475016
1057,38.26372180574208
1058,-13.434661617759303
1059,165.9932367590526
1060,30.688948369290955
1061,85.96699143020773
1062,47.3914152387342
1063,-61.89740775895713
1064,-4.6557992320113755
1065,23.301268392387755
1066,11.644810040198877
1067,10.712629401820834
1068,-112.31310844278501
1069,22.24676147217359
1070,5.731833545919002
1071,1.1527360849865573
1072,139.01238205651742
1073,21.783053999206984
1074,24.46255149935905
1075,21.701129767800253
1076,-2.135245987379875
1077,-108.69808120933094
1078,114.76375764425791
1079,23.311860150058934
1080,157.79480058549817
1081,-25.972521235387518
1082,-59.64647584668138
1083,-12.48285973375782
1084,12.853569379364473
1085,-114.23405366344386
1086,-66.75660361621995
1087,99.68925876318453
1088,-10.521617657168022
1089,-17.022875838523035
1090,-41.61754153993759
1091,-18.792426721135698
1092,-187.7754811705484
1093,130.9907139421272
1094,-12.073445403177672
1095,161.8171280620893
1096,142.0239754438112
1097,-2.431320298049556
1098,-27.954878239053528
1099,-6.72335346757086
1100,-19.089194253630083
1101,14.345057865028522
1102,-44.06316774248799
1103,23.792871720201873
1104,155.66480726614364
1105,73.47022115104852
1106,16.41876261225498
1107,-117.00515490338223
1108,-20.578905391554017
1109,-26.381152730275687
1110,-83.2171678313761
1111,8.695936189098617
1112,11.636526597691528
1113,79.42319651621199
1114,139.78334443826841
1115,45.564862149884235
1116,147.07433581420594
1117,-74.10298992387321
1118,161.88916385959652
1119,104.25239948214141
1120,-33.45948072127078
1121,-15.791468805299417
1122,12.784324659970238
1123,-31.957397580877853
1124,135.16594412105914
1125,-18.14662529380398
1126,71.33345779089221
1127,-1.7091640924315783
1128,16.311713876045772
1129,58.52166890000143
1130,115.97044187276211
1131,-21.664887513442665
1132,103.8101563049537
1133,8.855043962556849
1134,37.66643871417298
1135,129.46642245849242
1136,169.6885346348227
1137,-28.865614577962475
1138,22.8131329995429
1139,71.2520959867105
1140,-41.0642231854206
1141,-8.243695534324203
1142,-14.262019952944854
1143,-147.5627461715439
1144,54.31699310400124
1145,116.4985514155564
1146,17.845614290141896
1147,212.61779614948395
1148,1.395890132674083
1149,-25.26219985812601
1150,25.162921150459084
1151,117.70521097535608
1152,-22.372435576665325
1153,84.46950693676662
1154,-48.4982955048069
1155,-33.76294321454753
1156,153.78264309550008
1157,-32.20577241290049
1158,231.42084574155976
1159,-12.960844858538508
1160,102.43592423420124
1161,129.91546944709734
1162,95.08209572247681
1163,137.21444895658365
1164,175.5944270762513
1165,-47.310981875222936
1166,71.15757162322926
1167,-30.46238816111203
1168,6.433912560007727
1169,164.45263054157
1170,-18.23361577133413
1171,-53.22028819724946
1172,119.65458645626354
1173,-10.79093994970333
1174,144.71921202624023
1175,-32.64782556486976
1176,135.3924010094065
1177,163.04219131235476
1178,-16.934152020720234
1179,-182.52446538395506
1180,-73.91423397921432
1181,-52.610529329005814
1182,-2.479380372069272
1183,-35.349546169607635
1184,-17.986628690587153
1185,-21.54801419622912
1186,4.998777002620471
1187,42.973537158375805
1188,-12.656311761723629
1189,63.249834578257
1190,11.099428573615612
1191,-32.5653168322426
1192,7.128836179241617
1193,-14.057169199420073
1194,-31.190442826300142
1195,-74.53044677515948
1196,191.89237298399405
1197,-262.0801585089656
1198,-121.09168201386873
1199,128.47743631153924
1200,164.43770848620326
1201,-59.46137413927106
1202,-25.422062552275477
1203,11.548463852389233
1204,7.340095420147904
1205,-22.551090011025323
1206,115.2114461129146
1207,-225.64020887356895
1208,-20.596488827959945
1209,113.31767704115288
1210,83.72797430452147
1211,14.389554136621555
1212,153.59620225942697
1213,111.63024499814216
1214,6.599514624459573
1215,3.1422291669152287
1216,181.7722415953649
1217,-18.49188478912103
1218,85.25005722399564
1219,-28.686317556175368
1220,-54.072890773963216
1221,152.04084338585255
1222,70.49246089400441
1223,-46.73114922905319
1224,-17.344337879295935
1225,37.144897738973896
1226,1.8692312227365875
1227,20.745210949760363
1228,155.97683478341594
1229,30.491057865365235
1230,143.2417908921518
1231,36.12616680662143
1232,-51.91339211490626
1233,96.39984265140451
1234,157.0341066271956
1235,177.19998470432483
1236,143.78468341234873
1237,-58.20768355391856
1238,21.46894886205328
1239,-0.6669885089274317
1240,-47.07885208969729
1241,16.083840528797253
1242,-116.53930830429493
1243,3.1139906543869103
1244,-22.630185318621827
1245,160.7303913678753
1246,8.757820722763185
1247,-32.32812886488013
1248,135.5485986959929
1249,54.31642724438416
1250,-16.66200317855767
1251,21.200406538477154
1252,115.25811239194854
1253,21.109210506423537
1254,-33.20440545500894
1255,170.58056692222618
1256,7.546661416199129
1257,46.83830317461814
1258,105.51003943046598
1259,-52.75740777536248
1260,-21.095335616891717
1261,100.93967407784515
1262,156.1462123577866
1263,-44.99946732335687
1264,-28.71859132095406
1265,-244.0400357395779
1266,80.6612113864303
1267,6.442512644680207
1268,-33.860125979106954
1269,-15.234856948448652
1270,32.34734896778022
1271,-51.16963964474358
1272,132.59094788160996
1273,-75.88456516253943
1274,-13.455347409435973
1275,31.844548904635673
1276,99.81177627804394
1277,12.08235720490319
1278,72.71050966275594
1279,-13.005210035929352
1280,-225.56058118206045
1281,-0.3465210163761725
1282,-44.8275069702011
1283,-0.6490144603052812
1284,-196.04098018164558
1285,4.5545615989112775
1286,-71.23171457068077
1287,147.638876645368
1288,110.93885110845163
1289,82.9977914869763
1290,128.8114789893303
1291,-80.92994866395237
1292,-3.0955160613113293
1293,4.072629020307929
1294,14.388700262553996
1295,159.6742313617551
1296,95.77527782969204
1297,172.4096645026088
1298,130.26873192695163
1299,103.31815123979628
1300,97.40452683139357
1301,121.9228072275172
1302,-8.508199639049423
1303,126.5941580960469
1304,8.625522398231809
1305,-34.8991252234394
1306,175.03784193202404
1307,7.0741987550815395
1308,-2.1901957692262215
1309,-49.281358624754986
1310,-15.794724510243157
1311,134.55297606666977
1312,-36.465046741750186
1313,3.705417779388199
1314,26.387671731006705
1315,-24.029955254593148
1316,90.29427953516549
1317,8.511442761395884
1318,84.40326347686191
1319,97.72047997592973
1320,79.67497662860129
1321,40.676634621993
1322,-131.3403022264183
1323,30.78635946884949
1324,-552.7973914305402
1325,-182.03689261149555
1326,167.64207241216863
1327,-20.081601852080993
1328,20.419875598146078
1329,-16.701115100387483
1330,12.57609553660535
1331,140.5430090799163
1332,-55.69558558739693
1333,117.94907121625869
1334,141.9018109815834
1335,31.501647627019906
1336,-6.867356147026555
1337,59.896911709494105
1338,-8.516825241204387
1339,-41.35510146834713
1340,79.56900662136353
1341,7.019072053402965
1342,155.32621614237283
1343,-40.575712094084125
1344,-208.58629558253693
1345,-14.909641090122435
1346,113.69460048766678
1347,-64.44999551583795
1348,107.96121585675866
1349,28.30324885314252
1350,-7.892289276610796
1351,21.93038383198011
1352,27.035165299292032
1353,3.130121472323836
1354,23.33093187206002
1355,-21.962862259996157
1356,5.98080515924822
1357,7.316292545914166
1358,145.70418129609055
1359,140.97979896321732
1360,5.282394306854911
1361,-42.24942162539812
1362,-26.327910621388142
1363,-33.74769391024523
1364,56.87229001208887
1365,7.011946803353638
1366,142.37119280904622
1367,147.32636262451356
1368,-53.18930775750275
1369,131.93780260554803
1370,144.97101523014652
1371,143.04638818791432
1372,-9.435696858075858
1373,176.4285521220934
1374,109.01972203560518
1375,91.0358541497738
1376,-89.2809184370686
1377,63.404886345458074
1378,-43.245150473231284
1379,28.127724662256128
1380,-7.790850728720386
1381,98.27214525864152
1382,100.77426139513221
1383,-39.438865400997784
1384,130.43580061075417
1385,-43.92758386592464
1386,-64.73147097761398
1387,-6.090620118160402
1388,87.57223230819237
1389,-88.7786277422307
1390,76.66481079398145
1391,137.94876271530583
1392,-168.7352496852332
1393,108.782907191948
1394,-54.88223261710087
1395,157.19238970581182
1396,-69.00800075336115
1397,109.38907838028068
1398,219.06429170442664
1399,110.82253781857739
1400,-145.82928531417127
1401,96.25219895798784
1402,15.628310277214325
1403,-26.893540939412475
1404,25.581894379108945
1405,15.242996365436113
1406,-13.097439748551437
1407,170.62059414443124
1408,12.887436434753695
1409,-20.764015447538142
1410,-55.156233795151365
1411,108.47899127355802
1412,-70.16501333866788
1413,35.59890919510377
1414,153.16976443399378
1415,158.1440838049225
1416,13.184954617063141
1417,-49.01215494424696
1418,129.34801783305898
1419,-19.16505927074904
1420,136.7550255859382
1421,-72.8496441000628
1422,-41.75058117231596
1423,125.03790323925223
1424,-29.535578534976906
1425,-8.28676438625051
1426,31.52008401110595
1427,-30.0910027970194
1428,75.05067936641396
1429,94.75439985796615
1430,38.1365202056094
1431,8.997637459850694
1432,10.410632436356195
1433,-4.620518895703924
1434,-24.78222101788785
1435,149.03903170539678
1436,159.55554868533312
1437,16.051464288304388
1438,116.20392130581573
1439,-8.77559547631894
1440,244.56955325704683
1441,165.8942963138707
1442,-56.67154149261309
1443,-31.972173382599266
1444,7.351092488188598
1445,-4.017716211101856
1446,20.550986291740728
1447,-71.52638578716935
1448,28.331607353153288
1449,175.73211342334244
1450,-20.37562916000215
1451,-179.9915779734281
1452,13.369817844473772
1453,144.0896298680725
1454,-28.509967524916377
1455,49.21700961805425
1456,-81.67744165947755
1457,80.9618167761141
1458,134.41546051470564
1459,109.79458715002536
1460,152.47307281876027
1461,-28.71221027559413
1462,171.51727637867378
1463,153.45673714848238
1464,108.41689975554495
1465,-1.2111264283435617
1466,133.72465211524616
1467,149.59411023316363
1468,100.81093443489803
1469,154.10469052591841
1470,69.60398238454562
1471,-52.102395587565724
1472,47.153628853500095
1473,92.56565327330473
1474,138.07597374908343
1475,4.742324560235474
1476,102.63722673842926
1477,14.17524201154437
1478,-62.674860977645245
1479,-189.04522151647961
1480,-5.796142303200028
1481,176.85936308044822
1482,121.36558725294822
1483,-0.3215014948013817
1484,25.170998631336005
1485,61.94904266275529
1486,117.92454619211505
1487,173.69495168607932
1488,138.65123779278053
1489,226.58152267400177
1490,135.7181778652938
1491,-10.624669968943621
1492,50.42105430931983
1493,108.50905056531431
1494,152.51906908945517
1495,-4.684591847323773
1496,123.72430434089773
1497,53.63620567693417
1498,136.90868464346846
1499,-35.395353933554674
1500,15.56498970207572
1501,158.5822959401674
1502,5.240767034687792
1503,152.64854720317163
1504,151.34090419254503
1505,131.4144765874969
1506,166.5001237521117
1507,-11.494252561697209
1508,147.30740939544978
1509,81.92568966031756
1510,-35.37643712173116
1511,15.7582340574276
1512,139.4554786165425
1513,-62.324009116705085
1514,145.7723285382367
1515,-207.95417818902368
1516,89.73305901867633
1517,31.710452992291607
1518,-50.32359315505241
1519,152.9579917253196
1520,49.39810327457299
1521,95.86827887663887
1522,-5.44438591346281
1523,-19.78365800626456
1524,13.938517684940265
1525,122.956532087954
1526,-12.05530387530186
1527,86.00572770628926
1528,164.97574591164505
1529,-18.268621471241843
1530,22.92816855677659
1531,141.5005488603363
1532,137.543505337306
1533,146.85750526749274
1534,243.57922641760968
1535,145.0918845805923
1536,34.70877403826586
1537,-52.9755058486046
1538,156.29910316235612
1539,99.11496631120491
1540,-10.012154738964497
1541,137.83146248677423
1542,143.18194169933255
1543,166.3403443185599
1544,64.0569930249861
1545,131.74785968465054
1546,113.18957475930192
1547,153.3571165756784
1548,-45.680678895444935
1549,98.06773668386032
1550,165.07558275432237
1551,-18.06070659788429
1552,147.1485856118975
1553,-11.306432863305773
1554,-40.275074349464575
1555,121.56060167069744
1556,104.29947704552417
1557,-50.3467768567544
1558,175.48762687761706
1559,-24.337807509578425
1560,126.64665412760084
1561,100.95279059104307
1562,101.3863302509197
1563,101.11882277393886
1564,96.9359868228661
1565,-6.236277846599009
1566,147.19945998517105
1567,-23.765565093808775
1568,66.59827498521301
1569,141.7792290993242
1570,133.52974545553386
1571,107.96817029711022
1572,-19.667947598515354
1573,62.91525513483998
1574,6.929219923717255
1575,12.09147018451823
1576,27.131193907457174
1577,-43.251727610084856
1578,5.450177111543795
1579,142.48348779344238
1580,122.66742054733028
1581,106.03924025135375
1582,176.42496942986577
1583,95.67366680570306
1584,53.40777075821548
1585,-10.748860712515068
1586,182.2546707380166
1587,-29.59841552383186
1588,103.07663234167711
1589,180.86376931474936
1590,153.4768880797754
1591,-6.567112504254553
1592,-28.215326691904735
1593,134.63089145018068
1594,153.03961469366809
1595,103.89765788684431
1596,132.92559569748727
1597,157.66649859309433
1598,1.947832346872758
1599,157.00784366983407
1600,20.690703743484306
1601,13.082452959183087
1602,79.9508617545663
1603,12.49478690647382
1604,-135.81251747530723
1605,98.99534069623375
1606,9.814705563375838
1607,148.59081030944304
1608,101.99135922237194
1609,60.024532213273844
1610,166.50618604169009
1611,138.00755186903805
1612,76.83127651227142
1613,193.47132108126766
1614,150.98902349073083
1615,217.6974009750413
1616,-216.28483317773484
1617,120.74639017477394
1618,124.07943828436477
1619,157.54293809838816
1620,54.22638922733484
1621,39.128789204228994
1622,126.37733075118149
1623,159.60635709851138
1624,148.02570539839513
1625,153.87972848833334
1626,16.715002615071
1627,-46.52584965667421
1628,-53.14696275534347
1629,19.896499676717255
1630,122.8443164072585
1631,130.85794713043356
1632,-20.79850111297951
1633,168.99283005577917
1634,-43.58500079183308
1635,158.0548008089771
1636,105.16063724604317
1637,146.47922808606492
1638,-64.4034403330764
1639,-198.9277985508133
1640,-34.2104784680305
1641,143.28041377013494
1642,161.70864130276388
1643,170.69043645538176
1644,173.58243631808244
1645,-23.075458810321848
1646,134.0720046284991
1647,117.54714243341779
1648,101.65335970808175
1649,125.80635941547261
1650,113.41642851330323
1651,-38.246840822523595
1652,80.65448630646165
1653,-8.548556048655627
1654,-160.93295972161462
1655,9.071294971295927
1656,141.6406156565633
1657,111.68717471678768
1658,116.8561986378948
1659,11.784873572222864
1660,138.66773003621063
1661,-189.26773435693815
1662,104.2161852813119
1663,220.41191698983494
1664,8.132587050184569
1665,-20.830227740779605
1666,-19.206002560423528
1667,-24.16389851736983
1668,113.30648015888896
1669,135.150295737988
1670,-101.48509411023359
1671,99.94833609722015
1672,-18.750917598958765
1673,120.86406820336639
1674,-76.99725675589913
1675,111.21266974424634
1676,113.3734679524168
1677,118.57182535252736
1678,11.090186315648538
1679,142.68324846695816
1680,224.4448827399495
1681,120.6393961748494
1682,107.14380655709567
1683,84.45035533026382
1684,2.0682828944796654
1685,108.44188296267825
1686,-0.6643335382239428
1687,-16.429623687232876
1688,114.95295739394376
1689,144.98282907723268
1690,66.7534351398945
1691,-27.791467123924477
1692,108.65328560649002
1693,171.1227459896477
1694,-34.92302001919451
1695,141.28913198448913
1696,-29.107163586192698
1697,134.1792151760479
1698,153.21776119346882
1699,2.34708345878785
1700,-233.83995618914756
1701,107.44886616117054
1702,92.13294003338567
1703,124.59285990140799
1704,117.85490516760451
1705,132.26174262015925
1706,93.9268717255346
1707,-32.57023351601471
1708,84.1333412904451
1709,143.23449686947706
1710,-29.83471983923083
1711,137.99736446126977
1712,22.868716584233226
1713,138.8240681599248
1714,9.977701868274806
1715,76.8319315375842
1716,241.74050618919355
1717,96.63065126568382
1718,-128.47404414874285
1719,-38.698626448465944
1720,186.82183492894092
1721,0.09609908673664336
1722,145.048718040775
1723,121.79665649104697
1724,-49.85240757797497
1725,152.21248879520422
1726,120.66023652541888
1727,79.18543259141768
1728,140.38977352843625
1729,110.9741303281614
1730,156.08052183279648
1731,161.6837895993337
1732,-7.459618944001704
1733,112.02244720322669
1734,111.90926110170527
1735,-8.251761093938711
1736,156.34231102201167
1737,235.84749297405097
1738,109.18364654170722
1739,171.4160737704607
1740,179.0816029109102
1741,100.57176498130671
1742,137.07600746433005
1743,-25.565100241653028
1744,-4.765970545051275
1745,-31.60702197821324
1746,113.43165833586713
1747,240.8437332785623
1748,112.03877586068592
1749,175.9642528006839
1750,135.20049290290052
1751,172.56640397330762
1752,-38.81792793374045
1753,17.66172470890494
1754,98.7314356280865
1755,89.74760467077496
1756,130.89146595927383
1757,113.34594840066045
1758,12.41482364943073
1759,34.368418535241915
1760,158.7826854994603
1761,233.9948518185127
1762,147.07313645352065
1763,-40.10992871292409
1764,122.62350651501129
1765,117.33792677273696
1766,135.21356645239155
1767,239.32486085607277
1768,53.70415719642139
1769,134.8507111997435
1770,202.96997743064924
1771,162.8001972216979
1772,124.06334331471666
1773,106.7319246309805
1774,143.76077577892784
1775,118.03407333034542
1776,-16.40707241374156
1777,151.14518974316985
1778,123.14324367938832
1779,136.5319927579532
1780,158.54283160879388
1781,109.15412258826805
1782,90.0050860792364
1783,-13.128024999274956
1784,88.68344215371661
1785,135.0982756302019
1786,140.4341341556311
1787,95.05729137793665
1788,21.91782678014556
1789,-23.353246208915266
1790,-30.885842357329977
1791,107.19169044096408
1792,104.92226639983144
1793,104.88548215839269
1794,-216.65084452574564
1795,131.87878996908455
1796,149.82853895312448
1797,-231.74489739020723
1798,-63.17574920357145
1799,161.95170728409838
1800,29.281446647323776
1801,86.62469059414612
1802,215.98542578369654
1803,104.04235356718257
1804,-147.59864738702038
1805,8.279916815946095
1806,-81.60982538697138
1807,108.68010560641757
1808,8.981875635670065
1809,135.71939271437384
1810,-76.02377205260082
1811,124.99062170569778
1812,-73.60232306538623
1813,164.39175470238314
1814,148.24457038998813
1815,122.18078695345253
1816,-41.700822268418065
1817,132.18143688124923
1818,39.96193013535532
1819,96.35178093367983
1820,-29.568762875760527
1821,122.36829026791384
1822,-27.206383538748952
1823,103.31788355623195
1824,118.05828042821946
1825,-37.3051671673971
1826,-26.369303694674187
1827,-191.06603074979137
1828,-225.4949394748571
1829,166.63158240538274
1830,164.61318632113864
1831,28.720806248147028
1832,18.036990566627978
1833,124.97203876626571
1834,120.56347136930438
1835,-118.15516494832687
1836,74.76244089911933
1837,164.51712288623244
1838,157.94773455703836
1839,127.87945649041339
1840,249.67046174856472
1841,-14.496460506287505
1842,267.2436565189733
1843,271.1632271340982
1844,230.44133710592524
1845,136.30443376009995
1846,108.5521789175879
1847,157.05840346516626
1848,217.93950248041443
1849,273.77389466493474
1850,119.7986185523946
1851,-49.14996876277567
1852,-53.74617672454488
1853,184.35040204312062
1854,251.85781577088142
1855,271.35286019787134
1856,116.80115581754313
1857,-41.790905782752475
1858,257.79196400098795
1859,-81.24853077015794
1860,250.20945787953485
1861,-31.118498931874143
1862,161.52472743394065
1863,118.80101355980692
1864,-22.591348530540458
1865,228.11514633046392
1866,111.74206016239896
1867,277.037700222377
1868,-35.810791741835445
1869,-76.34175090695044
1870,9.488094991366196
1871,15.312606375564386
1872,-26.782828713784554
1873,-37.68463585035779
1874,-192.69198620720897
1875,236.5853128622329
1876,252.495548888086
1877,-2.64048462855321
1878,253.72842504179624
1879,103.48112922423897
1880,-242.68225909037542
1881,227.12580789923612
1882,144.72682893088236
1883,66.99112744918654
1884,135.3063310660214
1885,22.638366680078377
1886,125.5014725314978
1887,105.81928523193386
1888,15.17369440322176
1889,-36.66808857681107
1890,162.3773601375001
1891,17.597528869876612
1892,86.49940261440419
1893,-135.47659224154998
1894,94.21019994913759
1895,284.50722794663477
1896,114.15335116500296
1897,104.95664303665595
1898,225.9346857723338
1899,242.92147653247787
1900,134.34373990727985
1901,297.6528380116208
1902,4.248101760791116
1903,-72.58711363319063
1904,3.068198027712725
1905,251.8522866014815
1906,-48.17425624774131
1907,51.383565768494975
1908,274.5256645022267
1909,153.70268379937625
1910,214.3558469789312
1911,-7.013156884947833
1912,-36.0223593100725
1913,234.02562184254063
1914,236.37320676636938
1915,113.25184858531593
1916,123.45245724078056
1917,124.9380701821434
1918,112.20732425358278
1919,107.17888928108827
1920,269.3142807464584
1921,-67.58180797088849
1922,89.32018060164546
1923,-40.95507092921967
1924,159.46436669144717
1925,113.95921350468232
1926,145.14586083640748
1927,101.6548537914279
1928,-13.445659607190365
1929,123.80120762195233
1930,255.5123989179145
1931,147.44392476063837
1932,275.618197334548
1933,95.95151359134175
1934,-24.477865416700013
1935,103.36877407358797
1936,149.79105075369674
1937,-42.71787177289191
1938,-33.299549564946545
1939,80.8648775984857
1940,219.36736293489247
1941,-9.91397022285517
1942,193.10541167524957
1943,28.238700475548796
1944,111.9921438071358
1945,47.94684157146205
1946,-34.70198256438873
1947,33.763965329322616
1948,82.88499149933084
1949,245.9917823362429
1950,131.67223927649536
1951,273.0776901580194
1952,144.43527243323058
1953,85.71085293618212
1954,221.91015759276087
1955,-97.36800633761871
1956,147.92950660769736
1957,143.94256700724426
1958,126.69479811995008
1959,21.812449427936173
1960,236.03839903377562
1961,-30.580853110578175
1962,222.89177631662835
1963,120.85581147073573
1964,120.07846314513125
1965,144.07445701286628
1966,-70.0317035610314
1967,272.88696735862936
1968,143.32340197875627
1969,264.92867240907367
1970,77.77527966471837
1971,12.200488872929284
1972,181.02832044376294
1973,101.34521832205164
1974,231.32510583592463
1975,124.31799301175053
1976,-252.03014409973198
1977,133.38134164037075
1978,-28.63323412990927
1979,150.7459711698881
1980,141.24628593962575
1981,217.8818739464062
1982,-62.45827731172339
1983,277.07571428932994
1984,-29.719192887336618
1985,-69.007478332036
1986,-49.33794262624618
1987,120.74653655658324
1988,-13.173245013908968
1989,-29.392823559257124
1990,-48.51869617253389
1991,-58.61594942543002
1992,237.09927878326488
1993,48.13161357075997
1994,-11.817511006291141
1995,221.88746901060532
1996,52.19854668650336
1997,266.43161707092463
1998,235.1666760263226
1999,-7.296024384071046
2000,-69.26153933403839
2001,-47.608292305089776
2002,143.3658052755823
2003,108.27720153288908
2004,1.0255089609077999
2005,73.50022189079918
2006,27.74788708944854
2007,-5.307789569023143
2008,125.3958961054258
2009,-41.155994920173626
2010,-67.9274473201154
2011,-58.01662150711172
2012,60.27738162532826
2013,257.3519515151476
2014,176.56642359058995
2015,-17.40170470819048
2016,11.144969062789315
2017,242.34366678899195
2018,93.1908261279965
2019,260.8466793439607
2020,114.66216777802235
2021,262.44716820456904
2022,-65.19148378062425
2023,-57.438770346324034
2024,97.35803469542843
2025,-55.03764912579497
2026,249.16278583160312
2027,3.197989666534255
2028,-100.24859445350393
2029,-80.21932978130724
2030,285.43378550583986
2031,41.33932239349835
2032,95.6168659882945
2033,87.3132283215816
2034,-16.189961417906233
2035,56.3417604438636
2036,-21.802122051884837
2037,-44.18626605591142
2038,247.1579400709056
2039,17.35660368663106
2040,277.53806261001125
2041,-54.15952193361814
2042,98.99303247084255
2043,-18.091287721922257
2044,238.2456700193036
2045,283.3339625922829
2046,46.329914193792725
2047,141.43145322572266
2048,277.08645454526777
2049,250.8414650519775
2050,15.431980101671115
2051,218.7466748070054
2052,228.3845914462535
2053,252.78732993838665
2054,185.96210908992845
2055,-70.63954304069891
2056,117.39072071105382
2057,95.96709600472278
2058,173.8002402482738
2059,196.19203906846445
2060,27.985719772685492
2061,117.08896659220744
2062,73.69575037719189
2063,100.38196246576125
2064,-107.59571608092818
2065,122.65412770457323
2066,-27.61014267609775
2067,-39.106326974373786
2068,-63.1139864194418
2069,0.4863042215468454
2070,132.62336818731256
2071,-27.45055840376149
2072,-53.99823545831089
2073,-9.278095782605362
2074,-70.69904587219932
2075,256.01408141039883
2076,235.21683096676844
2077,96.20388627812181
2078,38.23588984300699
2079,116.11622176554451
2080,267.719625418312
2081,280.38449975869156
2082,-47.24458249411555
2083,232.35680929682943
2084,25.863089596016664
2085,124.74546235472826
2086,-290.837955041221
2087,-18.2861891768069
2088,76.56447139213803
2089,-26.31851249033491
2090,250.87333741340098
2091,-26.950832759766826
2092,153.23738223228315
2093,119.06307456220893
2094,-113.9114945728738
2095,276.29774660769954
2096,181.58571864512024
2097,103.85747833097977
2098,115.9112898069536
2099,-74.07392356781739
2100,239.66339284790917
2101,15.31968141684996
2102,111.53570365168531
2103,-76.35940247294916
2104,-202.131070621626
2105,-13.808375871955661
2106,134.44524180509288
2107,66.37705286054546
2108,-35.504391101405034
2109,252.07249747748648
2110,-17.896607482871502
2111,-36.83851264178759
2112,136.83547201077846
2113,219.761041435773
2114,109.29933321516403
2115,245.83298446337656
2116,31.698581155081996
2117,99.34205827500011
2118,18.373194213258017
2119,242.11736143242092
2120,61.81046564614195
2121,100.16179937123609
2122,155.6850469112411
2123,-14.32154628464616
2124,155.57898350267322
2125,262.6789673172723
2126,293.66581137339625
2127,61.60184767637869
2128,281.3397863123861
2129,-9.196205748149595
2130,140.59077907744722
2131,9.513226734421295
2132,62.13322792414754
2133,-93.24521502199795
2134,79.39361655317569
2135,246.66185474386404
2136,1.1914092291898015
2137,288.95246473521877
2138,73.35990106569365
2139,-29.096919808789636
2140,-109.58778103322663
2141,159.40192400343236
2142,-13.515622849564608
2143,129.21432341014201
2144,270.2877809198721
2145,227.7899633263573
2146,-51.99799773102475
2147,52.12492574488435
2148,-50.19884265745364
2149,121.94049973432782
2150,120.76290784599257
2151,131.78345689462623
2152,-25.222337910606115
2153,-128.0756263180926
2154,139.83470735681496
2155,254.3579424373495
2156,16.878927191810178
2157,171.46344958719038
2158,-22.918472451375635
2159,70.83180448095433
2160,292.4022968816574
2161,174.6109418282832
2162,260.8598395836315
2163,-31.1667611630466
2164,4.694726084960365
2165,262.0750176979317
2166,72.92715679517958
2167,159.4854923803535
2168,242.70446801726925
2169,258.32975461415083
2170,-98.63046608509663
2171,261.0211771409922
2172,145.65552784642813
2173,25.614593075162446
2174,85.37961525548727
2175,240.30734155842148
2176,168.80362429603971
2177,-16.79619817090736
2178,122.9311564221477
2179,134.4033121515252
2180,118.9136649828201
2181,90.913009650504
2182,257.2696328231194
2183,285.92402126152444
2184,231.32743078314326
2185,108.9892498685346
2186,148.5217733843861
2187,248.0466385344891
2188,-52.48480898013152
2189,-95.47670159774171
2190,218.2775440898862
2191,36.25611215602768
2192,-49.184058188770294
2193,15.320709874936071
2194,-39.794002039567204
2195,281.97802999972043
2196,282.83418684768026
2197,68.31891303825756
2198,-2.3205990155761924
2199,-125.11319697412115
2200,27.103846599538556
2201,24.366668042114043
2202,93.35718777913921
2203,100.49694918273758
2204,285.46051823662106
2205,129.9648477139227
2206,301.7407052960677
2207,116.55215484807165
2208,225.19685565180055
2209,130.67385780285625
2210,239.6629429615806
2211,140.72162244157272
2212,120.3986338399326
2213,66.15568217473877
2214,115.97905851357912
2215,-31.19213734470037
2216,249.80956061517995
2217,280.02759234919677
2218,21.207217469228524
2219,-54.70822224046922
2220,234.78114922027902
2221,-2.0031846508102404
2222,119.6207752141988
2223,249.62410244836425
2224,270.25976632620063
2225,151.7772552878247
2226,244.57878209265994
2227,265.2104099824531
2228,271.062026814462
2229,134.19880710379582
2230,132.35375000227293
2231,160.47745270247538
2232,272.24297325063276
2233,26.09301197985303
2234,221.1346591910979
2235,-219.89583535779488
2236,130.67147532326658
2237,-30.824898260863534
2238,70.3519086106159
2239,183.72158502069766
2240,77.04186946712407
2241,-122.3498386232971
2242,26.137559246537506
2243,166.48664531374996
2244,88.99526740967323
2245,98.17193231207366
2246,264.87381563691383
2247,248.43395878412196
2248,141.8505453546552
2249,-68.03300090599434
2250,234.2439876255056
2251,141.15309237613351
2252,192.3770054581206
2253,261.9275442660414
2254,259.9230803364102
2255,200.2747932144249
2256,125.13402894420074
2257,260.6783134644644
2258,228.19657666010144
2259,181.67221997044803
2260,-96.85129617213195
2261,252.84233984899592
2262,231.1950048686242
2263,292.86957534637736
2264,110.10191396302328
2265,278.113361099601
2266,272.259674053939
2267,127.31526659918265
2268,-81.49014817674889
2269,129.07016754299102
2270,-58.08957348099372
2271,68.1910731338518
2272,182.60661376736232
2273,113.8356084888051
2274,86.61549474739459
2275,37.89618246182417
2276,94.91975408615583
2277,78.32434273328971
2278,215.4643015886241
2279,-143.72213870566426
2280,241.37097688170982
2281,-122.46536566323513
2282,5.131720059092672
2283,223.25654294018852
2284,127.42293687817455
2285,166.62451165147868
2286,271.1921921402054
2287,287.6941911155084
2288,272.9821103230687
2289,161.8048375680168
2290,276.69319757179335
2291,-87.93863111288836
2292,-115.47054884893784
2293,97.81183014938259
2294,57.46544356663665
2295,3.89253143409384
2296,128.75622738048898
2297,-2.921748544050729
2298,99.45552589018921
2299,152.23414236297106
2300,289.0757252009513
2301,193.0212145559678
2302,81.44971554433332
2303,145.04969028728758
2304,216.62513016330277
2305,114.56881936070955
2306,104.7962152325773
2307,96.92602438565058
2308,-31.227707332421318
2309,103.6035099916484
2310,-31.541441662424546
2311,-127.07115648045539
2312,119.53022082080672
2313,215.70738408839176
2314,180.03998816402674
2315,265.30143154342534
2316,90.70951854773028
2317,155.98667888760332
2318,265.8445951011809
2319,254.84183639997246
2320,-21.891833115966165
2321,-97.261851427507
2322,-60.588396121645
2323,112.93468622955862
2324,-222.59978459292137
2325,145.55705614283266
2326,223.87722885433539
2327,129.5359142398317
2328,260.69968688718467
2329,161.01179354209145
2330,48.53709663069151
2331,253.27431577355935
2332,132.79938706653377
2333,217.335116283074
2334,247.51821914329997
2335,26.860979205342474
2336,127.03606638960906
2337,116.18128479231125
2338,226.8746176902714
2339,224.0290612165691
2340,142.06720653397366
2341,7.1334742501256585
2342,184.24184124261262
2343,82.45672488980756
2344,-29.548661577219505
2345,91.68221927638595
2346,-7.607216987308135
2347,221.39185264914155
2348,146.2776248907405
2349,-49.02025944957911
2350,135.42811442899622
2351,138.14435158217012
2352,190.21159451760158
2353,249.57099919390816
2354,180.12505203789988
2355,-9.547454731021745
2356,131.588572322408
2357,174.44643843090063
2358,-72.97300518606687
2359,123.94759178549194
2360,141.25764092475077
2361,139.26905352370463
2362,274.13756123048194
2363,241.32382896785325
2364,239.3430110220328
2365,-118.07372173861587
2366,274.0632306990768
2367,205.31046887789867
2368,280.19537635834
2369,274.15102016265655
2370,106.65328406520408
2371,103.39908809335697
2372,-5.532773052692264
2373,-5.343444902576948
2374,186.4785727438287
2375,-28.443938580127423
2376,184.27051324565247
2377,143.81748410814112
2378,-22.53249203287764
2379,139.5656132937831
2380,252.1183788819481
2381,210.72186610625238
2382,251.0138594626742
2383,15.445115764893345
2384,153.268061204488
2385,130.9972562944982
2386,235.7249895096104
2387,-21.86612592842326
2388,-109.5040658270647
2389,19.67107346837892
2390,223.9159884204963
2391,-276.1670824230026
2392,186.56101657795384
2393,-49.074113869716555
2394,67.96486504827683
2395,161.66914112679402
2396,73.52268723464883
2397,273.6012799068019
2398,199.4920012049165
2399,292.2871352126334
2400,279.405022199543
2401,214.47460161956633
2402,271.95171396668616
2403,257.7015281593476
2404,117.71068787487768
2405,147.95417707428675
2406,230.78600345809897
2407,278.2845156316602
2408,-111.42740969514738
2409,6.324772656285674
2410,78.11065641549033
2411,16.388166981049665
2412,112.19199524144123
2413,123.90041725487352
2414,-3.174030520979784
2415,22.938530430656314
2416,-44.609453218464814
2417,-35.87270718970902
2418,-333.30802339453385
2419,-163.57521800087267
2420,-17.83048623204469
2421,11.151061030616532
2422,248.17436989817872
2423,295.1875323539553
2424,231.88872670624028
2425,-71.78951255711536
2426,265.1791527345301
2427,125.78253015916198
2428,3.101599662524137
2429,228.0738485848325
2430,41.14555224311298
2431,130.1856227653051
2432,-63.84164736601456
2433,120.97678525264789
2434,136.5821443360536
2435,268.45311023967474
2436,157.59711665097984
2437,-110.77364975897447
2438,243.1276948288546
2439,294.99762601522514
2440,121.62222827778491
2441,-3.2384000726403173
2442,111.26720053149758
2443,145.77158122638008
2444,6.111924844962914
2445,28.149835539273084
2446,168.63107952624478
2447,221.39059721060144
2448,127.38207022309696
2449,152.97189886026598
2450,259.70244074139816
2451,284.90561932206555
2452,236.32462967584078
2453,22.463908890558145
2454,148.8700853666388
2455,-9.178380419808178
2456,48.86120414115149
2457,-6.581631797241684
2458,18.767996971485104
2459,239.64679195616696
2460,234.16565825400988
2461,31.186996429586756
2462,151.0840048021199
2463,100.84772348124811
2464,-58.81505947401973
2465,140.11382150815544
2466,-23.977261678448116
2467,219.83693959941576
2468,-182.58161105148744
2469,214.00916647277666
2470,229.3435935480766
2471,113.42354489580875
2472,243.63606711671846
2473,226.37052296045914
2474,160.26262806496095
2475,116.82265364495137
2476,114.87735768358121
2477,235.8897525085125
2478,-25.704397663316485
2479,175.89409012638902
2480,100.67317127115501
2481,136.45304574727686
2482,200.56704110635354
2483,-41.19782412806009
2484,3.833770376052925
2485,143.40709051605174
2486,0.19806328115448935
2487,186.86745908471823
2488,157.43101252235482
2489,177.31835109220506
2490,104.83084084324638
2491,160.59888031960952
2492,133.68636042851435
2493,4.506939616191204
2494,120.51779259076412
2495,97.39743737036227
2496,-170.81675833592794
2497,-33.54383609421184
2498,267.22738553038846
2499,192.50169509494438
2500,-167.9044572464042
2501,-1.6279727234409052
2502,151.89845839814757
2503,-36.0712663854075
2504,261.42754416904506
2505,241.038273770858
2506,-24.541922794637713
2507,-40.73756130566703
2508,265.56686498302247
2509,253.57560861429832
2510,259.88722528046674
2511,289.8740789707713
2512,119.85275075440994
2513,109.53898679284156
2514,116.47854307197719
2515,164.9712808346709
2516,16.333171593021618
2517,139.79237876153726
2518,273.7411779567421
2519,241.889597176434
2520,-41.43527674965638
2521,69.6736104777527
2522,147.34311953818946
2523,195.58452441454432
2524,256.5682511794697
2525,159.98412482781941
2526,49.74104106987292
2527,175.54240464926716
2528,201.9554426821196
2529,-12.06724517215821
2530,199.53088871058515
2531,240.10860566419035
2532,1.0210142352520961
2533,275.63249016620455
2534,219.8082777998155
2535,-112.127145983641
2536,162.31037955388322
2537,164.65665421744387
2538,282.27494717150546
2539,250.71258144025666
2540,-15.073072665016582
2541,270.8409422651974
2542,190.51226202748822
2543,98.37684568509528
2544,262.7064331196301
2545,159.68570046269613
2546,-52.35569500984148
2547,274.7416326962232
2548,-49.55085449510075
2549,126.88637145533241
2550,301.139962516473
2551,282.51035517505113
2552,-54.9130449048875
2553,136.19915495813726
2554,251.70380647002324
2555,251.56257151306318
2556,257.7924784085346
2557,21.4156087925399
2558,194.5607887594922
2559,-42.25013721118144
2560,182.62857496482764
2561,225.08417097915577
2562,-76.45283984778355
2563,122.80926552754994
2564,-45.8519565613619
2565,109.8767632391586
2566,293.1032111173141
2567,249.7381911995973
2568,283.4243284193295
2569,244.83151448349676
2570,233.4272143485379
2571,263.00935496765584
2572,121.41895704995564
2573,101.97055057724245
2574,232.5258221100887
2575,268.04503138288703
2576,107.7037394596358
2577,258.9692402466793
2578,235.0126472252606
2579,76.05028443640175
2580,194.19759058870932
2581,251.6879602434645
2582,143.3846031406695
2583,254.29824317000876
2584,261.51980453809404
2585,130.90172596295162
2586,210.22677819628422
2587,-76.71866870007746
2588,291.4493548728443
2589,95.91717496297541
2590,-45.69603820952835
2591,270.8458983062114
2592,141.03770665568
2593,113.01594371900777
2594,104.89850011676172
2595,239.63263700797205
2596,142.65460066189542
2597,-57.455294928016905
2598,216.97602403276838
2599,264.6727427482771
2600,0.27419679556393817
2601,140.0116729293195
2602,264.0092235025944
2603,290.1383612429546
2604,199.28381583721006
2605,287.31246619643093
2606,247.87248233699336
2607,253.2517337769775
2608,-36.7651372390375
2609,265.26470198361596
2610,214.76089385271078
2611,234.42028001584765
2612,8.227104200342112
2613,294.1706213111323
2614,276.7925798306849
2615,259.1921185935025
2616,115.32755242762798
2617,286.2100684196855
2618,-40.914971788264765
2619,-11.469242068731774
2620,95.60682675277555
2621,173.00682423847152
2622,13.551618247133447
2623,-47.468263297962885
2624,83.46647159233157
2625,146.9924448560324
2626,-51.225234368057
2627,32.880851110190235
2628,178.00428386478046
2629,73.43929734483692
2630,-59.963056893671265
2631,274.5488763448003
2632,282.5265733167862
2633,256.48237481114575
2634,119.1790127607832
2635,63.575573690572156
2636,254.05088892509212
2637,176.65198961871155
2638,279.9418868428735
2639,214.10025325529162
2640,174.8141181773495
2641,-169.05008554657115
2642,167.83433376742386
2643,85.94497211011392
2644,271.6881951077887
2645,-36.78881784708409
2646,-48.793606118390585
2647,188.72807978444578
2648,110.6154001503291
2649,149.226985865735
2650,253.22126927876113
2651,179.15274852117133
2652,213.92660604963362
2653,273.0818314718888
2654,131.57660698317
2655,282.1802547169026
2656,279.52421041628634
2657,23.417331125362352
2658,158.3401060093804
2659,268.04949394592944
2660,254.43687084727023
2661,-22.26771615598109
2662,175.50002212864084
2663,16.665652198040988
2664,-18.732676068700513
2665,267.5518533860329
2666,152.4393232083761
2667,134.43728974180195
2668,79.34152838068987
2669,198.5766438203022
2670,224.02727553360404
2671,240.466701678844
2672,235.72431166492524
2673,174.69249032022765
2674,128.52749822163562
2675,139.9283645552357
2676,-36.245310229990416
2677,248.8494546993078
2678,121.7868159835852
2679,73.82160926226119
2680,284.726741016161
2681,150.26765866566063
2682,5.982477416624278
2683,143.9795038097297
2684,-12.700427187143248
2685,153.9662184155447
2686,148.5331628636202
2687,195.27254105515547
2688,72.2091526677842
2689,-87.21771677068955
2690,253.6038778724865
2691,-43.19895656718886
2692,159.58465868341955
2693,270.66904955737857
2694,210.2584919939111
2695,193.70121851909747
2696,132.10265872941412
2697,36.06104974871076
2698,128.27064333254106
2699,224.35320731604986
2700,92.76764602293333
2701,141.0140866019995
2702,82.26980160673472
2703,231.7693915782128
2704,294.9314141381792
2705,118.82615095333198
2706,236.7276526337851
2707,124.44312148120824
2708,230.14269726775072
2709,45.64469053880572
2710,-34.948956069435226
2711,263.8779324017005
2712,-12.91618762036154
2713,239.25049139995429
2714,-150.02259125766128
2715,57.386196914064584
2716,210.38244966028134
2717,123.95760559683988
2718,110.66454468237609
2719,255.67570435784523
2720,277.69025322635315
2721,254.35479311099454
2722,265.9313107806886
2723,-55.12489637878926
2724,18.820868957124972
2725,270.52103469617896
2726,129.0790051750222
2727,-2.9614164418053974
2728,233.37756054841773
2729,-34.04591903382581
2730,242.76619744155428
2731,-146.45918192411415
2732,273.14155604215387
2733,237.1282456663848
2734,206.90069121663134
2735,201.12309303707235
2736,147.2574061767547
2737,231.53822694949258
2738,117.55801658140133
2739,107.67999140327937
2740,-4.9861251219133464
2741,106.71741225137166
2742,123.86186394841704
2743,-9.442704317104258
2744,286.1647544688613
2745,183.2155476855819
2746,166.57205148731916
2747,150.49030004255977
2748,268.3896522962449
2749,231.88982310699834
2750,114.82635393826384
2751,255.04393610214055
2752,128.17018550719553
2753,251.0184745263156
2754,198.07925784187637
2755,276.1947230297994
2756,-59.278371906405184
2757,220.01694059524684
2758,100.11685087285599
2759,172.24822321512335
2760,206.5071584723073
2761,-32.00879596788154
2762,162.6622452071802
2763,-38.165836678532244
2764,42.55971988032266
2765,70.06987085175096
2766,23.754113485749485
2767,245.996914603807
2768,197.99219448669535
2769,128.7965783583576
2770,-12.784154662280429
2771,291.2770127964503
2772,128.39002116868872
2773,99.16869670777437
2774,143.402369930322
2775,14.156855826490812
2776,231.20966471544895
2777,261.8062418759499
2778,232.715830602893
2779,-58.500497328676175
2780,227.60454344849774
2781,236.9084642729423
2782,192.17176581504117
2783,261.0158958187137
2784,195.23879459161685
2785,246.77970930649298
2786,126.63873391109267
2787,138.67269766396228
2788,300.5538246812239
2789,199.81687906452328
2790,107.16459982152139
2791,280.7802219857855
2792,135.79872042078418
2793,242.22042936084813
2794,240.8213037935948
2795,250.30594073970238
2796,111.71447968874897
2797,258.4113723700088
2798,267.19789946002993
2799,281.6691586737829
2800,214.98135475501704
2801,129.0602725052246
2802,102.52551962016749
2803,217.64879373739922
2804,226.24203569428298
2805,280.93878563943457
2806,233.2629510600548
2807,271.99626473429043
2808,227.19105020111215
2809,-35.956437877081996
2810,154.6009609025457
2811,133.3266692460541
2812,-147.45659330677827
2813,81.5292309535296
2814,249.6751219503623
2815,282.3642690105478
2816,127.21232102060742
2817,133.85236936283775
2818,259.0302982804988
2819,222.29052732386094
2820,260.90022533554657
2821,247.90335717683178
2822,149.55115983019076
2823,11.903274130286704
2824,233.4075418462231
2825,107.76222358776987
2826,269.67676957050725
2827,260.7363564193513
2828,248.1472839795815
2829,154.82346159587053
2830,126.07845547306788
2831,256.2503264437097
2832,18.55870762290843
2833,262.29727867156123
2834,221.71714317453416
2835,254.63093598642948
2836,-72.00588099174442
2837,-48.183806863975136
2838,109.33821238359214
2839,133.09612774704647
2840,100.81859567327164
2841,187.64331913960297
2842,274.9645331422543
2843,107.4444558906471
2844,93.1585801502026
2845,71.97359176738591
2846,235.25152571876995
2847,244.64941484897554
2848,264.3238807974179
2849,55.62353966705092
2850,265.09675864251744
2851,-1.3171702562323162
2852,176.41928206960773
2853,-34.67974074661586
2854,59.19013066886721
2855,15.578264320978263
2856,-169.0970481717647
2857,82.42833484598121
2858,209.55201182857547
2859,8.333280240437404
2860,108.63460669851682
2861,222.3649261060073
2862,-5.333799105599667
2863,151.51311657633056
2864,242.34670591370954
2865,39.68866075429233
2866,230.32173804327536
2867,79.76957021300761
2868,142.4323192126187
2869,284.83294812231134
2870,267.1436635237142
2871,112.40840200706594
2872,-74.17793434156526
2873,137.2952247906275
2874,-29.211977030399552
2875,167.84033738494287
2876,-51.861127138342
2877,109.67669884424004
2878,280.5858020637681
2879,153.30175592101995
2880,197.46221283692984
2881,258.6031191334414
2882,-39.27682607141557
2883,100.84618289873437
2884,261.21925282087034
2885,-135.93971371299645
2886,-174.95163904475993
2887,238.20412371751087
2888,24.07267747374901
2889,-31.976867552685988
2890,142.51304974264548
2891,28.924023092234364
2892,45.34148847941333
2893,178.06170497678067
2894,91.42248734007794
2895,134.4829199802752
2896,222.48193087819544
2897,74.71034876250523
2898,177.29023076522924
2899,262.7069045525137
2900,231.05658452368746
2901,223.34594323711462
2902,77.80509127743494
2903,217.20036512088237
2904,226.1391930307914
2905,209.34784947315518
2906,1.6312112709546938
2907,160.37068364671998
2908,219.277781374506
2909,237.13509036273007
2910,87.90206326199315
2911,163.49442227566013
2912,150.0792170672276
2913,150.92082168928448
2914,221.09356118910028
2915,255.47312564600935
2916,109.60491087484154
2917,-8.501334396897192
2918,291.6555025248298
2919,280.89286566327576
2920,155.80513393759514
2921,73.47831808646049
2922,120.40385194864766
2923,-9.082336368087851
2924,155.51999078279522
2925,147.68294163478797
2926,94.82085795559277
2927,76.82588947800751
2928,-7.424144588896098
2929,133.09050819387946
2930,103.12211825031378
2931,115.885692111954
2932,249.7863074466372
2933,245.42809652356434
2934,105.27479375468579
2935,104.39879116595755
2936,160.9510893606463
2937,234.8909883308448
2938,75.02985211554665
2939,154.6153232461058
2940,110.70613196223418
2941,143.1100452936376
2942,248.75390569251766
2943,265.048750780211
2944,179.48505587793127
2945,87.36085343935702
2946,251.52832523638247
2947,222.70189180800074
2948,77.82149819167468
2949,120.87716441932139
2950,139.74999799142935
2951,236.80148227961303
2952,241.58840122423695
2953,219.0847523528653
2954,196.22580859134786
2955,112.31834367124853
2956,246.8808425297802
2957,98.15911770687794
2958,96.13485771874753
2959,70.46142124468113
2960,-139.4117127587285
2961,-40.96678801077739
2962,56.469421658455296
2963,227.61001282010764
2964,128.08593302775446
2965,256.7882939697917
2966,250.886187665241
2967,209.77184450086946
2968,13.98775776898276
2969,-27.274230938871185
2970,223.11148727531577
2971,235.2241136103181
2972,264.7460769131221
2973,309.6968871648484
2974,147.64570839924986
2975,-1.6998712170445458
2976,-30.33829381270145
2977,-42.55903629681018
2978,-3.2171401727828624
2979,254.25466820979187
2980,133.8860904262319
2981,290.94004217134443
2982,-94.62314797840637
2983,283.43789409472424
2984,299.8525141234276
2985,-51.053610072698945
2986,70.70663140666679
2987,215.89580093636437
2988,295.71154329395796
2989,213.08812554020335
2990,187.22943532972207
2991,114.70741578044766
2992,134.90300408285538
2993,233.4146436365855
2994,108.173661990775
2995,7.121312963855914
2996,131.7235711021173
2997,280.0795816580807
2998,260.99640822421907
2999,-130.90988711930962
3000,208.31082298548915
3001,-47.74702893163324
3002,72.76648057796808
3003,204.29235996802305
3004,145.48879085330597
3005,-16.104401237160943
3006,91.27482770068555
3007,28.371846005224562
3008,234.58491082102051
3009,243.29090517271698
3010,247.0442136197833
3011,252.17823499111307
3012,224.8226224835118
3013,188.62091884219953
3014,183.73724095682192
3015,-33.3113766150892
3016,-114.9005753975401
3017,258.8775608987912
3018,264.8756458645563
3019,288.08361757214203
3020,238.7184805700902
3021,253.2161337859062
3022,20.25244252811946
3023,280.66010877288795
3024,274.87927210862574
3025,92.1622676320233
3026,295.6084123546292
3027,-28.29610474084724
3028,32.64461451666662
3029,122.67952545029296
3030,217.26054653616654
3031,208.6380172336732
3032,279.2330387710092
3033,13.329212156268085
3034,9.228539300203153
3035,-97.48255441205953
3036,230.81750430553615
3037,89.45838034065198
3038,270.287907654155
3039,-7.195856272254545
3040,238.48359072044562
3041,20.504670925303316
3042,256.2991128544427
3043,275.3302894770188
3044,-87.08331564669461
3045,-88.17767601527719
3046,280.16734268582377
3047,-152.79220188460457
3048,291.72542600711205
3049,234.94045143363104
3050,282.3692856936276
3051,266.41434892559494
3052,-244.74011142590328
3053,228.4273361766645
3054,98.83388303558883
3055,-24.518053465794225
3056,108.0861184026445
3057,178.4614951910791
3058,234.86785163460928
3059,-7.532508254020044
3060,253.51381757688395
3061,173.14522489155473
3062,98.96911103723838
3063,224.48368480416514
3064,196.87970531715808
3065,230.51727453268745
3066,106.365535251114
3067,273.18345281474194
3068,52.13817070568444
3069,51.21069122902299
3070,165.26865722076812
3071,60.95875621238487
3072,259.71515841762914
3073,-16.64013501073289
3074,234.69829306509507
3075,249.53975691032107
3076,248.8294237449458
3077,144.70338769922188
3078,-27.39303721506181
3079,265.21200304305273
3080,26.325316848677872
3081,226.11616721723328
3082,-163.71581576603052
3083,292.94496162371075
3084,229.55366353801352
3085,215.40258050745155
3086,261.0701295114547
3087,111.76497049097534
3088,275.9557911396206
3089,120.22123625251373
3090,-5.696896048002955
3091,248.50231787011901
3092,231.70814816817997
3093,246.63652525399388
3094,68.04016694660721
3095,223.2535279903028
3096,223.36674703782165
3097,-57.627454326059194
3098,166.63192018364697
3099,-73.67279762781999
3100,123.1943338897664
3101,251.45058969406207
3102,-85.2705782575261
3103,-2.814176105193269
3104,263.51156428868455
3105,259.5470601638598
3106,15.650440891896764
3107,141.15008978168152
3108,242.4645419104653
3109,-41.161379703924496
3110,76.14574552214924
3111,227.9043037752339
3112,297.26916595316055
3113,134.6553998232089
3114,-17.639098508907168
3115,264.7966637050536
3116,-157.04068798406408
3117,-59.97785852855203
3118,19.41418932647818
3119,241.7863348912547
3120,233.97680827954554
3121,-60.95464702895246
3122,275.281476025825
3123,234.6037123696139
3124,-5.791777549754613
3125,261.7719062082937
3126,28.03392562707799
3127,79.16850474083012
3128,-12.436659724920105
3129,132.91894397046426
3130,12.216303130504215
3131,241.56505908855212
3132,258.49844583653476
3133,212.49864845509592
3134,282.62282281588534
3135,275.28865752195543
3136,107.1829704759626
3137,242.39926074528626
3138,282.2307436535661
3139,242.6171349308028
3140,112.54189177954596
3141,5.8234181868314465
3142,140.89517337268452
3143,259.27536792057623
3144,270.2004491198002
3145,109.48065979757146
3146,-30.04621855571473
3147,262.83957631957463
3148,262.16632583853675
3149,103.0498872120501
3150,241.0383799911649
3151,249.70697252243556
3152,-11.054480552070075
3153,-1.255679856195286
3154,-3.07777308675378
3155,266.7276489021134
3156,262.5360279439111
3157,18.7724999808174
3158,88.93938589571434
3159,15.990022994538762
3160,-284.1403584235935
3161,283.5748848375158
3162,233.0865244506174
3163,55.347915881643885
3164,273.81016619013985
3165,-38.82736195339639
3166,289.1930245995833
3167,-3.2459020087760706
3168,-3.327170147751673
3169,254.55238899826566
3170,130.6523464978969
3171,135.07879417504208
3172,270.53160848641386
3173,291.3138337498705
3174,231.42224858966176
3175,260.8804807956018
3176,215.7190975030902
3177,48.55344134771451
3178,34.957141535627954
3179,269.13651113489533
3180,243.7830299231866
3181,242.40455638189
3182,91.68151650805257
3183,280.7814153413957
3184,18.53543097228345
3185,69.78800971580655
3186,284.74166752567396
3187,9.016266634001383
3188,205.52918622388762
3189,-42.41349198127484
3190,17.74980149663567
3191,247.80069829174505
3192,42.662054174395415
3193,103.62957777005532
3194,276.8367227081037
3195,280.66022585697704
3196,236.071150292221
3197,259.67388444407277
3198,242.66245405173456
3199,100.70846029922876
3200,185.66552785776042
3201,228.07047884791945
3202,197.8204922009537
3203,11.573552730862161
3204,244.495384633149
3205,238.85690946351963
3206,6.256819641305384
3207,-31.549226107710922
3208,116.58108821920806
3209,248.19190607078514
3210,92.6923773580419
3211,241.32225360283064
3212,43.499753855538216
3213,288.4835662502334
3214,219.44441877717253
3215,256.1965573847116
3216,239.3514071809447
3217,-29.69753962939815
3218,233.99246261687446
3219,215.65667287880035
3220,103.05551616194293
3221,21.964638721107292
3222,284.19866350741756
3223,28.414451185145367
3224,62.97115421630176
3225,26.699434247426325
3226,145.23331385906457
3227,264.648917841646
3228,175.9248769778584
3229,282.6035200644762
3230,259.39481141760587
3231,266.60020516833265
3232,234.6065162005715
3233,-62.05669472559019
3234,295.8919629051618
3235,216.45821978307794
3236,137.17457135715313
3237,107.24711765606932
3238,270.3296202324429
3239,135.07562361195872
3240,131.90360390524185
3241,249.09945737391848
3242,261.00871922738884
3243,-76.5963309754045
3244,143.96738743755446
3245,86.3617283189917
3246,11.326226621433023
3247,219.99102648744895
3248,180.6853074631817
3249,254.99629947584646
3250,214.20948356387535
3251,229.9636038163409
3252,40.1244573744228
3253,256.2836589153467
3254,259.2883792045053
3255,232.96019223025766
3256,291.8836309170091
3257,260.8793856195722
3258,2.1467864402972197
3259,278.34068315350635
3260,131.66740219779024
3261,-42.62126554078742
3262,250.3681223101163
3263,147.95443850310335
3264,212.7826244825379
3265,256.7230631647785
3266,145.67027107626208
3267,111.8095629928655
3268,236.90307517165786
3269,89.50638045180398
3270,278.6673369873608
3271,232.83458797361047
3272,280.16800857666055
3273,84.19279286823605
3274,14.893729728795776
3275,232.74244125226238
3276,272.8442497439341
3277,30.60698103462756
3278,13.588036845419353
3279,-14.479603629757776
3280,94.18131618506537
3281,23.357229358698532
3282,-101.13322266258422
3283,292.4194213432696
3284,176.1449810212267
3285,60.675004245196604
3286,272.140806411065
3287,138.91023205921073
3288,202.092242017841
3289,262.44751580426237
3290,88.34407086748918
3291,-13.156740560766266
3292,132.8682460608152
3293,252.56868367615866
3294,41.943742330465625
3295,259.79250062945744
3296,30.303588970269033
3297,247.8276322812034
3298,-34.66558063202204
3299,17.612014010177973
3300,146.6963336753891
3301,293.4304231268987
3302,131.56989013727159
3303,244.83694136102798
3304,76.9568317772306
3305,138.35013628001747
3306,219.81897497964997
3307,59.60527758041191
3308,230.36299005519123
3309,282.0095545285973
3310,139.15800882199707
3311,-78.82347513698183
3312,126.47899163942809
3313,273.54012911880176
3314,-42.09418204046176
3315,246.13635424635697
3316,256.1730680170725
3317,210.6297501690836
3318,22.283613257403985
3319,129.5513435263472
3320,27.69614954458153
3321,290.8480115927001
3322,105.12548271300011
3323,283.83498322426965
3324,227.15346772461163
3325,287.5692860692771
3326,-10.674906521624308
3327,225.5459619131512
3328,118.69868442001791
3329,222.05331839805655
3330,239.09867246315534
3331,112.60086169030039
3332,240.34973905894134
3333,257.9521089574258
3334,240.40534142181005
3335,124.96062743767845
3336,-27.887300561335763
3337,247.68683630943906
3338,225.54431934484063
3339,262.717945512809
3340,258.2491615221267
3341,287.0113732051341
3342,229.17899982730393
3343,229.18334741566844
3344,28.03344247251249
3345,268.63756660758133
3346,173.31353197524405
3347,260.3728134683903
3348,-4.507427012370854
3349,240.44078988858325
3350,246.7311401070036
3351,254.0087129506627
3352,-69.73135278826281
3353,1.558976151199218
3354,-72.84954829042242
3355,240.9577736364753
3356,181.1212256520111
3357,296.70999410880677
3358,311.27235981479396
3359,75.98866306573996
3360,231.76755196726543
3361,105.10007733386486
3362,26.72552713143145
3363,-28.926637563660336
3364,143.16059509663677
3365,-14.829579299407555
3366,233.97352070649873
3367,267.89795330565505
3368,-231.55539241565873
3369,-146.440030930749
3370,92.98292727977856
3371,138.51654989199915
3372,-98.59404307786882
3373,-55.567693925817196
3374,243.94238965691295
3375,278.7539296604454
3376,-113.8137150291187
3377,138.32084614373642
3378,-102.66575772048482
3379,188.9245008632881
3380,239.1592154768672
3381,88.71102209120832
3382,219.63383735204465
3383,-22.857012814144312
3384,52.915654410229976
3385,243.0928745079215
3386,249.71223026799288
3387,-26.079415158415912
3388,182.2295400283023
3389,262.041896783566
3390,-7.897594295771029
3391,-68.34697242621019
3392,-57.56430917482158
3393,253.98450341428324
3394,266.31753978257365
3395,27.53279427559914
3396,120.7757687498145
3397,-4.431698925891737
3398,-25.83019439769072
3399,-1.866672212141637
3400,131.4691524565733
3401,245.3322960677089
3402,129.06406594121643
3403,0.8430914388923298
3404,257.54452890152254
3405,283.0520595654299
3406,304.07712825990524
3407,-61.557666453158404
3408,227.98017679490295
3409,250.1878684234796
3410,259.13251604013163
3411,209.6360922051545
3412,-35.203621300160265
3413,270.36131244239823
3414,280.07439955339026
3415,119.83049906705412
3416,151.0707708868154
3417,87.54856055323205
3418,161.92928884287554
3419,14.58112773094912
3420,247.3317303417453
3421,2.623444593706722
3422,-60.72421458003727
3423,-80.17820922603883
3424,262.2784094261244
3425,226.40764241869954
3426,244.83938086697947
3427,29.740491748719137
3428,-98.20605314003548
3429,-47.828136764416925
3430,206.34007277117502
3431,216.36187840466076
3432,265.35059709743604
3433,251.78121644647882
3434,-19.789229289751233
3435,179.37714469491016
3436,253.83813898955322
3437,-86.64434929230562
3438,192.09330649188502
3439,272.5746538243578
3440,220.86700834980792
3441,269.34655392420285
3442,-46.606976571139654
3443,-80.17725372733872
3444,160.8941338402482
3445,115.13165744589728
3446,-38.657306081428416
3447,239.74442418336693
3448,-113.63478683546406
3449,128.95862098494558
3450,-31.789513064859946
3451,265.54865287626876
3452,238.43067310371367
3453,292.1800269059327
3454,207.20434238919682
3455,264.92734078720537
3456,-10.158269683744109
3457,259.2437514105259
3458,265.43421692375864
3459,-8.293995341134604
3460,232.78023336823935
3461,247.60128955116568
3462,271.4465713851142
3463,22.038808545397274
3464,247.78228529516315
3465,202.10379918556026
3466,235.65860208761327
3467,-37.028180965036654
3468,261.15880263160386
3469,300.22382861341913
3470,250.31699931422312
3471,30.477583907970256
3472,121.78641989394184
3473,253.85690281559064
3474,245.63737956748588
3475,214.5858463579351
3476,122.94190967386838
3477,258.53151361901894
3478,58.31047469900709
3479,244.66715887064382
3480,239.96436040117078
3481,172.12648635115315
3482,264.41290677776743
3483,-36.37482654028723
3484,283.98369492070185
3485,274.0632965405688
3486,-124.44185593891967
3487,-5.585493121199107
3488,270.3146780207989
3489,260.6964106192012
3490,258.13779442978614
3491,279.76460472152166
3492,-24.650705305854032
3493,8.979190782346791
3494,-153.77720527008427
3495,247.58958003148445
3496,248.06743961928814
3497,221.16275225989
3498,136.65590387251476
3499,276.0000082857051
3500,19.801042232671918
3501,-91.90895803543233
3502,167.3488685598523
3503,-113.94068180120843
3504,292.8199995125409
3505,118.38399177463708
3506,30.749719560508595
3507,231.52349147183156
3508,240.73224116101696
3509,206.1624815076105
3510,100.2458108507772
3511,145.7178403640528
3512,247.12444313559487
3513,250.56951616791036
3514,125.88939396737274
3515,251.3202309741158
3516,99.09377324802227
3517,195.77986164261182
3518,112.54198182998252
3519,24.386376995327453
3520,-23.15778890487536
3521,119.9778954818382
3522,259.90898758865427
3523,100.4563693743485
3524,-9.033841111010048
3525,25.663270516592206
3526,223.3540305715774
3527,115.49016376103506
3528,240.2980075957409
3529,27.505523631794844
3530,-52.67144143341443
3531,127.20596450806177
3532,221.01598996134382
3533,-35.99924988286077
3534,250.13780039503487
3535,-1.0682762519507776
3536,224.6883330997524
3537,205.9513243949495
3538,-65.5663860447698
3539,95.36407188496379
3540,86.63329579188039
3541,114.03496170161215
3542,250.18618578064124
3543,246.71099328299022
3544,284.69924248691916
3545,252.98751186388188
3546,244.91264908909054
3547,4.1683718282870075
3548,151.70501641155863
3549,39.80422696111091
3550,137.9284360315107
3551,267.2532095767222
3552,287.3254390720385
3553,104.13973970008284
3554,115.19458828926983
3555,280.5848316532693
3556,267.76948695270585
3557,-60.672459121539816
3558,236.23996327482374
3559,-24.735293205734493
3560,232.19319368964742
3561,267.42729003318686
3562,-62.37624152160777
3563,143.95506676853338
3564,306.93560503187797
3565,-3.26954630966479
3566,236.19886458546586
3567,169.75559376726736
3568,-67.9861881562104
3569,243.57956413593618
3570,205.55728013740028
3571,273.427575274882
3572,-65.16249050728325
3573,256.2596735275422
3574,132.86757383967418
3575,251.08271452377636
3576,95.15986642208419
3577,263.61581195129213
3578,275.7649203469472
3579,261.51748277251266
3580,297.33141527129874
3581,-297.9004940882703
3582,255.97393896658568
3583,136.5337645941046
3584,-8.449164132451827
3585,-25.664620835056255
3586,249.52446868790318
3587,264.06992003446544
3588,258.9002124174723
3589,230.55170753027684
3590,114.58156160741106
3591,225.518601569287
3592,226.35399454244708
3593,239.77770951603165
3594,266.74751275327833
3595,-14.907735618913875
3596,222.67086660545203
3597,282.2042657733207
3598,260.3551658519775
3599,237.92350986533924
3600,253.23435327190992
3601,308.36200000902386
3602,113.62718816623465
3603,113.3016306982257
3604,280.45699477382254
3605,259.42505042877315
3606,31.997270585403413
3607,280.0527741005062
3608,106.8284808543778
3609,269.38404588702144
3610,266.0402399050419
3611,255.11011398442935
3612,286.89381298565144
3613,264.5529302299021
3614,73.36308525586068
3615,276.4651322128902
3616,26.990983399000783
3617,254.32432022936104
3618,153.21880676899804
3619,213.5174684742803
3620,-86.74935986439901
3621,105.97841996882289
3622,12.268083629881602
3623,237.46284520998574
3624,86.72690423302694
3625,222.37865792821853
3626,8.37334617888034
3627,212.71444612017302
3628,275.4358110154012
3629,261.08945328695415
3630,229.4814241528989
3631,44.56367330377341
3632,-87.54618449645258
3633,-37.018413483834536
3634,78.66477085889755
3635,182.6492510444761
3636,241.46421876074797
3637,128.08883527657682
3638,101.16897909180148
3639,148.7235666317904
3640,265.47141204665104
3641,244.43426192559113
3642,290.97813637258145
3643,-33.64326370268395
3644,284.4932821667654
3645,-75.33402038852043
3646,241.13880652613372
3647,246.93499421288845
3648,269.7820549254295
3649,-13.980034888109245
3650,42.25780994416169
3651,172.7111960295549
3652,33.64124945176468
3653,38.387749436339675
3654,288.8763504943338
3655,-16.964742015093748
3656,-50.75080601916762
3657,233.9058041127271
3658,-46.26595608940481
3659,268.43669607034246
3660,250.8010599140353
3661,247.82394936929543
3662,262.54394890967575
3663,265.7098427541582
3664,13.81415507779991
3665,-77.68532621479065
3666,204.16889897991922
3667,250.8791577243763
3668,267.76361444777217
3669,283.3207892926705
3670,259.25455893115895
3671,268.2316262910662
3672,128.87273011734462
3673,4.02507095067574
3674,236.32333424935456
3675,115.49423078107426
3676,-44.580576311175506
3677,253.93807580495272
3678,246.5428119572543
3679,295.0626789835734
3680,290.8879072364264
3681,41.44639720745576
3682,271.97492207133905
3683,272.00332078394115
3684,137.84742982382264
3685,0.4039268836061325
3686,-36.93797352213389
3687,196.77877850803782
3688,193.89635868211587
3689,23.821113432752185
3690,119.33493909780262
3691,262.8614630883941
3692,135.71456299494716
3693,-19.40252885272703
3694,192.8176557689372
3695,257.9359152404702
3696,292.4894632845985
3697,-45.70523781551728
3698,141.44949538332426
3699,233.22053103992226
3700,275.72598080116575
3701,83.73092954684176
3702,241.85148105993989
3703,223.8295425724354
3704,136.69298437873908
3705,-3.060275747395636
3706,226.9336890180989
3707,266.33721666810834
3708,268.0377353748029
3709,284.7824031871214
3710,117.95645840146027
3711,245.2224193507558
3712,257.7154588814393
3713,276.4744223597894
3714,-46.536389220903345
3715,126.0793119520772
3716,246.67427309921322
3717,216.27059897646316
3718,263.62729860330035
3719,-8.282048684582065
3720,264.80515015434014
3721,261.4109225209813
3722,245.99241268266542
3723,283.37196323642615
3724,238.90800992842443
3725,116.04393609614984
3726,245.3127351214517
3727,-8.208498880131785
3728,76.84431449706041
3729,-77.97928740675441
3730,164.76451607516742
3731,232.850495727459
3732,-52.746506422107586
3733,198.5923096176225
3734,101.76443570400764
3735,269.88826404737273
3736,71.58041588301579
3737,285.34791485239305
3738,240.05667938935508
3739,188.4362958995004
3740,-40.23012995824004
3741,249.6080666938413
3742,-61.754454868056015
3743,272.62318791090456
3744,196.67593946993674
3745,216.41529460843833
3746,45.141003611040844
3747,233.7348269393897
3748,19.722129070532105
3749,253.78330704039163
3750,-38.26620233139175
3751,216.34077920679874
3752,249.43955541376272
3753,229.709527517846
3754,9.372426033636089
3755,295.6087966621136
3756,131.7548676445138
3757,240.74635100496542
3758,257.8956156734557
3759,-1.1523869347991678
3760,62.5183939842224
3761,269.0076300827694
3762,247.55399308739214
3763,-12.532242375502648
3764,97.89007966532463
3765,101.10863233722837
3766,224.6902937748571
3767,205.7362527514713
3768,178.7762617901704
3769,70.1281066827425
3770,-30.75315006027064
3771,248.89159614087654
3772,-39.62770971935599
3773,12.474220378431923
3774,-35.93264189617123
3775,269.2718966303778
3776,262.78346899471916
3777,236.58681092619076
3778,204.14351884775755
3779,101.95317152592118
3780,213.77689676526632
3781,280.4031519462229
3782,263.4773850192976
3783,127.21762386686252
3784,143.64349154775562
3785,100.9599149547494
3786,244.11621271544033
3787,17.779339290937074
3788,266.2624207442474
3789,-5.783104439338601
3790,130.2832797780212
3791,104.6954100307725
3792,105.4852439771999
3793,-27.682333564598636
3794,285.04669657911097
3795,280.6586178826984
3796,269.74769695062434
3797,245.58093056726915
3798,228.7861914484501
3799,-48.539144608181076
3800,-26.183846224738986
3801,227.51995191223716
3802,202.75773825302895
3803,251.52674958959233
3804,268.0849122486968
3805,250.61731852925897
3806,283.11337292150665
3807,231.0697654591523
3808,258.09103484185766
3809,250.43811487033466
3810,237.883587666503
3811,264.96166676150983
3812,218.4544410276278
3813,280.9496006270881
3814,137.47325526100812
3815,241.1020671708221
3816,-17.764866837884142
3817,267.4553945362661
3818,222.62990849129488
3819,124.06934171344771
3820,-92.75392953897958
3821,267.2983896161116
3822,206.77846277476294
3823,234.99895951217246
3824,268.82622341267415
3825,128.8948325571952
3826,245.65004430478825
3827,287.0265768864337
3828,95.57966204306598
3829,244.9770101937709
3830,-148.77157436138918
3831,239.18942695765693
3832,234.93970595323236
3833,-53.011683343570965
3834,-50.44991776009171
3835,253.16285510749216
3836,-39.89803277763072
3837,125.48935789442798
3838,254.78885221358777
3839,152.30153153004176
3840,280.03679924094445
3841,-8.615237749937407
3842,217.04066975241236
3843,1.9903979777698595
3844,-26.34217590484488
3845,-234.50012703705553
3846,189.77009160393024
3847,212.91403550434148
3848,-218.41812698436996
3849,277.2932781288152
3850,143.2099726224426
3851,-245.71854598451918
3852,237.97522279214175
3853,227.39263602203246
3854,-29.71156526950962
3855,274.10488945507836
3856,-105.8879823824193
3857,237.90029546434243
3858,58.798345526289125
3859,282.3519554076695
3860,-2.3534576722569653
3861,50.613157143523665
3862,242.9472702661137
3863,240.76537447711178
3864,52.91413930771415
3865,277.14329075292983
3866,248.0680946018962
3867,128.2874940455888
3868,274.13554884571204
3869,138.84799023059455
3870,190.13047031312263
3871,237.39809885075698
3872,138.00717967468634
3873,120.55724408124243
3874,-71.27876733430465
3875,247.76797834114058
3876,199.9826761812352
3877,260.6185951598536
3878,38.159942669534786
3879,-239.8820326402207
3880,148.29276264097882
3881,115.31836391555822
3882,-29.724002563305973
3883,-187.54532002344217
3884,-87.10263581147866
3885,-77.76545564093917
3886,263.63291207335834
3887,-37.61558941901083
3888,263.7104793359673
3889,81.00438006494582
3890,-55.70461026019461
3891,211.6693799638137
3892,-18.252697945400897
3893,-86.90692189147624
3894,288.03317075660493
3895,130.3321324549208
3896,141.18227846756807
3897,-58.19553445015529
3898,242.91413770909637
3899,-68.41842270185106
3900,62.71016510265798
3901,101.98767414468018
3902,165.01301007339023
3903,6.013048831889051
3904,181.61988550157204
3905,286.68946968454907
3906,289.97346804070565
3907,197.65626749686786
3908,254.76092002259722
3909,-64.1146388910735
3910,234.51069417029277
3911,170.02001459723215
3912,-95.45313732137384
3913,295.30704831618436
3914,218.63668087107624
3915,-14.396431362263783
3916,227.8871126573877
3917,243.8777401145327
3918,-37.55097903668383
3919,-25.5483030485956
3920,23.722913669043507
3921,255.96167724333196
3922,263.9015916818982
3923,-107.3679391710769
3924,260.07305418873744
3925,249.5053545549609
3926,230.31547656967206
3927,85.2976515759909
3928,1.1894561979395206
3929,284.38598388677775
3930,142.80116738052212
3931,275.45639950025605
3932,9.899003735719589
3933,201.17424199951193
3934,18.130680632890176
3935,205.0831866121398
3936,248.70468846169848
3937,248.4688491152381
3938,-85.7626561748167
3939,-217.98173394576514
3940,250.33271713824854
3941,284.89854367550834
3942,257.36417187691734
3943,213.3364150788128
3944,83.22793345586871
3945,270.42810984692943
3946,192.71006498426027
3947,258.2092700098735
3948,79.009960809308
3949,264.1033291269986
3950,-57.265419705057425
3951,225.71904640163166
3952,-51.9704978747853
3953,176.18569451373165
3954,278.06880027329174
3955,92.3912204561842
3956,-116.42225095315895
3957,15.155601383609095
3958,262.0831662744033
3959,227.90337383752626
3960,229.9803242476106
3961,-25.305630215679386
3962,256.95098246976113
3963,107.88345150512586
3964,109.35474342130804
3965,-44.77706561476951
3966,266.0495588585195
3967,-94.80803583964112
3968,20.507872687950396
3969,-93.0764540111185
3970,269.6372239158034
3971,-3.0912852100593113
3972,254.54198989549224
3973,-3.282009600796485
3974,-57.7084214809875
3975,281.34816650213816
3976,270.73936699724845
3977,234.01098842275712
3978,224.82604073969105
3979,5.713930744555569
3980,216.87165815641396
3981,161.38138667078155
3982,129.7327433396713
3983,242.77693711286315
3984,297.10576896062355
3985,134.29031985776467
3986,-20.048113845415017
3987,215.57110484674524
3988,215.7705664270756
3989,-22.317075819888842
3990,260.66237546607834
3991,90.93033360130342
3992,62.383207923028166
3993,247.2307274429158
3994,265.1142027876346
3995,241.87799103933025
3996,11.33786723181089
3997,66.32421927598762
3998,271.56473758302536
3999,-87.47306208317613
4000,197.72432490902958
