1,-237.31847132790259
2,-259.6450820187579
3,-108.6735542796153
4,-149.84160882565675
5,-67.10988268281733
6,-85.7314829014609
7,-79.08310158042441
8,-210.54493965651903
9,-178.57076374675205
10,-40.156483012279665
11,-68.47982828141129
12,-148.5712492143196
13,-225.15650148909117
14,-215.66726543298867
15,-383.32812005783984
16,-69.9401628625727
17,-72.65097793622907
18,-143.0585605735899
19,-258.6963588318033
20,36.37359173585742
21,-99.02157783221386
22,-179.15111924365175
23,-44.99803316475368
24,-92.89334357429354
25,-130.5734372780402
26,-256.70787076626385
27,-75.307913425027
28,-61.343107190106515
29,4.300931595447992
30,-121.82717429291363
31,-112.36929358965938
32,-299.4473072230823
33,-160.4024644258312
34,-157.4146844095622
35,-70.54077511531665
36,-103.4748182837711
37,-85.85592704471804
38,-105.85135210415561
39,-40.103073735074624
40,-122.69034488641964
41,1.441778305699799
42,-97.79655614095022
43,-134.41906128878725
44,-120.96849267631997
45,-74.97001212120941
46,-94.0094366467013
47,-42.77711920245051
48,-51.79652453247312
49,-90.15273121619312
50,-114.94185632264339
51,-30.406701758336126
52,-99.56260419418871
53,-70.78953824193289
54,-274.6152730853004
55,-40.75365788604544
56,-78.77444722776518
57,-36.643956470344236
58,-89.44176903255143
59,-97.26446491894498
60,-86.68886562562348
61,-80.17511853251187
62,-464.74616984495333
63,-61.34642425339105
64,-69.25805398692043
65,-39.29342884609332
66,-78.764986370639
67,-107.73574336025533
68,-133.45749572505662
69,-85.28333928538814
70,-61.41958217505159
71,-207.5763378708217
72,-67.33925821860477
73,-44.30699113640604
74,-115.78749129253902
75,-118.988710949679
76,-105.39175578532804
77,-60.05065421615818
78,-63.139898069610325
79,-248.04669240031615
80,-66.48703104441368
81,-41.031624222028626
82,-112.76290576210937
83,-114.78418808746417
84,-92.70212881983247
85,-145.59865748423454
86,-89.79977053261761
87,-120.78985810596824
88,-51.031742952686585
89,-78.30518256664652
90,-105.9223196123995
91,-98.84984725892161
92,-78.18252317790594
93,-101.93844742967424
94,-111.6833493601389
95,-53.636714041903254
96,-45.31110718925346
97,-75.63943377870947
98,-74.04470853676042
99,-73.99094171726452
100,-102.98470390720172
101,-103.06427489306719
102,-34.8225681611508
103,-73.67593979000752
104,-57.719147332148616
105,-65.5564856596521
106,-79.69604652389958
107,-98.86597630333762
108,-175.07524226152742
109,-55.98615563024323
110,-105.61224946943756
111,-80.75854349134661
112,-54.372040408150525
113,-60.9398883401211
114,-73.1254227717179
115,-86.11337342279131
116,-78.9007296149036
117,-67.80299747036071
118,-186.9283117922609
119,-80.64095318160659
120,-55.118188688658805
121,-56.35681933871524
122,-169.05293439898742
123,-111.20647075465884
124,-60.90217627729813
125,-129.13595296676286
126,-98.88598899943666
127,-83.81407831456814
128,-48.308267034980915
129,-69.02884566832003
130,-87.28120229657296
131,-131.89194904353917
132,-17.318824185189413
133,-143.30445674752997
134,-118.7392377212064
135,-51.905343308209844
136,-68.01020803075508
137,-137.06141900605024
138,-24.43499633839862
139,-95.43196409990055
140,-89.09281402149459
141,-85.038587381552
142,-58.4166559378913
143,-138.6274137511964
144,-81.05125179444164
145,-70.36587699720396
146,-83.85989479979585
147,-169.09842253947446
148,-170.33398894387443
149,-112.65785981661897
150,-66.9026471887891
151,-21.17127016807416
152,-32.734487318087304
153,-220.2309627172325
154,-45.91965283004272
155,13.362791455630543
156,-84.15596120419234
157,-65.1569112185195
158,-118.58265041554648
159,-76.54549850247746
160,-60.578393308535325
161,-73.44647477626378
162,-101.40136272784443
163,-45.51471893438625
164,-92.756674802154
165,-40.8086921603393
166,-89.6712757314897
167,-99.60495369061007
168,-232.8807615941725
169,-71.01450285076164
170,-18.789143203272516
171,0.8991896555022691
172,-350.09853692545005
173,-92.07213061792673
174,-96.7070295092967
175,-313.9298474235251
176,-95.76719338451471
177,-107.28052048081013
178,-225.48995769675696
179,-78.72907204120246
180,-174.56336674194637
181,-84.99606190558828
182,-136.7155589697135
183,-67.5589601571516
184,-75.66653430299012
185,-90.05015262688555
186,-45.749712543880776
187,-60.06408103713903
188,-90.44773443676749
189,-52.90762556220302
190,-14.978762657863726
191,-105.88738541276759
192,-120.89394945226879
193,-38.219247783609774
194,-68.39653859831718
195,-43.9190575443528
196,-14.685852102713213
197,-86.66966917674296
198,-73.66075134322752
199,-79.22448297288719
200,-304.21535731775555
201,-86.78889067796611
202,-54.36078117437731
203,-79.42962475206883
204,-134.2194423692278
205,-179.8499745994814
206,-27.687930087626114
207,-62.32415404639792
208,-164.9921968897012
209,-35.58028411260139
210,-197.31304625197765
211,-56.94646270627997
212,-82.33590344611375
213,-87.41080843859562
214,-82.5203021636541
215,-42.86503387487413
216,-80.85423492273824
217,-74.98198891298009
218,-35.561442536090496
219,-63.63017284674084
220,-61.53675936085111
221,-77.99077244865768
222,-46.80019258555587
223,-50.15688023263421
224,-35.35436273549875
225,-71.02106650044438
226,0.9538364372889134
227,-36.153078328547565
228,-52.25384193513227
229,6.1633708142440184
230,-116.12992400423978
231,-55.35910027299838
232,-114.14056358910274
233,-82.1288952841379
234,-65.25883569049756
235,-81.22063410588183
236,-85.09803912614527
237,-112.75798770164342
238,-34.402378372690265
239,-101.0002972709309
240,9.769648066375183
241,-133.27385013015828
242,-41.33827050050384
243,-60.00927150369466
244,-53.23240531336704
245,-42.49404193687124
246,-143.07939753844659
247,-77.50485101572005
248,-47.998982534916365
249,-87.50484939035923
250,-100.02992890931024
251,-207.0990138381814
252,-98.48799841663329
253,-260.81982732977576
254,-42.34260495907104
255,-64.81564197401522
256,-62.29311207285271
257,-77.33816495206403
258,-83.32752402506678
259,-82.09422689860835
260,-62.53481455916545
261,-84.99064222594102
262,-50.23596190080474
263,-17.23454183772114
264,-81.33599593346327
265,-56.386107555824
266,-87.21816911219516
267,-5.831220717863308
268,-129.92572546285862
269,-18.827264722960507
270,-58.50739145932174
271,-57.64304269064148
272,-63.74866267500354
273,-56.26117497700246
274,-14.26770636514334
275,-92.28497286183203
276,-35.83817742243356
277,-81.0975302543041
278,-78.96674292268588
279,-74.16008563573217
280,-15.270611653676056
281,-16.238460358856486
282,-74.55896536791911
283,-76.04027517721408
284,-169.4158862867655
285,-72.35193288082651
286,-78.92278220936933
287,-81.47518315350231
288,-121.04890799013816
289,-77.17670380014239
290,-58.25464145325762
291,-96.90177946015486
292,-49.77427658143098
293,-43.150676341810026
294,-37.39749839464588
295,-49.21701373877429
296,-125.53370381088608
297,-26.851102594768037
298,-39.9164363176707
299,-61.452423715122464
300,7.870479989341661
301,-70.07076448851817
302,-45.871086904551234
303,-186.7234350640251
304,-68.52379974685226
305,22.989661899893107
306,9.682901978078775
307,-115.9467597644632
308,-17.152678806987254
309,-4.5283391558824775
310,-9.351366094265785
311,-8.834906107153643
312,-124.60434614294314
313,-90.75118117010808
314,-89.01000378680784
315,-59.20656882080045
316,18.316140243484753
317,-63.903259312516965
318,-143.7453160053588
319,-39.34618279355872
320,-90.8330316625747
321,-51.615472284800006
322,-232.82728249015747
323,91.13136257900923
324,-73.96225462386117
325,-37.998129584129614
326,-10.69595214731575
327,-31.478019015316335
328,-81.25369763159517
329,-11.26237755056863
330,-24.483032828622314
331,-39.361554072421114
332,-33.179004829147374
333,-69.26541943712388
334,-2.663472409852716
335,-21.81114972271837
336,-28.405246135656043
337,-120.82960120800242
338,-83.06663837866586
339,-214.9932608252098
340,-87.78132302384422
341,-48.33249899282912
342,-90.70246546118004
343,-33.60533439221065
344,-50.44628452958793
345,-82.52689532932409
346,-32.14637591781995
347,-73.30264589095458
348,-44.048358602402736
349,-53.8289933180247
350,-120.808271940699
351,-42.09440883862235
352,-68.01305947338365
353,103.75245329652827
354,-69.5390814225526
355,-75.60430347195552
356,-77.58444037074833
357,-84.09328057465638
358,-41.0516953482317
359,-38.05879052220888
360,0.36559591754537735
361,-46.50696011019447
362,-95.22640600250259
363,-50.462443340838576
364,-109.71302929692192
365,-90.0944042088876
366,-54.832145543629295
367,-75.6200063286896
368,14.634805394120932
369,-83.26191767221079
370,-20.344499579240306
371,3.230134737936652
372,-81.2244351314009
373,-61.30958915452627
374,-40.49307140799999
375,-24.836213510508145
376,-94.81054450214295
377,-60.556745468555775
378,-68.81560791393855
379,-48.54518142918503
380,10.716694452613396
381,-9.08485325385071
382,-66.73918489360528
383,-14.275413025085697
384,-6.28497375084649
385,17.488399338838732
386,-51.4013997718458
387,-40.457547876199634
388,-100.49047248968027
389,-41.028021480606085
390,-166.29164329543636
391,-44.44801269744815
392,-117.01103041607145
393,-96.83301525812291
394,-75.84273965100603
395,-42.894363235163965
396,-149.34460260581085
397,-24.57057037815038
398,-92.82403192162815
399,-92.9916070940402
400,-74.09992942173139
401,-19.617407893075153
402,-26.18811297437523
403,-130.83959775625556
404,-90.42172838070825
405,-19.328781691563933
406,-22.279735500596928
407,-65.22401596002396
408,-49.789109871596516
409,-134.70465511698814
410,-79.78111214908083
411,-47.87987111535328
412,-54.256567781458216
413,-55.606433133441655
414,-21.800023109249494
415,-8.300494711464225
416,-22.901368734054586
417,-28.725717248394815
418,-10.818071809887172
419,-53.627596549101696
420,-59.60866111726948
421,-45.78754288209015
422,-10.649413797857562
423,106.1068654575
424,-177.7816979948678
425,-62.67272690147804
426,-64.68398252357804
427,-95.12771797739705
428,-123.31313085198877
429,-42.25073909731465
430,4.882434026352357
431,-15.37110831570007
432,-114.7882644763339
433,91.80226680231033
434,-28.188408888236864
435,130.04302355306865
436,-81.70821999193168
437,-42.28197252055442
438,-232.79967280134588
439,-34.480027048118984
440,-66.79830974471741
441,109.54130106047549
442,-40.73443547241443
443,-57.855636881677256
444,-7.27536468826959
445,-314.7752421032412
446,-62.27269531233365
447,-56.62822588034966
448,4.015545431930249
449,-92.18021988850458
450,-11.614926444891992
451,51.93456713420208
452,-41.20521363853902
453,-53.08223515597457
454,-33.437286388114785
455,-106.7780700583505
456,59.764540285266065
457,-194.35897399536162
458,-48.84834717282723
459,-26.817042310380387
460,-33.43226728133297
461,-176.31529991968304
462,-52.08988519267543
463,-79.0949341739509
464,-24.342190009378555
465,-25.240432471937822
466,48.911610636976484
467,-39.34641236685465
468,-0.299370797024622
469,-40.594561019417995
470,-12.298873710321232
471,-148.48921266521614
472,128.3887696631435
473,-43.60969603186244
474,29.57087600911214
475,-54.93852910744093
476,-29.226927400248485
477,-35.453047692139805
478,98.98014262341769
479,-21.66613766865656
480,-55.720833390319015
481,-50.08854149063288
482,79.29261160971267
483,-71.78045300827847
484,-32.328337690984725
485,-33.03636262204792
486,-220.74440574518513
487,-59.59802015183731
488,-34.943490266163394
489,-58.060043004245415
490,142.87751447658454
491,-52.75935356218894
492,-90.9786468430462
493,6.337527558781005
494,-60.201500975426725
495,-60.36704681194904
496,113.93330188461218
497,-87.85964009950112
498,-109.25953280347575
499,-64.88081707615149
500,112.57171858029001
501,-17.46807646876327
502,-38.29945399966792
503,144.83609068429524
504,-17.188726024616713
505,-28.570585903352836
506,111.17796676995081
507,60.57008185008731
508,-16.196244377717747
509,-182.1199875682989
510,-35.43053924357257
511,-64.90915680211211
512,-54.299526694409764
513,-24.701529506679677
514,-147.4209276572075
515,-125.99178743760213
516,-44.696938194855335
517,89.80918038508912
518,-6.5055616356511665
519,3.075523054756772
520,-42.286788194760305
521,-57.85033381050416
522,-32.098731177624714
523,-92.31537929421907
524,144.76668924172756
525,-77.05578197227752
526,-18.496644679060097
527,-76.84642638088093
528,-13.560749823263095
529,-45.58203637771507
530,128.23293821286273
531,-80.1730815092839
532,-24.111031771148745
533,-42.20930780113363
534,-59.117659532087075
535,-49.99986028308243
536,-50.77657290720454
537,-21.408146812382185
538,-15.278154797874535
539,-36.76712932375439
540,-105.69997924906409
541,-58.610460589072154
542,-65.44589299579997
543,-17.604570757532258
544,-28.934942930747653
545,-65.58771385021217
546,1.4583658965444073
547,6.450179237301256
548,-92.79467234780827
549,116.19092597381241
550,-37.08882876432645
551,-20.42290560661222
552,-67.013459604279
553,-63.70191176010096
554,-23.658154422143056
555,-72.24357914906605
556,-87.98322560183959
557,-65.69561725292691
558,-16.73390562844081
559,-0.9957909363455997
560,131.7703151044708
561,-96.00332583841328
562,-2.5631178368368666
563,-56.1930987043429
564,-36.03584574857557
565,-13.106804856378758
566,-258.1601141631519
567,141.1091005846063
568,4.969141417384222
569,-290.0107269603533
570,-41.833347310976166
571,-51.9118021711943
572,-27.197738111544595
573,-102.51772673512363
574,94.63578704096493
575,164.90242732323466
576,89.14169453862253
577,126.05855973528796
578,-41.02533579321933
579,-69.90030545192494
580,-33.362353940694135
581,73.68127805914018
582,-34.99920700876298
583,-86.0600636381412
584,-70.3063483026317
585,-20.54706952181985
586,-29.84142224917872
587,-28.06917212768778
588,59.83697370898475
589,127.14077096335431
590,-14.649418790854156
591,-72.20764669731567
592,-94.02011346537829
593,-29.00953447797258
594,-75.40331044201392
595,-76.14526702552645
596,80.25432356424261
597,-69.23750299461793
598,-35.86439068511119
599,113.93579420137966
600,-192.43978121141606
601,-29.386992035057034
602,-66.9378382787662
603,-244.76653485408983
604,-81.16446801880895
605,-46.64943283976545
606,-38.4939421566052
607,-94.71044311977738
608,-43.71725020119611
609,-20.686643806266616
610,-66.67785798650567
611,-46.65820819918939
612,-32.160164873093294
613,-52.41170616336646
614,-26.399317632136047
615,-25.368255886768367
616,-85.09321059675878
617,-31.16416585611286
618,200.07165871407835
619,-48.508659992128386
620,-44.1093355098502
621,-52.714936693220224
622,124.28257303334954
623,11.92636643739803
624,-87.8657446632835
625,37.986952241560225
626,-96.70279813050385
627,-93.92206617291218
628,-23.456477722909725
629,1.357861678140523
630,-68.79521774006872
631,-93.09948207275542
632,130.42315756044962
633,-48.362146343548936
634,-89.39701436646104
635,-48.53840446488973
636,-42.63740354309515
637,-52.08645046681919
638,-105.39779438306071
639,31.479309163087407
640,-54.51263455885184
641,-95.57149628539582
642,-50.65032771259058
643,-37.564197828636296
644,-87.18649728824796
645,-313.59053425470336
646,26.182692374996734
647,-77.07168136033728
648,-28.772599365414834
649,-28.278965227873613
650,-12.220552712794927
651,-25.16574857563866
652,-89.82502883899912
653,-80.6831523701201
654,-62.72813875875331
655,-63.789503822895135
656,-33.016995845680356
657,-65.29494681904671
658,-45.68698713814821
659,156.60645403879266
660,-184.71173197412628
661,-62.30355169150094
662,-104.79224340178064
663,4.083840942977815
664,-57.2390551805844
665,113.05684804877662
666,-88.11151040817666
667,-57.20875847889477
668,-267.7000044267203
669,-65.549566959327
670,80.19940850315217
671,-82.43335360698448
672,-47.272349779691424
673,185.09882807329913
674,130.55049947463849
675,-65.86872923504225
676,28.513271048115655
677,-93.74085529702846
678,-67.3755502273597
679,-43.437378368359525
680,-88.34515279998598
681,-50.78193279329233
682,-75.35733477236501
683,122.90622809868496
684,-80.00462134681756
685,-93.15053039635474
686,57.01786545485437
687,-282.0569078025327
688,-36.1244968172972
689,-20.943647461013057
690,-32.53862130539848
691,118.30039094280205
692,-45.16366456516998
693,-90.47337090888855
694,-74.03128458303087
695,3.937846626959697
696,-58.28290371784368
697,-358.6738046855817
698,-90.94025609016592
699,-26.030613680937563
700,-66.22694311850177
701,-12.33389402503903
702,-5.180623000493625
703,-62.369978537454294
704,-53.352976890501736
705,119.18008277387669
706,-23.304669125416893
707,-71.08073454763411
708,-77.35536692659922
709,-63.87241197212792
710,-66.12832513310649
711,-77.30890857137834
712,-57.21238917120293
713,-210.47242378797375
714,-64.93286066213837
715,-44.62980433588871
716,-41.64311512863654
717,-36.997558822072655
718,-58.09692320226961
719,-74.3120439234728
720,-1.4796623235983333
721,108.11962311965073
722,-28.062755354714483
723,-53.07500470089512
724,23.806794718592627
725,-261.74950730658657
726,-69.5902675450298
727,-13.372004277578128
728,-127.69640096206925
729,-47.022367467017496
730,-115.45464713423718
731,-100.1857163442151
732,-54.005855860168666
733,-25.905235921398955
734,62.42894686633576
735,4.329151114319302
736,-13.810482337613337
737,-54.94444400598634
738,-69.42813971071817
739,-5.114534641381212
740,-34.53843890207972
741,-58.14874844140125
742,-2.8531373824877733
743,15.414099448587976
744,-217.8417243637245
745,2.2723315665815846
746,-81.49289372516101
747,9.780861465001621
748,-50.25785928681165
749,28.68689089760671
750,-63.200976779478104
751,-47.377537196449346
752,-18.842836139747078
753,-68.94037592934447
754,3.0798440143802424
755,-29.858604914946937
756,-55.55586896204518
757,-64.74546422478375
758,-206.7542147847759
759,-61.83972573180817
760,-31.423887271483053
761,-102.02663691141612
762,105.75717326231032
763,-105.70220470254567
764,112.61736861493122
765,-26.85539817180421
766,-58.80477908489706
767,108.39271528358309
768,-7.161751661835936
769,-120.56345166727311
770,-38.017667064787844
771,-49.10064482011927
772,11.428952323661775
773,15.70911954525043
774,-18.88308676188572
775,-53.17538265871244
776,-26.860484759498263
777,-79.19340808595237
778,97.97546365582645
779,-11.35754709275355
780,-59.54001067269602
781,-83.16545691192854
782,-87.42959163744344
783,110.5441989728105
784,-100.50425833955366
785,-61.76659052155949
786,95.62413711353311
787,-98.1861857225582
788,-126.98599218248019
789,-115.8240058326322
790,-128.12339586673346
791,6.062773884439068
792,-44.60734167760945
793,-89.54674382384187
794,-71.55241372420814
795,-68.00804041162462
796,-59.41622935585582
797,43.94151504314422
798,-103.2626299324773
799,17.51308932913973
800,7.728965594581538
801,-5.701466528600349
802,-42.355302340930976
803,-74.53775893342791
804,-122.77543298461529
805,-92.58200717656716
806,-55.934337687026414
807,-29.36029030576576
808,-4.048109631642248
809,82.6715777019829
810,-54.189212746203076
811,-44.56125723569393
812,-99.86876935241949
813,-80.51749327197784
814,-26.84394611475514
815,-33.152683717927076
816,-51.73116935299993
817,-95.98783511476991
818,123.7154976489562
819,-116.8292993942541
820,-30.37254966262728
821,-48.624443537947855
822,-53.213721721703465
823,5.845632716073723
824,-61.862382379363545
825,-50.239227304247564
826,-21.14474845842419
827,-14.173662991651852
828,-93.01305171901129
829,-98.11868833240507
830,-74.62004750574718
831,-89.65731445400922
832,-61.71098140203429
833,-80.18917439653646
834,-59.41950697558367
835,-107.95518441319398
836,-43.529466642559385
837,-68.5806171952973
838,-83.437139583947
839,-41.70212228475104
840,-26.293158529632393
841,-54.588591336889294
842,-77.05488192913604
843,140.18324691304224
844,-55.24785648907897
845,-46.337634448852725
846,-66.21746911157456
847,-65.9208053884085
848,-68.05871333806327
849,115.73763596426548
850,-10.642964585525277
851,113.65194452618887
852,-50.33419052957072
853,96.72967562661232
854,89.1866931400929
855,78.68419365155097
856,52.44990411409027
857,-18.96700690086864
858,-59.27587637474579
859,-75.05099336169148
860,-33.78239364486471
861,-102.76654159920596
862,-33.53934768570372
863,-5.376592804571175
864,-76.8763522921671
865,-10.547117822008886
866,-147.76220669003357
867,117.87686848266824
868,-72.17199348139555
869,-81.14895588561748
870,-162.21572170542228
871,-117.83798585007212
872,-26.661664670474465
873,-46.09129563552666
874,-61.68541208688656
875,-270.91941250305604
876,73.8183583137451
877,-23.6427989064523
878,-91.21152491366249
879,-94.1395746602021
880,-27.85223146833181
881,-84.55506825220272
882,-103.3132425901842
883,-49.973423059239465
884,-46.76862430948648
885,-3.7576790014871904
886,-98.15532148655146
887,-69.16909738625733
888,-58.38852927750507
889,227.84212839671005
890,-206.28495638772165
891,93.72611047003737
892,-35.24872297716031
893,137.56842012222626
894,-69.39432636898363
895,-53.96708953316045
896,-50.548928263123365
897,-59.805772655783734
898,-120.99332123161987
899,121.93659287540831
900,-35.66639495828302
901,37.685023285693845
902,-2.9191846574508133
903,-31.824953320735574
904,-320.2983172915816
905,33.96715019260549
906,-51.13691566721275
907,-60.535496984069034
908,-80.54327062072193
909,-218.64653866235363
910,-60.73810138866115
911,-57.519901536240646
912,-27.175874663814312
913,-24.99362856688549
914,110.68284300453601
915,-56.17160574753578
916,-47.33673282791383
917,-8.600002449305507
918,125.27227805356678
919,-41.76067690251082
920,-17.087973449798625
921,-39.48737962667961
922,-72.43161688936155
923,116.43505651302208
924,-34.9790162840291
925,-49.67822777349167
926,-174.81989342901704
927,-5.730911048516035
928,-218.10335631416393
929,-14.475145795886675
930,127.40295012110997
931,177.96514076260684
932,-30.940265955402793
933,-60.84067342603414
934,-1.7728068242755342
935,-77.86233676854943
936,-286.4263612447691
937,25.711910479660244
938,98.34528272574293
939,35.29601786325233
940,-164.4830205765257
941,10.105595904784778
942,-32.43319296115925
943,-29.11301530427086
944,-93.61691199438872
945,-14.002928087244555
946,-198.34919953274192
947,-12.925094091587482
948,-198.98333377983664
949,-84.57903625384057
950,61.76390737155534
951,-45.50309253636193
952,-82.66519191095091
953,125.83719439588423
954,-54.92622345342233
955,57.77133065773892
956,-39.85762567116764
957,-261.1113423545643
958,-83.74384284989476
959,-16.141855216190663
960,124.091708335117
961,-8.788639441875901
962,109.83923259790974
963,128.80191120205865
964,-82.39452536943847
965,-98.24364055270824
966,-203.792856904601
967,-77.3827803515646
968,-65.89494642443073
969,-25.3191332381339
970,-44.91549524452812
971,-15.170767058679644
972,79.55916600752971
973,17.70061052988983
974,-75.25742067065404
975,-132.78318703068467
976,-47.44977113256403
977,-4.809053185541117
978,-19.99060891369092
979,-224.4005916248446
980,78.63504253198246
981,183.61637323601317
982,-86.46210684395126
983,-89.43652752391293
984,187.1191465351967
985,-95.3597253705297
986,-26.73422123346299
987,185.16549242650322
988,-224.33434882722776
989,237.42337238361327
990,-17.484900931015275
991,-12.09351724348484
992,-45.33820901712696
993,-47.66835348757486
994,60.24991198709898
995,-168.08948428115337
996,154.2427328312641
997,-169.70702690601928
998,125.43492698766408
999,145.1569798717923
1000,4.17861638139118
1001,-76.53400007862345
1002,-65.57035927888265
1003,145.8277603370607
1004,223.6059930179473
1005,-47.53512402096855
1006,136.6957390204583
1007,-14.937525130270515
1008,109.6615501765644
1009,27.91268094818659
1010,-53.518881991444346
1011,-24.61922230373598
1012,-163.93422207367755
1013,19.80223926854474
1014,-49.56742307076587
1015,2.7697152641800074
1016,-91.65905917601364
1017,-144.08317494178993
1018,-94.39596236871004
1019,233.36598057159117
1020,-46.602310047741256
1021,107.65930283763436
1022,-31.476637626497904
1023,201.31950986893958
1024,-47.35396149378569
1025,-164.34998733598707
1026,-186.1972915138099
1027,-16.05593452874004
1028,210.06190196652102
1029,-82.11655089175812
1030,7.533989513863688
1031,-49.575277188339086
1032,123.21164937576464
1033,-4.721267550354355
1034,237.33170571932433
1035,-45.97412606016458
1036,73.53214293813656
1037,114.0345874431253
1038,-1.6531405236495829
1039,-31.50039028513126
1040,-40.20843288693996
1041,96.40868672297161
1042,248.12451821891148
1043,-2.004215833503011
1044,74.26369145043834
1045,4.299630849686125
1046,-80.42394007189631
1047,-41.50941333434665
1048,-54.58051961222728
1049,153.04512687683825
1050,121.16726228909116
1051,-68.65285792873766
1052,-17.621536016868276
1053,211.29157243154316
1054,129.39473093977634
1055,-74.12949231082035
1056,108.77827454216417
1057,-107.38436440154801
1058,11.347063569150407
1059,-5.846235176858997
1060,-74.01640338883432
1061,-92.12001147117554
1062,-29.6337847322514
1063,-167.98562921563146
1064,-140.6458824856533
1065,54.25457231083131
1066,-249.24953300134052
1067,8.836109545264407
1068,197.2063355659388
1069,127.11028598031389
1070,138.23779496334978
1071,206.09278529736156
1072,131.30291873808775
1073,73.45907491799038
1074,4.9105145514249955
1075,120.44829742486003
1076,135.5207796796257
1077,177.6317343154177
1078,158.24538592811766
1079,-19.091576038902303
1080,10.68572379850302
1081,-52.795074415941116
1082,117.0190024037991
1083,-52.37374422515132
1084,5.7792042525403815
1085,-20.27927028085513
1086,204.28492865411528
1087,146.97162563282012
1088,-51.8543957589596
1089,72.02505943639324
1090,-34.042177073063186
1091,118.24879070661422
1092,-250.3711592422343
1093,23.639912566210256
1094,2.9116663695834712
1095,117.70454611280901
1096,135.2572589040169
1097,14.488372432064764
1098,259.89490846453367
1099,-60.92155109718475
1100,-280.32099697741523
1101,-22.66266014725379
1102,-112.52823205759049
1103,6.028418413485269
1104,-40.364660317834506
1105,-18.941917969438123
1106,3.984759424915495
1107,-55.65509230421517
1108,4.455116830430981
1109,26.733430618838696
1110,41.16863684057759
1111,-232.17398443652792
1112,-53.40554037219222
1113,220.25680903771462
1114,-117.63012706104521
1115,-31.230336675683816
1116,28.872239449033433
1117,14.33028392502645
1118,-32.310111527252644
1119,-51.60827843444628
1120,33.459569858494845
1121,155.7862475819239
1122,-31.516659446101656
1123,257.63999314341424
1124,-58.663224389241094
1125,50.05616814940869
1126,-69.61097262508498
1127,202.35776033916903
1128,-46.499175384720985
1129,-46.809510842902355
1130,223.80407509160008
1131,108.7354254627571
1132,-85.64783971187622
1133,45.041352282278154
1134,14.81074632083967
1135,-70.16331684311706
1136,100.94777620616784
1137,88.83686964331481
1138,-32.46212602095025
1139,-38.463088638372255
1140,-36.75389668294278
1141,-121.48949548213842
1142,114.93784695420506
1143,186.64686210125853
1144,112.32123178370368
1145,49.70831611177961
1146,-95.45151654282648
1147,-37.12522251693565
1148,90.3136587204342
1149,-14.090898517643865
1150,131.09426931548234
1151,115.69001340448605
1152,-100.96976103311289
1153,-60.886234979630984
1154,-43.44739554203038
1155,-12.120619813898827
1156,-7.607709011255295
1157,104.78720018942367
1158,-24.5649004603803
1159,127.14546533953633
1160,-36.30278630673486
1161,-74.88771718541592
1162,117.7507305650206
1163,-66.25494532994831
1164,98.6596797173038
1165,-5.529956460608403
1166,-43.379123817165194
1167,99.52439154945652
1168,-161.296799562266
1169,109.80722514627591
1170,-21.639537830142956
1171,12.367494381686129
1172,77.80725051609457
1173,-61.274049708328334
1174,207.95381684668513
1175,-25.19683191798846
1176,31.146088517398542
1177,152.61161880073652
1178,-73.8706790007129
1179,130.17780768760457
1180,-0.6568581662965869
1181,118.75284892576745
1182,-36.5027406853814
1183,113.92526521438751
1184,8.16433500388193
1185,158.54683036644673
1186,0.7858509299661307
1187,202.45909554972536
1188,87.88515252641602
1189,120.18442375323845
1190,63.45372402640315
1191,-212.72937332668243
1192,-1.3031917470208185
1193,248.76799611911025
1194,197.6256862177206
1195,115.02055757697612
1196,240.91698157351425
1197,138.50729218399485
1198,134.54555994614026
1199,-51.304718070349494
1200,-24.418520446756204
1201,236.5796752299973
1202,104.28610482639019
1203,218.0858278943229
1204,178.0140713451759
1205,-27.505085855203788
1206,-84.9378939523775
1207,166.69877279542092
1208,198.284052719064
1209,196.20720294811986
1210,112.16206741166329
1211,-187.63622612849434
1212,111.58420170878401
1213,-36.22211775354843
1214,89.59057571873744
1215,200.03935448066696
1216,7.99247612610354
1217,127.38317110086908
1218,68.88718055954529
1219,175.6163486227763
1220,-18.83078086163316
1221,194.62052295259357
1222,124.64669445171128
1223,215.3789341589355
1224,-69.54003645563355
1225,224.0601927868833
1226,69.28818327962341
1227,13.22444463401068
1228,126.92724174083085
1229,75.67868518263512
1230,188.1658910632472
1231,-55.78245378583199
1232,-178.25553082389436
1233,-56.87869406984257
1234,194.00153878456285
1235,137.0163671975888
1236,134.97124750670008
1237,97.52140529582022
1238,165.04823510225586
1239,190.03864876349655
1240,140.200746505564
1241,179.22327586628154
1242,136.6757105798502
1243,-45.43374421032202
1244,-193.14937250318772
1245,-20.89195618829531
1246,-65.96655348296571
1247,14.059047934127847
1248,73.75241838587453
1249,66.31359719393117
1250,87.38566391151961
1251,-34.24037521503547
1252,87.97497059538485
1253,183.9338990394773
1254,-45.847996666288566
1255,-63.845170210700765
1256,-58.6184555974483
1257,209.62232485729405
1258,-7.641366168877525
1259,-84.01044111049515
1260,-25.35949108966075
1261,218.59875704721182
1262,34.04826067568936
1263,244.17330097068054
1264,156.69630297095864
1265,166.78854808703198
1266,-4.622827079695384
1267,165.63738876451916
1268,212.05138861182274
1269,-44.038253145699315
1270,103.88424854072444
1271,-30.11746572050228
1272,10.425199290197668
1273,-49.15159899556553
1274,113.01829771816648
1275,195.42109941587404
1276,80.10927569766712
1277,108.4060499015979
1278,-32.46351938663162
1279,14.632179675758465
1280,144.07500940441918
1281,197.8565012609011
1282,91.50761731183
1283,-1.7344039132939457
1284,125.68507606289425
1285,204.38286599722173
1286,15.815641282734674
1287,137.43197076086437
1288,21.601480170205356
1289,138.72060840519913
1290,-72.13637731670055
1291,246.2019695964438
1292,4.3236930443583645
1293,-191.50807068134378
1294,-84.0370947242813
1295,220.79271170080048
1296,146.58305680400807
1297,167.8287693805401
1298,242.53494924057316
1299,179.76826881107195
1300,7.831465767043397
1301,-112.52781152483709
1302,120.15024845606638
1303,0.8610732773914833
1304,127.20995090581737
1305,-117.8907512327579
1306,112.63734855095997
1307,122.68978355668891
1308,58.725777233572686
1309,122.47686256634498
1310,-74.75141175003569
1311,250.67781727125563
1312,219.16290381237513
1313,-74.98227366637414
1314,117.10775184026623
1315,200.7068616467636
1316,-64.93492824849491
1317,130.44828021556276
1318,224.66339873530063
1319,-61.52610469309637
1320,149.25404343574795
1321,17.09212449239132
1322,87.71205956812203
1323,-5.305817234722596
1324,-28.888351991667477
1325,-23.15394097079529
1326,155.50024577395249
1327,-8.298168519240434
1328,111.69650214150549
1329,-94.45204137883627
1330,33.82938872968896
1331,-9.25774560642131
1332,57.55763024234608
1333,-166.0989467466249
1334,-60.83039276467419
1335,135.67764856006642
1336,154.1948511902408
1337,-48.76078748376271
1338,120.98038322634012
1339,102.72388155566497
1340,143.86124567188168
1341,159.05449232682537
1342,-70.5949287935496
1343,207.76876367873274
1344,144.5137275341295
1345,121.64408643446939
1346,-77.60171304429403
1347,-55.68580533222212
1348,116.6659134187725
1349,119.24916761263454
1350,-27.77066858561973
1351,61.862887908289096
1352,-83.35213312611027
1353,227.89250818031022
1354,167.25749949021684
1355,32.969625315961025
1356,-86.11770979939452
1357,222.69536387076272
1358,-1.2856180114045799
1359,122.17802213692765
1360,-6.6003042913526855
1361,-42.15413871468395
1362,137.72115832702517
1363,-26.091287827629387
1364,208.15099652302723
1365,-44.491341525949224
1366,-23.895484759995014
1367,-160.69504646131435
1368,241.29133603223164
1369,191.39722997608592
1370,77.96002002694068
1371,166.7421413406813
1372,59.10570938880221
1373,137.64707058321073
1374,114.9650611609724
1375,-39.86798061656533
1376,-6.850251869952942
1377,90.37746651501544
1378,131.32242842055936
1379,161.18485887962976
1380,-69.85141147816506
1381,159.9486266765953
1382,115.93465384403287
1383,118.40781041667269
1384,97.26516207804492
1385,96.13068446780221
1386,-9.795844670611515
1387,191.93841547490996
1388,206.74911685410956
1389,52.39262727167336
1390,182.95864501180907
1391,-29.273074522221464
1392,-40.443779109928684
1393,129.9385655360456
1394,-125.95244130836788
1395,196.02250464255616
1396,-35.33960548273576
1397,19.98878634084693
1398,114.95940998825348
1399,214.80710526079508
1400,209.96337853156246
1401,134.27642999439593
1402,-77.08063012807163
1403,136.24928162270558
1404,-203.48837195980155
1405,57.581367611180696
1406,6.772624256174552
1407,104.4910642359659
1408,211.54844640678772
1409,-47.05508053252606
1410,-144.26941167322693
1411,-71.92598922860543
1412,164.39745760070662
1413,111.75513094187718
1414,106.54565784894586
1415,-23.318985479282716
1416,148.61251882172263
1417,101.35378333083608
1418,11.31993014710173
1419,249.68947073393178
1420,97.12001189856989
1421,-39.07182231902041
1422,207.2282505529426
1423,105.54712725803628
1424,173.32197389788735
1425,120.00386235236289
1426,-40.359913583661424
1427,-33.08198519874452
1428,143.21446860212095
1429,6.253053991257332
1430,-126.60536368870781
1431,-75.01979213805859
1432,253.65010051685312
1433,28.362669468843514
1434,218.4385842373893
1435,-17.87574095970419
1436,-80.20955513358699
1437,226.89566720303742
1438,191.7775974299554
1439,242.81716801163597
1440,34.757891709334075
1441,104.75377135776883
1442,-56.977777217872436
1443,176.2490309781618
1444,154.77708737398632
1445,-12.55077494480716
1446,80.81858905606207
1447,188.02012987789254
1448,94.97152047059872
1449,17.9353930932474
1450,-45.971080026924284
1451,178.74488874482722
1452,-31.006387687004917
1453,-74.58449829758712
1454,67.08923252706681
1455,32.399733904217186
1456,115.42713607640421
1457,-171.9430290159137
1458,80.58085906472343
1459,-56.32462764640252
1460,-29.581619430668525
1461,-37.903971601834755
1462,81.04916988158888
1463,185.26385411886676
1464,123.0051862882244
1465,-84.75393662245406
1466,-9.100361462362912
1467,24.831223109865633
1468,-36.47164030321811
1469,-47.451440054673284
1470,-188.17591031349207
1471,165.0527975454192
1472,1.0689136073661132
1473,17.228418848587538
1474,224.55407511338754
1475,246.81510382737332
1476,183.6580377504394
1477,109.99965614380022
1478,224.21877430572448
1479,-3.9951045501990876
1480,2.998023402947126
1481,143.6375991624666
1482,-47.168835287010225
1483,-95.0436620389286
1484,237.8750891290806
1485,94.95194800885096
1486,-32.89758370159582
1487,-0.19984804964296643
1488,108.96819307284736
1489,-28.899668318044604
1490,-96.81260405753474
1491,246.2355975259888
1492,215.57355599746126
1493,222.5613930093327
1494,145.616693704756
1495,-27.027725464597353
1496,197.2284463730773
1497,101.50246720425068
1498,111.0877489992205
1499,-107.82092002227635
1500,172.18594998496442
1501,263.159233818844
1502,138.06510545668382
1503,36.58610595385227
1504,112.69527255047227
1505,92.0703276019222
1506,43.654031859769816
1507,198.04106554178296
1508,-8.815373241268787
1509,134.42077563146975
1510,145.32655779071715
1511,-40.624182872705745
1512,-28.280191421020206
1513,-51.39613171202754
1514,241.85346246412024
1515,-34.76936545164739
1516,-22.00636317656908
1517,141.96166429622951
1518,-65.91280087773148
1519,95.68133545354772
1520,102.90369748547262
1521,-25.695214317974106
1522,-201.86046536259508
1523,-193.3488851225352
1524,160.0375057381756
1525,222.062478146329
1526,-12.51410329215652
1527,66.78894769025634
1528,227.07527714150518
1529,65.81339103858396
1530,-65.30888346072977
1531,127.81449611157619
1532,56.331472392878126
1533,-106.56995484680297
1534,1.0261618234583239
1535,78.97026176465862
1536,-195.93174525282518
1537,192.93935003283804
1538,239.82284398807866
1539,79.03957631796105
1540,200.32112889861793
1541,223.91224444209232
1542,-41.969566715720475
1543,264.3752461000215
1544,-78.82038723375422
1545,242.18106346272242
1546,206.70072452009535
1547,-85.92397726809168
1548,-37.675871194846664
1549,-39.60702720644284
1550,-93.40564317531864
1551,4.243985953118056
1552,-29.58516168548047
1553,124.24656564276935
1554,153.61243180192537
1555,116.5558419930149
1556,100.71302596662666
1557,152.7696639972285
1558,222.29128520531697
1559,116.95843576650888
1560,1.1786254045153584
1561,149.02648310745874
1562,96.03601925195134
1563,28.970292347757407
1564,-182.05808914216158
1565,-110.69131074999015
1566,230.6114585674491
1567,-65.11877171441701
1568,169.5790622899354
1569,99.67571010460333
1570,-274.2112103191562
1571,-108.91052686405884
1572,248.6609004483447
1573,100.34916365034381
1574,142.5003108013886
1575,195.81842797015688
1576,205.8146029360787
1577,85.71039450186771
1578,-6.28999933005592
1579,69.94622516448035
1580,21.301112942216307
1581,-113.23355418121574
1582,-176.2819128158639
1583,-37.73853609135274
1584,133.5118833047164
1585,-1.2081793094627784
1586,105.05550307717594
1587,157.00656592261168
1588,188.95457726882444
1589,246.8609170958681
1590,142.60094110436478
1591,-8.121294021727365
1592,-204.45232252336135
1593,134.70218017835467
1594,-59.02858947642906
1595,83.32074472540778
1596,31.585031245530274
1597,72.33225444034031
1598,189.60714451922235
1599,173.4769524149658
1600,-45.68785287414829
1601,-81.48105695226646
1602,98.77174359998557
1603,168.6218279512483
1604,179.85626986611214
1605,-9.95025022430714
1606,15.480798287694181
1607,-177.6626817308363
1608,166.22418365072207
1609,-26.04449440562425
1610,-170.33763120634245
1611,216.52899657457382
1612,160.43876283857884
1613,121.81726551565079
1614,113.86637807922921
1615,234.89953251520842
1616,134.22392340671072
1617,124.5025240031484
1618,115.80244252179729
1619,221.06335141079603
1620,128.32095874963423
1621,6.377523154152385
1622,100.56064536011874
1623,-64.17847779876838
1624,137.83162639547217
1625,157.34334337406284
1626,229.48183652370625
1627,142.37214683505945
1628,129.6321941815409
1629,60.562270800761226
1630,-213.53490343161127
1631,138.43391274554443
1632,-25.27847227640487
1633,-50.13050208110134
1634,170.72114585611968
1635,95.71029393274158
1636,-64.48252216481862
1637,135.28615358087532
1638,60.452755691543146
1639,120.59351567048444
1640,96.65430326506151
1641,115.94378446381143
1642,96.59548467220804
1643,-14.146425581227973
1644,140.23431646421284
1645,-23.463755675477785
1646,95.89054271185435
1647,-17.49114287368876
1648,-42.1391283767027
1649,181.48736645306946
1650,201.2050506708843
1651,-29.761778392087805
1652,92.18837410640302
1653,188.91310116776967
1654,103.9831758155772
1655,233.3444935690471
1656,-73.27394740987862
1657,-46.08611251675829
1658,3.652910004659404
1659,116.81055156166931
1660,-58.208259567504086
1661,105.34092428856191
1662,135.40378158372476
1663,107.70137085866878
1664,87.87623934883067
1665,-58.44433887027654
1666,5.55751989582096
1667,-57.39147074523052
1668,-99.75254025810023
1669,114.2444597541022
1670,-7.059476549660602
1671,119.00866932548804
1672,129.10438655212673
1673,-17.56699420542992
1674,88.44171772633764
1675,-197.02453972361917
1676,157.14710577595264
1677,-16.969431374128447
1678,113.13155064646872
1679,-14.267654448317401
1680,227.06847909643506
1681,199.35075682974008
1682,-42.412459128369974
1683,123.17062979371052
1684,176.22804993813241
1685,79.4646125038859
1686,146.0608645139662
1687,127.32127354430094
1688,-58.715749225889844
1689,-41.75840689256309
1690,212.5719559362807
1691,156.56706030383026
1692,227.33179875637796
1693,-20.769068370448423
1694,213.4323968169447
1695,-15.330280427871642
1696,207.9801363850038
1697,87.71696942767466
1698,240.3111541713365
1699,129.26223539764266
1700,227.24275698564736
1701,5.721320167502128
1702,-172.54454623039018
1703,-133.56433685505561
1704,-16.16062522210072
1705,2.793296666978506
1706,-65.6280281679861
1707,80.1542085583169
1708,162.50751051621614
1709,-72.35970618043919
1710,-31.99434860401098
1711,72.56897222642566
1712,-61.033814131057035
1713,-211.4107001235324
1714,147.7044887650538
1715,221.36690924655426
1716,135.12945215258534
1717,-61.98729839727976
1718,45.7465808999045
1719,9.717132064437692
1720,249.30687525329577
1721,96.7427662180043
1722,-7.41467092416147
1723,-5.503184542447173
1724,96.74387421664777
1725,148.47024794294222
1726,225.96653437000427
1727,169.66602718905392
1728,175.49849786782224
1729,107.06639502934517
1730,71.31366349921956
1731,189.42235610088434
1732,132.05495677914988
1733,5.263274191427385
1734,161.9190541936673
1735,-23.21441208955021
1736,-165.5047390482977
1737,-83.8556784594187
1738,197.38454617873913
1739,146.48349646975782
1740,244.25505342118691
1741,90.82884391300837
1742,157.25617083732018
1743,-96.16665853700798
1744,5.627000820576242
1745,97.00207169251976
1746,-17.076841323101817
1747,14.612555876088337
1748,12.262437134612583
1749,78.94369524088448
1750,204.32439773052093
1751,146.61057355304754
1752,-201.50749628595236
1753,244.6037045956608
1754,-187.23200123573332
1755,130.2955333009111
1756,154.28724068751148
1757,115.81082946223842
1758,198.292372534184
1759,111.32920922864699
1760,-25.790709985400056
1761,132.6685846576818
1762,-2.7140903341410763
1763,-200.3361677664723
1764,237.36288168162437
1765,130.89610156567517
1766,14.271831052263707
1767,130.69277879182127
1768,-31.10962287045406
1769,171.37872088706368
1770,2.4093610284136275
1771,28.232303358376925
1772,19.43642765186638
1773,98.30991679915256
1774,68.34594748786037
1775,14.442124844367896
1776,50.79074796846143
1777,179.19103338008864
1778,263.6757639149932
1779,-99.04171391613951
1780,187.82791625964103
1781,14.649772269671303
1782,44.34755947882184
1783,-20.21099639726664
1784,131.52092843580334
1785,149.95706793863735
1786,153.67014264311015
1787,21.00207475079044
1788,-66.2032526798868
1789,16.490042489061366
1790,-70.06144798806477
1791,-58.13167723025234
1792,94.19007652972655
1793,-28.66201540662469
1794,209.7061750383257
1795,-98.05560578930712
1796,162.02893336691486
1797,139.5312797072013
1798,142.6123591482456
1799,187.82085237809304
1800,-85.84105722567168
1801,137.2538855600067
1802,-172.4310956574156
1803,-30.22593256234734
1804,120.7846641969388
1805,26.423247004606147
1806,209.47444982198886
1807,176.39759945175712
1808,-359.2051669385369
1809,-58.12589974769295
1810,-43.672719820758246
1811,-31.039438531565395
1812,45.75749929065742
1813,223.2139607913165
1814,149.51845763341225
1815,-10.569987403025692
1816,65.89209260461915
1817,-72.70866043122837
1818,193.0961587616176
1819,-8.118101172196475
1820,2.7433933095164775
1821,146.0045382785214
1822,25.86565280154437
1823,-23.278440785198285
1824,12.767546411876822
1825,-13.564000566293899
1826,-62.821741533543445
1827,145.75188630258475
1828,-48.703640297342176
1829,-16.30035149698034
1830,-54.45472922288406
1831,115.24570590716229
1832,89.56404819531684
1833,198.589713795135
1834,141.46146022354947
1835,155.51490173074154
1836,-14.702320302219306
1837,134.0107637636855
1838,123.24517383560311
1839,-70.28819005421806
1840,90.82879703312858
1841,98.22803384161861
1842,-41.43931372170448
1843,-257.5876174639535
1844,61.652069453314965
1845,-54.552794854201025
1846,147.01371699068383
1847,-45.77669138462332
1848,2.3821811313707286
1849,-78.18999074225556
1850,212.09024680503597
1851,84.43544151294674
1852,72.9099950234989
1853,47.602646001183075
1854,4.625722596761165
1855,-46.64450738160561
1856,-88.7237271104902
1857,151.18968969467264
1858,-18.438725153980542
1859,112.58239692642549
1860,153.65841731097947
1861,-188.77644494434315
1862,-22.234147925611893
1863,-2.5598618796855135
1864,-7.985043364637548
1865,-55.72711908437928
1866,-121.67975053476067
1867,-96.83494203032492
1868,-32.84912715605053
1869,275.30631955844035
1870,50.13571886799275
1871,69.51275498283194
1872,-16.68293074788228
1873,-224.3923931714757
1874,144.53646183160754
1875,96.89338167285587
1876,-97.97686753577827
1877,7.462774842052369
1878,222.96881230595127
1879,242.50182279468524
1880,-45.69448935265987
1881,144.98627047840444
1882,-97.29617531499775
1883,218.94446662335918
1884,153.95072644392474
1885,144.82963253989786
1886,214.11003235831976
1887,-245.3059010345563
1888,5.8510086698744885
1889,-42.134077531199466
1890,-59.506786662187004
1891,239.051727604151
1892,171.00524639173187
1893,-136.6533142093498
1894,-0.31566016991247636
1895,-58.747455066394835
1896,17.868369635297952
1897,14.775396816049152
1898,99.9884178005769
1899,-42.45733214147293
1900,79.2639599836882
1901,-80.02665441984921
1902,-65.0035610185243
1903,200.81446530188873
1904,-7.972818057775669
1905,117.80624603566646
1906,86.08767586064144
1907,26.369132193296586
1908,-7.029116153558618
1909,100.97851874701459
1910,89.58522270762897
1911,62.382964962583614
1912,-74.96159184664381
1913,133.47627708649162
1914,-186.855095491095
1915,-57.0695394158181
1916,160.62374619469324
1917,203.12639154653388
1918,159.86718511303096
1919,-82.46305829847475
1920,261.90230736280887
1921,135.89770662283829
1922,231.72368899275037
1923,215.12559649350112
1924,225.29267424292195
1925,116.60557385718553
1926,10.814970408449142
1927,-22.787619444996437
1928,-61.097241173998384
1929,-21.337144014420815
1930,205.79190838085384
1931,-39.99516385731333
1932,215.52309344444413
1933,51.7080539215845
1934,127.17059217790316
1935,-32.37346499580646
1936,-6.224670412268608
1937,196.34089574488618
1938,-14.557519839707084
1939,163.61030997556276
1940,116.80785773199025
1941,106.65391670125722
1942,-58.62938287683926
1943,-114.32088075327597
1944,-96.76049615492227
1945,-77.02526394754216
1946,59.23225184933203
1947,203.39453494256213
1948,-93.39475714654267
1949,116.08779045360757
1950,17.144798423855093
1951,106.6180907832671
1952,77.09743157194735
1953,248.6731550461011
1954,232.15555405635342
1955,-36.168814410587856
1956,196.80408013801664
1957,122.86268567941173
1958,82.62980870477543
1959,-25.302766262614767
1960,225.5182916918596
1961,142.39534725029168
1962,125.19158944577381
1963,138.21041525913708
1964,128.56887291024657
1965,134.9548970892927
1966,203.25064407074387
1967,213.18020519236953
1968,92.88727053983203
1969,110.9774758603736
1970,-49.56672765628354
1971,-64.49831073192748
1972,-9.97929150282036
1973,-104.78279169876674
1974,-25.189165717346953
1975,16.432290821023727
1976,173.472029872081
1977,110.10929739809576
1978,-45.00772768294451
1979,-41.68585559192837
1980,88.47658111250611
1981,217.7209181245717
1982,-82.05735943957451
1983,138.32570921941263
1984,101.58782646760797
1985,89.41547116072555
1986,32.2962171268924
1987,221.1630676735153
1988,-14.845120810174123
1989,136.03728579320142
1990,-59.208622087853996
1991,-149.9918971888083
1992,118.89664262080547
1993,223.33636104908047
1994,75.79621469282378
1995,192.8096620528881
1996,-127.55273675798097
1997,168.2987632290114
1998,141.21056002227166
1999,123.8574134263744
2000,237.92762359364917
2001,-66.53593875213369
2002,146.32974867158137
2003,187.16380901123372
2004,-28.244339747658046
2005,-32.30148169877343
2006,99.83239275323807
2007,-25.412425010477477
2008,-244.89685554515518
2009,-73.64027325500535
2010,-33.20583987228636
2011,28.165859577112457
2012,-160.5024642068657
2013,195.29722166659576
2014,66.73347159378663
2015,-73.68041101804076
2016,200.4267941015689
2017,17.040580431755984
2018,91.17806044966503
2019,-45.86411054126643
2020,-67.52277729930981
2021,-62.019555493823475
2022,137.425913833015
2023,-72.87790595848915
2024,181.65560138547409
2025,147.44698188892076
2026,-47.69334261312267
2027,-87.01593974643755
2028,-46.77105163561063
2029,187.9705442621613
2030,58.81560013306561
2031,136.38108596315908
2032,-10.747916375007819
2033,-23.378438505423105
2034,122.50087206432293
2035,187.41731425396978
2036,102.4845774491734
2037,171.4256518236204
2038,-87.22833719618608
2039,131.36490578382782
2040,41.9782629184765
2041,156.23968367594813
2042,245.65286537622825
2043,159.31301236083604
2044,-81.6415256805401
2045,-185.17296999023125
2046,234.44498013523867
2047,263.92818283429267
2048,-99.94367599070469
2049,62.15412509909839
2050,90.62888508244193
2051,144.57680030222878
2052,-165.88924092115116
2053,118.39398045656061
2054,133.99019076009796
2055,112.23557655627765
2056,126.28347138025106
2057,122.13194341015158
2058,-57.2617639252834
2059,26.277242823367573
2060,118.20638628578517
2061,190.57764195783173
2062,-55.12437868901952
2063,-44.35588947359014
2064,-100.1666449317452
2065,-50.36086509972683
2066,-128.7764662416959
2067,-0.3134533653541922
2068,-29.352179687007634
2069,191.28752581179862
2070,209.92745306243296
2071,134.39344388086863
2072,-29.306219938355127
2073,107.08842975163401
2074,152.6161121991943
2075,170.02718667513057
2076,117.13389179850175
2077,-70.7794230854378
2078,117.22541426467848
2079,-163.93141582578278
2080,244.16323008580844
2081,231.01528814963967
2082,-73.18601777922875
2083,-30.818596620403824
2084,-108.68543584352143
2085,-44.262020265085496
2086,-3.3791573720070005
2087,100.15506871034707
2088,111.90213276315794
2089,168.21282807736736
2090,-89.07958752002703
2091,76.09042412138406
2092,-192.3436330584655
2093,17.896805379968825
2094,-23.15640935879334
2095,226.92431399129273
2096,-66.82580894926458
2097,-58.16079158298757
2098,-45.55148933828778
2099,-48.888609464161384
2100,-58.545372703167224
2101,188.55908033089293
2102,-46.209086568354735
2103,-31.187227829207174
2104,123.7848922854206
2105,-52.36910686130164
2106,-55.98856709614363
2107,-90.89556628246655
2108,154.08547722955967
2109,197.12631296855946
2110,123.07234871147574
2111,64.43783834307892
2112,-98.77146118668131
2113,-60.91465692404813
2114,-77.14620018855791
2115,91.58878327065877
2116,105.83868402236844
2117,-208.21288351113176
2118,236.44708227923135
2119,-223.41569819293284
2120,-68.62604669611162
2121,-54.03824620608765
2122,-30.748293225537893
2123,270.96549498256275
2124,182.63020884502092
2125,-7.741628719094706
2126,219.52012314679334
2127,79.85201453678697
2128,12.907888201695641
2129,-22.5480258883684
2130,213.26991026126842
2131,-75.79647616288791
2132,-49.550794960806726
2133,176.5006359758297
2134,104.57111298940633
2135,32.035291677013106
2136,247.12772920680678
2137,-49.72107453966234
2138,108.39315672476444
2139,2.862882833441091
2140,-78.18422534307555
2141,130.38911603016774
2142,194.6980069226452
2143,4.494104298694907
2144,260.1272940674473
2145,232.192788174118
2146,242.55598487030556
2147,-1.8939751403547405
2148,-19.853543860599885
2149,-23.697505503949557
2150,148.23223129792171
2151,140.230255422245
2152,-111.14242541902647
2153,-30.811275332933576
2154,-40.94503324817788
2155,203.8940208593925
2156,201.01814434860006
2157,-131.35816341795675
2158,229.4887845658671
2159,143.18465201519984
2160,250.88025757027364
2161,1.7778313816409508
2162,-114.35611517556443
2163,-32.353903044148296
2164,-56.553959356857646
2165,-65.26902268348694
2166,123.97223029443167
2167,221.6247424452424
2168,105.81216043475544
2169,-49.75497082734542
2170,122.7894782214607
2171,114.20537510832895
2172,190.91982637847224
2173,-28.3388326155103
2174,96.73443760827328
2175,-72.59919583386578
2176,121.09812750444738
2177,-180.99651442654482
2178,-44.51161879304418
2179,-86.97845828934926
2180,6.702830587033034
2181,20.67863028350267
2182,136.76544136881733
2183,-80.45297393651421
2184,-33.86154109644461
2185,142.00806721987144
2186,-61.4386079203741
2187,-68.06495317125199
2188,-30.889152145316004
2189,-90.23139696037701
2190,-85.81091732646239
2191,153.15393805007736
2192,-92.3780856155455
2193,226.24545382972283
2194,169.67189459696004
2195,-126.08136419594965
2196,-239.09733942624783
2197,-56.238158006600855
2198,-65.79455269107781
2199,-43.35172415875516
2200,189.7020230489752
2201,-156.62236460645613
2202,119.6987778108489
2203,-73.93601216428569
2204,130.37445476202316
2205,148.00918163611803
2206,-49.95710202498111
2207,4.184494727047934
2208,102.84652905247907
2209,102.9267961596406
2210,146.959427867845
2211,-51.39914208953691
2212,-12.175337878108763
2213,-192.53357754344304
2214,122.90000571261129
2215,131.89143545944617
2216,-9.223804824538107
2217,-99.08970447530082
2218,111.2844499070658
2219,-32.282374422883095
2220,112.18648843539631
2221,-104.90734004673618
2222,-22.847860514235066
2223,-28.17507726775753
2224,-51.07333667859414
2225,34.6463298171157
2226,-48.23668217373408
2227,117.31460871903286
2228,-50.44059218982123
2229,-51.97953014519136
2230,209.0035020875158
2231,120.08626029235596
2232,123.46266857229394
2233,-68.4592464206067
2234,152.29847269474354
2235,245.8523530509928
2236,-44.00346429256308
2237,2.070217359234391
2238,245.84810024571817
2239,218.07924527173668
2240,211.68051810440005
2241,97.54807360376151
2242,-90.94822513493654
2243,-39.290669322463316
2244,106.35021299528006
2245,136.73815690474532
2246,238.4795968469525
2247,238.0568498658145
2248,48.851789737248936
2249,193.05129454980158
2250,-222.8513318138009
2251,-55.56651069958485
2252,-31.394914502345443
2253,-74.92948010864653
2254,259.97090073359493
2255,11.241594687299433
2256,-74.93554860568302
2257,-56.882123857600526
2258,78.20418199041644
2259,68.25276703504097
2260,152.84852132589359
2261,237.50733455394717
2262,-58.30451628426239
2263,256.7391654643358
2264,49.464599657698244
2265,-9.807507841480103
2266,254.0481542812783
2267,200.97911395804687
2268,105.2732455253384
2269,23.801373425633628
2270,70.51687476391079
2271,-18.755534751761047
2272,245.94234886120398
2273,16.28689370171857
2274,173.4875364985868
2275,220.40765319481716
2276,40.64206590413768
2277,243.75083433147253
2278,227.13241903395567
2279,-58.891954134237025
2280,183.44358503874895
2281,239.82235905279535
2282,12.613082289770986
2283,-6.910152055391194
2284,-22.930182178216995
2285,-1.4158984438482634
2286,-71.52105120752694
2287,-50.75682090225007
2288,141.93126656224942
2289,-37.10957748318006
2290,-79.73448608668613
2291,-42.29686535500828
2292,127.96533652657429
2293,-53.74972805492866
2294,-17.912242077982683
2295,-23.589920871031808
2296,225.72514087630753
2297,-95.9944770717912
2298,-111.16873323190008
2299,-70.46072275558646
2300,155.13441591526978
2301,-18.15092553839753
2302,-23.505261731761976
2303,136.80864773120902
2304,170.0875112354389
2305,254.9796752429775
2306,151.63978562194816
2307,-156.03482437609375
2308,110.15729377445865
2309,-5.021715085148159
2310,-62.21113590369538
2311,-70.73250303445529
2312,-210.61203567677273
2313,180.48406137153495
2314,-203.83292805640082
2315,-82.78042319893886
2316,-105.90738233094669
2317,-29.401908228737852
2318,143.68646696804666
2319,105.80327660109066
2320,87.22086049821185
2321,183.88098352029414
2322,-15.155863185056631
2323,-32.566176882831854
2324,107.53028575287212
2325,195.89611654318804
2326,7.2390308746016245
2327,-118.1352572836659
2328,244.27659835760076
2329,-82.45531427665837
2330,-59.11304438421273
2331,251.13010612295642
2332,104.66211690912513
2333,-9.779987787082746
2334,15.681946739984298
2335,-62.20671788273142
2336,178.19210299073376
2337,-39.03558529471924
2338,180.5944092418434
2339,155.47061378468004
2340,-79.94488723166657
2341,265.4591444059389
2342,-156.98456104350018
2343,167.9217844186916
2344,265.5504300283636
2345,5.556854402036805
2346,-36.560632620425636
2347,96.70269966469773
2348,86.91738028785132
2349,-10.923599080576082
2350,-3.0269766774054574
2351,196.82658649431534
2352,155.70586170040187
2353,-6.7562676451303645
2354,-57.060772399336486
2355,-43.90829444563148
2356,186.125594366322
2357,225.61342473900265
2358,222.5070240081741
2359,158.98096222840644
2360,21.695171305930913
2361,191.51883081799463
2362,94.88309136425019
2363,273.6057352892981
2364,74.567168361477
2365,255.68615370115555
2366,199.36057473693438
2367,246.45126460075295
2368,-66.39853689997238
2369,-57.85144728489635
2370,-69.842309825326
2371,-84.38744628039089
2372,237.67516122198776
2373,-38.95490505924103
2374,-28.73234256118748
2375,138.6754727865474
2376,-28.499692339321
2377,209.73971032639048
2378,-4.871895427109678
2379,-48.651721930398494
2380,-23.856666136971583
2381,-31.85311236966062
2382,10.675134332993025
2383,118.09277360311208
2384,224.16449262450524
2385,7.082600287854959
2386,-159.67361906898606
2387,253.7343090754778
2388,-126.09782494643565
2389,-8.905032007708684
2390,176.36370740280603
2391,86.63939146969983
2392,-23.43765747696966
2393,-151.46650213995338
2394,-219.00958154062297
2395,202.36331085689415
2396,-36.24536206704676
2397,-24.56747730904813
2398,120.33635774389647
2399,171.01371845039944
2400,9.336574662870675
2401,-19.820398144568443
2402,211.67987511066445
2403,117.54077356036792
2404,259.67732373547693
2405,-27.083086796244388
2406,258.6295548000121
2407,192.8600667192283
2408,-122.08047490622798
2409,-52.19542734436401
2410,-31.34905517827515
2411,-83.64542764233882
2412,-94.42636688636598
2413,-38.96815846832776
2414,270.9412641586459
2415,228.54289312120824
2416,16.75480766900681
2417,157.910103419398
2418,-86.07973316740677
2419,-41.83817383693495
2420,-52.67125151068161
2421,222.837054804979
2422,-78.45074864438216
2423,7.287840871783672
2424,9.437737918636557
2425,219.44439952035344
2426,-76.60124378683459
2427,227.66393242333746
2428,-23.753762211039145
2429,-18.399100309066668
2430,-24.295196894525205
2431,185.5103206801397
2432,-34.15332497006543
2433,196.409396087329
2434,100.55809291345912
2435,-0.2706420675140312
2436,20.547441680179645
2437,-41.56138362250927
2438,-92.09620583175804
2439,243.2118247838412
2440,-73.25084648360954
2441,-2.900519075687214
2442,-33.0269611520615
2443,130.07075221260183
2444,-86.30005363379055
2445,126.61220391033248
2446,-303.9976133537282
2447,-118.18520164520729
2448,-46.515713502818876
2449,274.958696440616
2450,124.10056828606488
2451,190.43473008785614
2452,222.15063014311696
2453,-97.08774888894126
2454,-53.581091674575895
2455,243.57407790666318
2456,-99.30859363938589
2457,-52.84284337241374
2458,-46.20557163658667
2459,-11.770236925016363
2460,-27.96899124615551
2461,103.3287545422813
2462,-27.003225903866237
2463,205.97549489332692
2464,-11.911143181280124
2465,102.64896056949682
2466,-20.493253951853347
2467,-51.66115123693015
2468,-65.9434551778626
2469,218.1959550857445
2470,-14.54910430321236
2471,-10.598541915992271
2472,25.016086673839055
2473,268.7170939664724
2474,-57.249927970053555
2475,-80.73207714345224
2476,-11.53068849917372
2477,232.25622181553126
2478,-335.44120279448305
2479,219.5173721060783
2480,112.97876688773272
2481,-45.19134284041307
2482,-54.02641701772286
2483,234.50144804025027
2484,-71.97939422068873
2485,137.4164392298681
2486,-207.48152748797378
2487,-56.058390335135044
2488,-99.22908854547734
2489,238.95589167667328
2490,-86.85431981731946
2491,133.36383662208286
2492,-38.05701253780498
2493,-16.070623255197063
2494,242.0338668962388
2495,280.2069042136714
2496,212.61560387533532
2497,-2.4177402845596845
2498,-49.6406270979449
2499,-70.82350344420587
2500,198.22323274307922
2501,11.931756524196118
2502,-77.31504151035625
2503,239.95354669823357
2504,-24.02266363214717
2505,-13.16539567199753
2506,209.09662869253503
2507,-65.78571866920403
2508,241.42704597976498
2509,-292.065081820987
2510,192.85506768022674
2511,-89.14945065904635
2512,-110.394122398074
2513,-58.7617980757189
2514,-81.6228292033802
2515,15.523341256728543
2516,14.438050984768466
2517,244.48396940154745
2518,-1.0019075823169885
2519,-41.64368138441051
2520,-42.98842301881179
2521,-88.18028054221114
2522,-79.41740306758163
2523,36.91119218622026
2524,-38.48370814321605
2525,-22.684938215877423
2526,202.04645804339816
2527,13.952003034352984
2528,247.49412603588846
2529,-68.89709887982681
2530,217.48878756678897
2531,-41.70982228873157
2532,263.5888698316403
2533,-28.829900735199402
2534,198.52065074975
2535,-63.14813918964247
2536,-52.03279973345849
2537,263.83299000057565
2538,134.34417992906583
2539,-47.46485872005738
2540,-164.83160990845346
2541,37.31552350267205
2542,-1.9067501328157732
2543,-0.4526139324428442
2544,184.08860173126413
2545,211.46313649134356
2546,222.00645722099455
2547,241.44983910709388
2548,-79.3312454560689
2549,197.84219117253946
2550,-197.0818717418388
2551,209.40791237020392
2552,183.10431441378503
2553,-66.16130137382495
2554,205.22524351792237
2555,102.30913242711684
2556,-19.98823970925801
2557,168.9948482267238
2558,15.422249195979433
2559,-86.22153269496081
2560,210.54904382501874
2561,176.02113818493706
2562,123.78906438743859
2563,-26.560080047722124
2564,142.05824108961147
2565,149.39149096993137
2566,121.301660904903
2567,235.91039772734598
2568,236.9650647248114
2569,109.79948511148615
2570,67.00039956187018
2571,-70.89999781401596
2572,-254.34200844695567
2573,-54.62949720731612
2574,88.98195230555572
2575,-67.10168027274864
2576,-23.785048948468116
2577,-0.11303566828199507
2578,-36.44421205252894
2579,-26.425671787373233
2580,27.076502132744082
2581,61.24994851297997
2582,-95.22825673476869
2583,221.3318153594339
2584,-28.402400208419152
2585,152.96246856551483
2586,161.66541725241353
2587,253.911252627097
2588,-46.89362471520717
2589,-37.881099272741494
2590,203.57585253317293
2591,-39.9565747151173
2592,152.62638852742182
2593,152.57924276528897
2594,219.23852726391894
2595,204.66198442826112
2596,245.07424944776952
2597,-39.37567132553818
2598,76.49599311095518
2599,224.8556211018668
2600,135.1978278063057
2601,210.12363898308843
2602,197.6188255801958
2603,-76.35042638427505
2604,-60.01754642764496
2605,211.86652033206477
2606,238.45477420942584
2607,-7.560148570050217
2608,202.43982633903693
2609,247.80006943308754
2610,-1.0316562316355515
2611,-336.6423532855255
2612,257.1539034608446
2613,-161.5438999904551
2614,224.3032186675394
2615,-48.417857079227176
2616,-82.43598798734818
2617,-26.08363791241686
2618,212.76095433224305
2619,70.80028852418714
2620,-224.24162771228674
2621,242.43036170321415
2622,-45.370177750484814
2623,101.48712744497217
2624,-203.31211454497847
2625,172.3127284856557
2626,166.11504647272753
2627,-87.52211703350115
2628,215.07126284707712
2629,-69.84849917411054
2630,-108.9349701293929
2631,120.31259638589604
2632,-24.590064676883173
2633,269.1428459317564
2634,-74.10310050339493
2635,-68.19583570179341
2636,213.75395521558545
2637,-33.569534222390374
2638,-65.392677229631
2639,-276.1376996498466
2640,-39.41391288850504
2641,-72.07032777468069
2642,-17.200541301076314
2643,-13.66173265059112
2644,237.09633171629085
2645,-61.04091564176878
2646,-55.4571708868842
2647,-58.74753954660609
2648,180.16441223383492
2649,-57.26086484916509
2650,139.30362222779667
2651,57.529800346128326
2652,-77.6494976030609
2653,-69.7723640708733
2654,-106.0624398663603
2655,-93.63088730435636
2656,-30.21147244654449
2657,138.5140235293073
2658,142.90856276857696
2659,255.60502125744318
2660,123.46261366060409
2661,-222.26684421100097
2662,0.8791281469433301
2663,51.504563422152245
2664,-84.97425465415455
2665,257.44169889177226
2666,-69.56962729956805
2667,260.77755260046524
2668,80.40094053654303
2669,168.96969632652417
2670,157.8419120395617
2671,234.75640401059707
2672,37.19360691986749
2673,-13.035650381929827
2674,61.72462303008054
2675,-64.81642322303048
2676,-65.78394868249913
2677,-77.86024077945339
2678,225.3778338584082
2679,187.99076745190285
2680,208.31608883889837
2681,108.13065258466796
2682,-65.394973828301
2683,-72.6066402062214
2684,1.0382959942963765
2685,207.51696449535785
2686,209.3510879346913
2687,133.21882822527712
2688,16.94431929589095
2689,32.810145385745415
2690,228.86921938043145
2691,221.94810299870804
2692,33.90748762732309
2693,102.2019640914267
2694,210.506903290456
2695,-75.51787034131652
2696,-86.60735304360455
2697,145.60164300926039
2698,119.12698143489685
2699,90.83022621803558
2700,208.89798702011493
2701,-107.2372572070782
2702,228.2673583572329
2703,-28.912634366586445
2704,-34.82423581699665
2705,-22.826734435078706
2706,248.9947104647133
2707,-35.310499741801806
2708,110.97871453187808
2709,6.216096663750633
2710,131.7587661048483
2711,4.253845355164472
2712,-238.32301222626904
2713,-65.02014858812313
2714,-34.60151403489597
2715,123.45292345819992
2716,152.2166354754217
2717,57.439368334013764
2718,21.62616594531957
2719,242.30498410318637
2720,119.02449555338575
2721,136.97834494576736
2722,203.23743553262835
2723,266.37968306749644
2724,-98.41766470152014
2725,255.51245254520143
2726,6.177747658713811
2727,189.12107181863308
2728,-70.38108886554795
2729,-15.801000617068254
2730,229.41491932409855
2731,145.0516717082058
2732,-41.98597016620023
2733,-25.789381705805084
2734,200.73165097631482
2735,253.02758986803553
2736,-112.7903169692279
2737,155.87232999780156
2738,166.88005885116473
2739,-61.880275031442295
2740,239.7418701056591
2741,171.388484857469
2742,217.69549582106313
2743,-73.06491004120637
2744,59.932423794296774
2745,88.44747826151587
2746,216.554622937853
2747,106.37303473526178
2748,-45.931806968200405
2749,-140.67322454109765
2750,188.55568647450923
2751,137.8253256171903
2752,221.2131291315174
2753,-84.74277366428507
2754,151.82743685349274
2755,2.9835575706893707
2756,-26.722698212803465
2757,206.93496215171172
2758,248.52066821510934
2759,-66.9836504545205
2760,105.83995449917215
2761,-126.78453845493401
2762,-62.1497811950741
2763,-68.94135253475812
2764,-33.75777820690115
2765,-12.68582946266119
2766,179.01557882218742
2767,98.35081843918292
2768,145.05466122338993
2769,-26.971919725001257
2770,-61.79326875479744
2771,237.9414042152428
2772,249.86258748457163
2773,229.96363170444945
2774,251.36525524139128
2775,194.5188303779957
2776,-1.4854868468467022
2777,40.158106864687895
2778,254.74998483529814
2779,200.50952157660237
2780,-275.25396302523677
2781,139.6990106729327
2782,181.48871091024336
2783,-33.666903184084376
2784,-114.19628823850033
2785,111.89687979065873
2786,112.91732162608628
2787,152.00282311825973
2788,265.58518408387033
2789,90.31536224020687
2790,-47.451342536840684
2791,-50.12844184062993
2792,-60.95516465052346
2793,-42.9469886256248
2794,240.92351048281105
2795,-31.78109966416561
2796,64.53799214624276
2797,236.3699493154691
2798,139.58307116055983
2799,224.89331541703407
2800,-11.10568020396768
2801,222.9734265464358
2802,231.27260067066106
2803,-191.29283067620722
2804,-123.48418788383216
2805,216.07502968932505
2806,-114.7287011478847
2807,-49.19701497101262
2808,-104.52661676644347
2809,120.10893748918672
2810,83.71824305381993
2811,235.0467394495706
2812,212.63863837926715
2813,231.47622494148357
2814,-81.49003360718987
2815,104.82863142791592
2816,-77.92876842491508
2817,-88.2189321244342
2818,-22.093298699362506
2819,-65.82004571148747
2820,252.3313689569461
2821,-91.21299272974895
2822,230.4423791622979
2823,208.23411791835528
2824,-65.46036993537464
2825,161.3790427689819
2826,177.77697915209143
2827,159.37499584417125
2828,-118.52401387411676
2829,-3.3458345274964927
2830,-171.53495081292044
2831,244.71917810984326
2832,251.52750295123505
2833,-69.66700794565445
2834,137.35985320675158
2835,84.47068820800517
2836,-84.08910342637321
2837,111.85678220102558
2838,-21.8770500975875
2839,12.266487156076067
2840,-20.301945389951683
2841,-69.72765745813287
2842,291.1073632973191
2843,-47.29179797078637
2844,3.396601101435806
2845,5.490391706569113
2846,-70.604376859763
2847,218.63366069891202
2848,127.61744329120546
2849,-72.08037441575974
2850,176.45581333108854
2851,-172.74014666257779
2852,-138.9649229902879
2853,232.36904197157685
2854,244.43724088419026
2855,170.06112451369987
2856,45.095354995182745
2857,117.03535846426215
2858,111.6207236497551
2859,-75.24161618718718
2860,3.9764804041744384
2861,198.41280295525453
2862,2.4006823898970424
2863,-107.86266814490973
2864,110.51628941891339
2865,-77.91178481304011
2866,-9.581713776958551
2867,135.90790583815794
2868,95.71741872276817
2869,41.65444443637003
2870,-5.943087912591778
2871,-4.25647139503603
2872,186.6170692612309
2873,131.8899562490658
2874,145.53277698314682
2875,-40.65077873394476
2876,-21.429825613237
2877,-18.838459678043563
2878,84.58340510369868
2879,127.79912223021311
2880,3.325174259535615
2881,12.909521501716242
2882,-21.60029730723207
2883,187.1086490991036
2884,207.91145880623822
2885,-52.888195032536956
2886,172.95587054349284
2887,204.7601303562579
2888,-48.25885973977489
2889,-151.55139260690135
2890,123.55919643182872
2891,-195.75333000908088
2892,258.3700521992775
2893,289.7291152914555
2894,185.18357679359522
2895,-5.813822568927705
2896,195.10591625605747
2897,259.1374533878295
2898,137.0650026810617
2899,139.17986990668976
2900,-45.39944962716582
2901,214.89585548613934
2902,207.857990195607
2903,196.79568114300406
2904,-47.630729185835094
2905,199.36446348849398
2906,-63.633856873480966
2907,134.8491785958669
2908,-86.96253320045406
2909,10.86154574537997
2910,194.53138672179847
2911,-45.45006679951729
2912,-35.779459163468815
2913,128.9532131711357
2914,33.893171816950854
2915,252.23741449207827
2916,-28.884772515955888
2917,-64.93506285394399
2918,186.42823237166346
2919,-200.94620773039085
2920,-233.25796573009893
2921,242.06803761916166
2922,196.855513610088
2923,-221.54306724208857
2924,103.12233686229646
2925,218.93993428500164
2926,216.51083781581056
2927,-124.82107432794103
2928,-54.23959671781219
2929,-41.04913867338682
2930,241.23828954238155
2931,195.3025644282867
2932,4.966603546860469
2933,-38.258716518853404
2934,197.69072714051964
2935,-55.897451555417135
2936,-30.200688096104145
2937,-65.05559125374201
2938,199.13354812198125
2939,258.2211793699819
2940,-37.612029083208796
2941,242.83532216100969
2942,-10.540017995919584
2943,201.59692076382487
2944,-216.1755411088684
2945,7.372378904146672
2946,97.78215202446205
2947,191.77339486705034
2948,203.05254268868248
2949,-68.14960844564925
2950,218.37641405302205
2951,-52.95403389679079
2952,257.5469976318418
2953,57.99121710227371
2954,118.95826137398517
2955,231.8153061623237
2956,-95.34350949644492
2957,-2.7145311250448287
2958,-60.36663235577319
2959,-44.799489543780794
2960,201.49866757888935
2961,200.4475234592892
2962,212.4630188910653
2963,-10.956197653292136
2964,243.35339747537498
2965,-269.0325910885924
2966,152.40799419900753
2967,118.52855410288353
2968,-38.96954945303241
2969,228.0261270246295
2970,77.52171895517318
2971,-28.567146305233166
2972,-27.645230602487146
2973,-5.3569118938333276
2974,-235.58795811126805
2975,218.91961497737623
2976,-60.583608321596245
2977,160.23949761781302
2978,237.44833114681694
2979,174.490088473637
2980,146.90194031844115
2981,206.40085687714173
2982,74.01239063622148
2983,187.90793936002768
2984,150.27859216225522
2985,228.1534402853613
2986,-173.94917950211567
2987,-93.85351155161783
2988,85.68768071206362
2989,-60.477844852919034
2990,253.16203600907062
2991,233.88146236053237
2992,157.77667875929
2993,116.56572634047068
2994,226.10505480021092
2995,120.80372215882807
2996,-172.75646557866565
2997,116.97187703588152
2998,210.765346612881
2999,97.48377229133678
3000,-102.05807370417688
3001,183.2610604522824
3002,187.03119745930277
3003,240.86834230511883
3004,108.69879621469843
3005,-210.02060845032275
3006,200.3056888597659
3007,183.35440430303214
3008,224.09142927728868
3009,105.71576454506449
3010,105.12509640138211
3011,-43.98468044854012
3012,-32.66118861602878
3013,130.72849530793812
3014,-43.546857288350296
3015,94.62561659634216
3016,39.64765386719196
3017,274.2224343871174
3018,145.59655417690726
3019,-236.92669550061441
3020,230.60765733893007
3021,-37.0999779129194
3022,10.842120338677205
3023,-29.190387323582456
3024,-59.52385865937711
3025,177.1896972505339
3026,141.83070477428475
3027,-42.860379491888224
3028,-41.651178109800554
3029,154.32925478729288
3030,80.86980700985724
3031,-7.476814737037657
3032,125.2218480319096
3033,141.73459790905375
3034,262.0900631622766
3035,-64.11048663735552
3036,-47.839894890931035
3037,225.5970632575459
3038,-58.245601829184665
3039,195.8140052171571
3040,-0.01868648502804149
3041,231.96853897533353
3042,190.91671942944646
3043,-58.77829772468337
3044,-99.3379967027164
3045,-183.24047835670768
3046,85.57257886330866
3047,219.6652589258215
3048,295.9031248902751
3049,203.09334279669514
3050,261.36506727452945
3051,232.95232091575423
3052,139.47501243147627
3053,142.02442725114145
3054,270.1772036719753
3055,229.32391547676437
3056,-94.85159382077472
3057,106.93908440508464
3058,217.40577347932242
3059,-151.4668608877944
3060,-114.62853837709812
3061,173.3097963440063
3062,-56.671934188097765
3063,-118.0235226038568
3064,162.83861417943868
3065,138.6580729080733
3066,-21.421983762194387
3067,121.11919967733337
3068,193.25833556987527
3069,-55.05028537970127
3070,81.95685607156942
3071,-95.24186407311919
3072,73.00489989184058
3073,67.82953475575997
3074,135.38440184201158
3075,-21.004994102157426
3076,225.75162932325287
3077,-41.408299135804064
3078,-127.57009579160415
3079,225.10433389829052
3080,-51.66146750559939
3081,245.53467236519342
3082,135.2094192844056
3083,5.434304908980096
3084,229.2931476507847
3085,113.34860372477458
3086,230.57953320591778
3087,-38.14430392383328
3088,-93.12357550304797
3089,84.27824203240249
3090,189.7728581951162
3091,-56.967821424478075
3092,162.91857455717226
3093,164.59292882747604
3094,-40.720079306976615
3095,-40.67828511464907
3096,-25.20961551601239
3097,-136.93689927716463
3098,-52.078316883926234
3099,117.17572149207837
3100,217.20925387090568
3101,-111.83881039366159
3102,211.71686678481086
3103,-242.09245517148446
3104,137.14004770664806
3105,251.12660579419162
3106,256.815217905302
3107,-52.89647743920601
3108,-34.95227913762129
3109,-12.898432423334341
3110,231.33324333979405
3111,26.943316383709274
3112,219.85119635588205
3113,197.61340838641755
3114,238.14654811855323
3115,227.2865897292637
3116,60.85978161942815
3117,-23.302871514812367
3118,-26.66898372397148
3119,118.6956050668655
3120,162.09373248118763
3121,-28.21289979827803
3122,131.73739230457295
3123,-99.0908061195405
3124,241.88987776231224
3125,155.7671038778666
3126,144.51258820653933
3127,179.61189898970522
3128,-60.6461884611181
3129,241.9018060193783
3130,174.59187355965776
3131,-58.702875479260285
3132,230.9171578046055
3133,242.2618874600392
3134,97.82398922524816
3135,195.8388654536829
3136,-44.36975170762748
3137,-35.809624424004866
3138,214.1276994495979
3139,-77.95589423509767
3140,-37.26466695625706
3141,188.72886586270727
3142,134.78245519817668
3143,143.91926427014124
3144,188.74522329402737
3145,105.52734680146015
3146,-42.77778491221403
3147,133.2689712678487
3148,158.23599938127455
3149,228.4876008860863
3150,-62.89498091637976
3151,242.9782023660993
3152,80.12477432281416
3153,179.46953228519902
3154,274.8072707100604
3155,-19.70471949431071
3156,29.222236238851053
3157,89.29864502139355
3158,-68.8016395925699
3159,233.83948303372364
3160,-2.805223072127589
3161,231.60812571964965
3162,-42.867814941125474
3163,210.9679200575851
3164,-30.575579159824272
3165,248.8276436248655
3166,-2.6108937195550084
3167,-42.49625381623564
3168,226.2022331241931
3169,-196.67906705201182
3170,-36.865563716408744
3171,90.8118396011979
3172,-45.26376119448341
3173,-59.87341869948193
3174,-77.45299573859982
3175,-77.00794496405841
3176,253.83424130739073
3177,42.29377702459391
3178,136.42186462974243
3179,218.0434185395365
3180,229.2978727030896
3181,217.96087197585956
3182,149.15263566897534
3183,-102.61461916205508
3184,-72.11034926829011
3185,-103.6407489218662
3186,18.4407457847539
3187,-88.77522063659046
3188,138.66860612989154
3189,-7.931455539119298
3190,206.2084060354419
3191,214.78860427558135
3192,119.42501320747623
3193,231.2226211679469
3194,228.81415771863564
3195,230.68037951095022
3196,114.60366373826022
3197,96.38498664336663
3198,-109.60841177272661
3199,137.59105326824996
3200,-9.221066459194148
3201,-71.04056262321721
3202,-61.44697593582501
3203,-68.00910465863592
3204,-67.46580210838827
3205,-26.630101737528037
3206,102.58142406393942
3207,207.1339377018169
3208,93.85738609101053
3209,207.05929148504396
3210,137.88710767687692
3211,137.54535678312155
3212,139.3858432949068
3213,223.98622009984723
3214,-66.617433763712
3215,-115.68853487096966
3216,-70.148197669512
3217,114.66030386274487
3218,110.5079164302535
3219,147.32801709436526
3220,-61.50749579840941
3221,247.06932125506864
3222,192.7175710386689
3223,214.28534626865513
3224,201.51767282768938
3225,6.11680794943597
3226,-237.10170383708447
3227,-134.9801468047194
3228,200.59548147361193
3229,230.25863866829405
3230,231.1981058618673
3231,-9.882828733541857
3232,132.80356454859518
3233,98.45706284977886
3234,241.5134438532884
3235,-8.610168818234271
3236,147.5712047955633
3237,-35.863471363750904
3238,240.99931018520294
3239,162.6379536064972
3240,-99.35741654171389
3241,-1.3892849638153564
3242,-84.76846539819766
3243,223.46501277973664
3244,123.2556296919622
3245,102.70130547788273
3246,221.04180623267303
3247,205.8800780380643
3248,-32.76919019922937
3249,-42.089015749731466
3250,262.048608377817
3251,-49.52873465995253
3252,90.76805113372924
3253,-38.521738932000616
3254,234.2496267147998
3255,-0.8451286511486984
3256,-107.40747706725205
3257,-44.74033048542296
3258,154.80767406687974
3259,-16.675091509951685
3260,-33.08275366383903
3261,-69.05795692133847
3262,109.34267589315849
3263,-204.84692929982288
3264,158.1659326748612
3265,-219.76636281336636
3266,9.94924008108635
3267,256.17531301932706
3268,126.27257347820674
3269,150.3601590422775
3270,-13.498950468541864
3271,168.38567357079137
3272,173.41818774809306
3273,-116.6528724269901
3274,-33.632018446960174
3275,160.72917145886967
3276,235.35994287756307
3277,-60.53512944970956
3278,-229.9711836155305
3279,-38.23659745169533
3280,-235.60326173596727
3281,-15.513766349539551
3282,217.80017828999544
3283,193.43246636019407
3284,205.5374260333835
3285,-246.37699569056244
3286,191.5591301570082
3287,-22.340836174013532
3288,99.77404188041088
3289,242.15629356470436
3290,237.39249790593263
3291,242.41464427238378
3292,115.46820868172595
3293,-58.49331228428281
3294,-67.09790480030519
3295,5.34132775999997
3296,255.0801830445187
3297,-19.30059175914201
3298,137.02815907160684
3299,267.4575192983243
3300,-149.15521568482256
3301,-42.91898049015883
3302,245.93274741881547
3303,-1.73716826259394
3304,-230.95034540766463
3305,141.59986008096234
3306,213.13925434013743
3307,-62.902591205185544
3308,-10.892188038009053
3309,70.8521785248102
3310,132.901184129275
3311,-312.2534442741628
3312,-45.76951968416713
3313,-49.747391825854315
3314,-40.273271305375445
3315,183.4290548411131
3316,-46.74118438138527
3317,247.59917806611213
3318,167.24660752372407
3319,228.65150659528283
3320,226.15044461110108
3321,-24.927154079589684
3322,129.14198719359865
3323,-31.366449982532302
3324,16.90283122075452
3325,-24.73094874471856
3326,-179.2374423643606
3327,127.38470556993903
3328,235.30558762425616
3329,25.4418682110677
3330,4.9742350487669
3331,148.98457211779302
3332,-50.86822165689371
3333,19.401666172343653
3334,200.4214298963896
3335,128.67787621100737
3336,141.37056817182483
3337,191.6115723017661
3338,213.0616718384921
3339,-19.256554855352732
3340,-40.896162285783845
3341,233.50108839540033
3342,211.25797679589868
3343,204.60428201390604
3344,229.16448323906388
3345,257.6456280460719
3346,-36.191048425542775
3347,-41.73392256775
3348,-14.627233772295739
3349,269.5298536755072
3350,-76.19032011618074
3351,241.5954120308516
3352,-146.744343373769
3353,110.94678243879373
3354,-26.55076182522174
3355,199.7202551037699
3356,-0.7881607737502208
3357,31.987462485451772
3358,246.97164799896905
3359,-37.836561763778356
3360,109.56473164949585
3361,252.2615297331983
3362,-64.91001995271107
3363,-77.39812013676783
3364,121.08774044027427
3365,222.9735372231927
3366,-35.1316147391573
3367,215.04463002823056
3368,110.76274106727779
3369,187.34389953252975
3370,-2.312897284099435
3371,-50.99777125930416
3372,167.84789822745464
3373,-20.67396076920238
3374,3.2009824317320863
3375,-42.50042105508912
3376,-60.83833174613139
3377,-65.11665102696189
3378,196.9544711310643
3379,-79.07446079376902
3380,-27.26315302670369
3381,-42.34996141998461
3382,-40.50841160824814
3383,-114.65396337837389
3384,-46.67082343522702
3385,220.62339920075385
3386,-48.69897305581112
3387,-17.328758390689046
3388,-48.98925101405611
3389,162.27093502364306
3390,-104.62872018183337
3391,275.63694108157154
3392,162.22698436221796
3393,-117.27348538594501
3394,-55.66207160125576
3395,-81.58152077531165
3396,-132.62483898694902
3397,119.6632804875631
3398,269.04931992576826
3399,12.827178241210206
3400,-46.4220043576325
3401,23.17718932606644
3402,-106.14144865032608
3403,-150.18635443573908
3404,-69.02664082069265
3405,90.30240446730801
3406,-71.8715721014585
3407,-74.31122568984605
3408,21.18520582602352
3409,218.92163797579292
3410,-52.1034547936427
3411,227.33787770675482
3412,-22.550804938215705
3413,-77.8976354005115
3414,244.10554314859243
3415,-100.45200026917749
3416,-80.84021021291467
3417,270.55526441018566
3418,220.26166629804607
3419,256.3646283355282
3420,-46.72621653924236
3421,-71.97398903431416
3422,-52.132266065040994
3423,-80.37031225905656
3424,-38.099200993576446
3425,224.4469311140669
3426,30.235299215580255
3427,192.28590179754505
3428,-99.26966510890101
3429,-57.88489204969075
3430,-71.59959670083515
3431,120.47479456572893
3432,-69.01981718296267
3433,-53.09264920515584
3434,-178.69866104558983
3435,-31.581282523524834
3436,-97.71778896145788
3437,262.24895326963235
3438,32.45620235175281
3439,252.25476603195744
3440,216.5202517083453
3441,-35.819489569868026
3442,76.22803555552676
3443,134.90091914144546
3444,-37.270002816448226
3445,282.69520579567563
3446,251.70185905247416
3447,-56.088713014192805
3448,242.9420476247626
3449,-8.447744552656673
3450,247.21994260336731
3451,133.53843633368035
3452,-166.74707853119008
3453,227.34310704972674
3454,-93.558793975399
3455,-37.05298121187735
3456,222.0956227947034
3457,-92.53001546513705
3458,7.241432729146695
3459,-26.68415499563484
3460,-46.776562610194546
3461,176.8828565127331
3462,-67.58307403625432
3463,154.82818522637825
3464,208.69985351228047
3465,-29.22859688995065
3466,81.48994470769584
3467,-69.01009398358275
3468,209.62125276829454
3469,183.3136007147275
3470,-51.560141388168134
3471,-47.523215048136834
3472,232.4156238073685
3473,138.7644560882881
3474,-9.33615522364137
3475,273.8519714745212
3476,230.08847060682874
3477,-91.96285412054124
3478,-84.44017210751876
3479,-54.1043988208753
3480,100.42899464534966
3481,260.8965005888999
3482,120.01695090318994
3483,-29.40058371611761
3484,-18.521378577652285
3485,273.49783463940787
3486,-36.35536276084392
3487,-29.094970764087748
3488,-21.63446635964361
3489,236.47057089011201
3490,37.735079916628024
3491,145.52798282190926
3492,8.458407066915512
3493,-94.59964980703877
3494,-92.54657246681961
3495,87.75866142442175
3496,117.57192413501562
3497,230.10732639559424
3498,181.34810611727733
3499,110.2297758635671
3500,-77.21748543219591
3501,-2.6194738793669217
3502,-20.19249462896434
3503,3.310067371457933
3504,201.20282080391772
3505,-69.57102261846553
3506,-43.251869280378436
3507,120.33401325580034
3508,104.64516663739468
3509,-179.50233794800096
3510,248.72171690433893
3511,-113.07573957512638
3512,-101.45123743103696
3513,-61.15089395827172
3514,-36.95069957066316
3515,240.5098592941862
3516,-2.761042025980558
3517,121.52918413590344
3518,123.07803694771718
3519,-134.09246064498322
3520,-61.371032274575015
3521,76.35355686845256
3522,-36.393720739859006
3523,-114.8694930639723
3524,212.57748218576253
3525,-24.282539186512537
3526,213.21514430567845
3527,-87.66582977434923
3528,106.93036270869894
3529,88.66392526562416
3530,203.93046078830486
3531,-82.81649944457621
3532,-70.2006885128696
3533,-16.310936014217177
3534,40.506646024967004
3535,-60.691797501676376
3536,-90.01431795448806
3537,23.319859334630323
3538,89.12014055431534
3539,-59.75646817753464
3540,-38.813778617630206
3541,-85.97486541393927
3542,206.40505793224224
3543,-23.09994984858625
3544,-68.19810953620757
3545,141.1392208985199
3546,-109.42688516916263
3547,-72.50805698689206
3548,83.17530458629253
3549,202.9051256040196
3550,-2.546831494225941
3551,177.28317073137242
3552,-104.58858217724621
3553,-59.872147062019124
3554,207.19638105426097
3555,115.54967092428338
3556,113.4527975388016
3557,178.22439355973478
3558,-69.71060713885677
3559,-7.886306992649764
3560,-24.352163233000056
3561,251.01062064669964
3562,215.75700542116329
3563,147.48754472029165
3564,-89.82325522877052
3565,155.93662661327897
3566,246.46765061941468
3567,151.73452639922522
3568,109.64050296264524
3569,-24.31353313852553
3570,-57.82342851330877
3571,-93.99242782019665
3572,-35.627030428055676
3573,289.3828811815095
3574,-22.40623233704089
3575,218.760586607893
3576,278.26219607928317
3577,6.9959641552648435
3578,-273.04484937259804
3579,-74.80727707487054
3580,112.64167209794533
3581,-234.91161452981422
3582,-61.739995165985526
3583,121.15390411913211
3584,197.90440336877117
3585,6.822602662788142
3586,246.5307748961326
3587,255.36627384836166
3588,167.79275981817335
3589,227.54366584336742
3590,-40.819286914451695
3591,-2.1798917408761582
3592,224.38984950711367
3593,151.56781785184694
3594,226.19552874096104
3595,-90.47059036313031
3596,-126.51713065448686
3597,254.96234971768956
3598,12.882709054777706
3599,-34.742259032818765
3600,-62.71083076013761
3601,216.9784902281658
3602,5.2762152867592675
3603,255.37528249167576
3604,-82.17326344379106
3605,122.18100925972789
3606,-81.01302935788489
3607,236.42446830378037
3608,-55.97687520040496
3609,-76.44612505966221
3610,-62.70877587966552
3611,197.0249914278358
3612,26.482739762023954
3613,254.60493665467976
3614,109.17437361718332
3615,104.20074895560151
3616,-93.1001503476697
3617,239.1982313196813
3618,93.88919141677229
3619,159.10325814442663
3620,-223.61566327731865
3621,-32.44732254923997
3622,152.65081121494
3623,6.533395914801687
3624,132.73728856947585
3625,-24.93992804999324
3626,-85.74722943020554
3627,233.24492225209346
3628,123.46894719131575
3629,-19.117317825833922
3630,237.3400838251536
3631,107.97380641350784
3632,67.15365589012089
3633,-35.4302072715238
3634,249.46030716291946
3635,79.97031190140392
3636,200.7346431797007
3637,-38.9066909064142
3638,-94.3545108460263
3639,-20.220764054990397
3640,-31.733836675132522
3641,-58.58292742563474
3642,126.00801367995146
3643,-57.561427004176295
3644,114.3183729389753
3645,-7.688169472385482
3646,263.58827087572115
3647,196.99254420775847
3648,230.33725294071547
3649,147.1034922653381
3650,-103.16343064897389
3651,203.30922104375685
3652,93.98177462029885
3653,-84.12863181792446
3654,213.59605948797525
3655,206.62105353358493
3656,-13.82239710712166
3657,-106.24853581995932
3658,137.44893641114382
3659,33.4266197997168
3660,73.66460897033136
3661,90.43007762104736
3662,-59.14627295100294
3663,52.405591081526765
3664,92.46353993791337
3665,97.54982843319534
3666,135.00698228332234
3667,255.2456546616183
3668,-86.76412773703765
3669,-107.97927430175683
3670,91.36559688955384
3671,177.48844178247944
3672,193.51551838311542
3673,-102.1852075146975
3674,212.81952586522144
3675,-93.3413444849855
3676,242.8981883959243
3677,122.26280626459653
3678,1.0032019160795613
3679,107.88862274024628
3680,276.09948053079455
3681,113.13515686358481
3682,164.48013975928816
3683,244.7984208442678
3684,236.54631488954536
3685,54.65130122188371
3686,142.84503415615222
3687,232.5705024090897
3688,-37.34271351045105
3689,143.35815317403586
3690,91.42137430694962
3691,-208.8625664631208
3692,100.79187022322941
3693,-64.83024157685583
3694,230.23404483181898
3695,148.50516479123428
3696,-102.78475127321849
3697,-85.28466499798829
3698,-73.65793732190835
3699,227.78574390652665
3700,-33.08313086889741
3701,152.80914422307492
3702,-3.5956653058112806
3703,-172.46924881080037
3704,-45.301345001423535
3705,-91.39774758194324
3706,-36.36050374195342
3707,263.5752052815046
3708,-93.68913298885221
3709,243.63811250908816
3710,-98.69717304433483
3711,251.89796945202716
3712,223.25819389874027
3713,117.44238399375448
3714,85.8334634830569
3715,-11.313154747999349
3716,130.61369535115512
3717,32.088881853548656
3718,222.20497754681486
3719,253.2113002230903
3720,228.78095850932183
3721,119.15987370693954
3722,125.72167142692058
3723,-81.46123489189267
3724,-44.42113189295637
3725,226.40575543091666
3726,45.1741993241541
3727,-51.504366656880634
3728,261.1231657405102
3729,-50.21298605017569
3730,-30.686963941089232
3731,94.99656432804879
3732,108.64945269400859
3733,-68.45418800253599
3734,246.10616879033088
3735,-29.089645915637234
3736,234.3753436575485
3737,70.37168626101204
3738,-104.47288282264148
3739,235.77855782717904
3740,-57.483712481772585
3741,-79.51002115454841
3742,-84.1469194977548
3743,259.8294708700358
3744,199.30780900243627
3745,-27.80852527814217
3746,-255.46666415489685
3747,210.49992215852163
3748,100.63256256382854
3749,-3.0334127744278163
3750,-13.969489347901074
3751,259.50017352649627
3752,228.17501697574818
3753,262.0304895461159
3754,0.4485817560755123
3755,-3.7038893652973712
3756,111.54080815538651
3757,-170.1749979248318
3758,-14.916787627010208
3759,220.76429652350706
3760,219.1631575425488
3761,233.68139682536665
3762,-77.78284166191861
3763,-71.74413033981742
3764,-113.21946322444437
3765,127.73494535763531
3766,-116.41432586381747
3767,-62.47601944716179
3768,163.74072340599724
3769,-80.3933587583325
3770,109.33803919116818
3771,29.35806237458516
3772,113.28646299735352
3773,270.3222389598636
3774,91.74610615390512
3775,-43.826271083702366
3776,214.03364647280787
3777,-18.791139974384365
3778,235.73841332746224
3779,-2.257646089409704
3780,106.90393882835185
3781,265.99202670299485
3782,212.26278667563776
3783,238.0278258936382
3784,-63.002463518301525
3785,-82.52921370789986
3786,114.1138208651721
3787,-35.24354334984531
3788,-130.69453838085514
3789,-54.17636782010803
3790,215.31146007620953
3791,279.41104332947737
3792,-13.961338194228432
3793,-33.34954765169603
3794,239.07921006771792
3795,-10.194387055892165
3796,189.2470839554965
3797,246.1914721228958
3798,-32.99732312675363
3799,-82.10900929887107
3800,-101.943061087774
3801,-53.26356880807458
3802,127.42760464052017
3803,211.7336303889902
3804,76.271583886107
3805,-50.89089129354271
3806,31.679045746788518
3807,82.76711786203643
3808,137.298006326598
3809,227.69493279409045
3810,250.41818635279424
3811,139.17671370900376
3812,-44.22824172704526
3813,174.8763909327454
3814,-87.73564574034081
3815,-35.31413198858094
3816,0.8505833948744765
3817,-20.39368361663533
3818,253.64852654571544
3819,235.89214308690245
3820,238.21118619651196
3821,238.58948899733005
3822,151.73685868378035
3823,-165.8060770651985
3824,-20.41069128268542
3825,-13.412460017358057
3826,234.660313100537
3827,-96.37363633136485
3828,211.89047444693588
3829,45.12439080155764
3830,113.38582291155693
3831,4.094363432895932
3832,-24.928184460724935
3833,120.44976117889783
3834,-44.2605657238865
3835,205.40994096321276
3836,217.56012791309797
3837,-91.34920232097859
3838,-34.355930525713916
3839,-18.119706163081673
3840,-62.72894753367105
3841,-45.813835530260334
3842,232.4435878529084
3843,-55.271921601872435
3844,-25.99481038865062
3845,91.58061935275276
3846,-44.940630377440115
3847,224.46312651124524
3848,-18.325138993532278
3849,142.02542523912882
3850,141.20673394512863
3851,-81.37676386404273
3852,194.2840508657206
3853,29.379490102256398
3854,-55.740921238251985
3855,-8.323716390166737
3856,-196.23653702721435
3857,271.862353867521
3858,220.67437083292242
3859,170.96094677233336
3860,-54.70337055576827
3861,202.77003238026032
3862,133.9592859992427
3863,132.3538719863658
3864,-55.38025971274833
3865,-0.3632101148237865
3866,225.1065190896809
3867,-61.742569020142376
3868,223.92044884364748
3869,135.45277708360123
3870,12.544383794394946
3871,-59.29326594593607
3872,-64.04663965521858
3873,-97.75782738414932
3874,-122.79268729552072
3875,-45.92484501321418
3876,143.36213206630146
3877,-100.62948030631291
3878,113.05278335844434
3879,113.51907195417306
3880,-45.529942816599856
3881,226.97749897539248
3882,232.37377678620845
3883,-46.63102129798559
3884,96.45066617589733
3885,-114.9916536743993
3886,195.38742978746637
3887,230.35876135424846
3888,15.0973249937922
3889,229.843506104267
3890,-51.83329761148771
3891,16.711973325414448
3892,135.70878495672375
3893,182.21011575339054
3894,-72.61641046806095
3895,-73.33713310776079
3896,230.1224865497857
3897,244.45244621720028
3898,118.94481762352737
3899,269.122952162154
3900,150.6555493114372
3901,159.2811853495931
3902,-143.345820024368
3903,-86.11431280265627
3904,-69.62665205458386
3905,-76.39643870370318
3906,-87.53509120914092
3907,-89.70429563134718
3908,-12.982944015731604
3909,127.21454521373639
3910,-27.602009492422496
3911,-51.2639771090659
3912,-92.09472704863295
3913,-64.51073878528472
3914,214.02422163522652
3915,160.1454809344395
3916,103.91930170160975
3917,-106.10317233089759
3918,239.92060166547495
3919,-90.457351314744
3920,-81.25556513795263
3921,85.28854107155328
3922,-36.17359769239238
3923,-21.43041114678097
3924,167.68816250326128
3925,97.84294296764284
3926,190.29696937583034
3927,-29.013751076205494
3928,-286.6942947196343
3929,-71.30016302665871
3930,241.15678164728047
3931,-40.02532124737807
3932,-93.52140824136829
3933,142.1607907921053
3934,-61.66845663969772
3935,-407.3036948039061
3936,239.5762453281445
3937,125.58539951881451
3938,161.118625087296
3939,-62.54773293862239
3940,155.351651371745
3941,217.24819268375688
3942,150.2696931311777
3943,-99.31624798669087
3944,254.41248695287453
3945,-13.925713323041933
3946,-167.03602530078876
3947,45.36601258421737
3948,158.47343343413263
3949,-76.1072993140881
3950,203.50481475652919
3951,27.387297729191744
3952,141.16026364164094
3953,-92.76290591213659
3954,-74.4155274386971
3955,-66.31647203293726
3956,-13.006053912217709
3957,128.08110160024395
3958,-66.54568713139166
3959,-121.58050028119291
3960,216.46584946325135
3961,248.281583165611
3962,221.45563774382677
3963,-48.732632446470234
3964,-41.231337788179346
3965,-52.36946014670163
3966,275.94677700409824
3967,-134.81579288840373
3968,-21.67982237465843
3969,-90.14493985838129
3970,-18.84408727680308
3971,-31.24372458844438
3972,-66.35904484340755
3973,231.32883104862614
3974,65.85283597088876
3975,-115.23359898905163
3976,-52.01471412771359
3977,257.01606192273925
3978,-2.403417122198988
3979,223.89508833292982
3980,264.09220621594875
3981,-98.25081091101809
3982,-102.24766142294087
3983,219.90879435871673
3984,-266.20952848862487
3985,237.1194016302566
3986,128.4029036311515
3987,71.76253778880186
3988,81.9205705241298
3989,-60.29362579467321
3990,236.41599242662448
3991,-52.28805738918594
3992,-81.43466724649689
3993,185.73964157635052
3994,95.07181909019663
3995,68.19476755139995
3996,-27.39028461631763
3997,179.23985750992614
3998,-19.4293839300706
3999,219.27882790059613
4000,150.42452065463033
