1,-411.92029100034586
2,-146.48752558871146
3,-103.01241254353984
4,-67.17392374487339
5,-31.855986040770006
6,-197.94507409926257
7,-61.562599558861265
8,-186.91685156791542
9,-110.42003279174149
10,-104.27931757119781
11,-100.62851117316498
12,-143.66214707914946
13,-113.97925671357056
14,-94.41216474654345
15,-286.60441307098034
16,-94.13863011873961
17,-87.6312590318894
18,-169.68144717614985
19,-93.00922066194961
20,-371.2054037666984
21,-135.6218092361026
22,-103.53532210804104
23,-104.38277302625433
24,-209.03651429665172
25,-34.09498412813221
26,-294.39833967290997
27,-150.72083160183846
28,-178.79700476636725
29,-40.109159778167715
30,-132.6620009285835
31,-128.61017787561462
32,-124.93864390677444
33,-91.8076351302689
34,-60.459114940994525
35,-21.463442345265676
36,-40.90025619078787
37,-97.02987665584834
38,-60.270130788601804
39,-112.5505686763784
40,-80.21867442502258
41,-78.69058452569456
42,-290.6832782375552
43,-74.67607760469815
44,-71.9328967375421
45,-75.74321880741495
46,-146.14099071002494
47,-60.532270726224766
48,-72.27379375830839
49,-136.22249601387165
50,-219.42381093155012
51,-169.53389539487716
52,-99.68046985769357
53,-237.70878433442738
54,-57.534391006593225
55,-134.96079797350507
56,-118.7798869463472
57,-142.49362473496396
58,-98.6130163581728
59,-66.53768548993537
60,-93.91790595081457
61,-26.690429611803324
62,-53.431771020870556
63,-96.93963158284137
64,-74.73926129364791
65,-82.38759668467469
66,-123.62649851925173
67,-54.15507225344135
68,-76.87284018497203
69,-46.7271914774082
70,-119.59730107023614
71,-78.74503750178243
72,-77.66788578675303
73,-141.513425082565
74,-145.08680154761117
75,-170.15242937811254
76,-63.545374345533475
77,-64.19641670284855
78,-285.81191874700835
79,-90.04549939532045
80,-52.97299592698039
81,-42.88190951828911
82,-63.47920397749475
83,-76.9642702398175
84,-81.78359277573485
85,-130.42825269535865
86,-70.6832158788273
87,-282.03301218736704
88,-50.1662420338249
89,-50.02592007505036
90,-14.358839401120179
91,-86.80172782247516
92,-73.64791847455629
93,-38.34732464197957
94,-52.749474379063486
95,-118.95666055142249
96,-80.36683447231597
97,-133.01241151501537
98,-132.73641600293698
99,-67.63971147644438
100,-302.8579644648629
101,-100.82082086031842
102,-106.10304674848177
103,-72.14649946978055
104,-72.28046323815067
105,-81.72201419252009
106,-82.9775564493886
107,-101.22622241742401
108,-117.63853823647948
109,-125.02737451157375
110,-116.35992293459519
111,-77.4856126863248
112,-122.50369787378563
113,-114.37153748388138
114,-110.68746868187257
115,-13.894144079096776
116,-89.75146622853873
117,-128.49152065436985
118,-84.3674310008154
119,-53.02552656782818
120,-89.47997902812466
121,-112.07278786044904
122,-82.40472751106796
123,-109.72944155278
124,-273.17668832062964
125,-84.42614943863094
126,-89.40999806555453
127,-97.61273816116687
128,-165.57904889112564
129,-94.73494002866728
130,-96.58930629937502
131,-54.90932889562882
132,-59.31380164413115
133,-106.16537855066288
134,-113.86764762408171
135,-105.72077124069817
136,-111.7057736396778
137,-114.8981473144978
138,-94.43900544453305
139,-80.50496262767946
140,-110.8640719437706
141,-101.67182261854005
142,-135.540991801063
143,-102.87490611266638
144,-53.70378254804994
145,-215.4624638237605
146,-175.5108739274777
147,-116.56904358001216
148,-79.88407548516855
149,-77.34430313283156
150,-106.07131237826881
151,-120.67863811627763
152,-107.24818249137618
153,-245.45905003312976
154,-149.30818398672665
155,-64.07597351725637
156,-80.74327653955967
157,-322.5534908587164
158,-320.0050360578663
159,-77.09873360952257
160,-63.68528599583995
161,-99.84667120425023
162,-185.70871311671624
163,-70.43843604846626
164,-4.15705227697471
165,-16.650811660543255
166,-32.80645912764692
167,-9.010147017447707
168,-166.40263367849852
169,-24.938343203875036
170,-170.20713716148308
171,-39.16981282011538
172,-48.53787285205658
173,-92.66587185343093
174,-50.48745800505668
175,-74.80717029014053
176,-5.509036948219418
177,-65.45040553446323
178,-64.39737052082845
179,-88.35876113709728
180,-171.2743329301427
181,-80.53461792058415
182,-9.65223890812507
183,-25.692824891032615
184,-62.087446274753944
185,-137.19111465911274
186,-104.4234666269623
187,-50.32735562325597
188,-34.30321428628122
189,-45.474513588384795
190,-83.09825054509551
191,-106.1633488431912
192,-96.6076167335534
193,-57.75650099189738
194,-79.32337648772648
195,-95.62808274305536
196,-111.85887344969612
197,-110.58385642019452
198,-89.19368589250453
199,-69.01559697801055
200,-44.16754555703476
201,-109.21738663725523
202,-74.28031373199761
203,14.688084462952702
204,-74.77883871300023
205,-26.79838770830851
206,-152.50515659864428
207,-68.35229767437505
208,-54.510177818175606
209,-131.71518633941417
210,-66.65557234562114
211,-80.7650442793647
212,-188.09380727071067
213,-88.24990671664403
214,-81.47886003502263
215,-222.71714322143748
216,-93.14244713981552
217,-43.924196989065635
218,-81.63806582607069
219,-37.34327261557157
220,-22.340586877808718
221,-2.819581615971572
222,-92.8019938235446
223,-101.67800161785337
224,-72.12239373684588
225,-194.01809715601962
226,-58.94649475048911
227,-122.786303205961
228,-71.53990245535492
229,-44.68093227155988
230,-103.48212341331282
231,-73.9022810496425
232,-53.606678401427686
233,-59.541602741486635
234,-88.19128770379531
235,-48.85054622563145
236,-26.497805243997476
237,-46.250755750971905
238,-22.79561333174962
239,-69.39912571293748
240,-40.80306265111882
241,-220.96505039040787
242,-147.58443316570444
243,-83.7447592669924
244,-55.98393723315608
245,-26.42561497876983
246,-36.435069420898174
247,-76.42464079288581
248,-167.60378830921582
249,-48.41591430249595
250,-22.37485897737281
251,-90.4701542653048
252,-43.04529059511357
253,-93.07941170078469
254,-255.4091355780627
255,-88.3065182279606
256,-21.144834807531694
257,-50.280423509658235
258,-91.16807222524241
259,-54.83270721220251
260,-99.82130041080998
261,-41.42418650030916
262,20.434424283605537
263,-60.32324013834459
264,-50.740636630460074
265,-64.7031760008486
266,-47.1281378651835
267,-157.20487257097653
268,-63.992401695430296
269,-56.86483498908321
270,-68.64262535657811
271,-114.55368508508087
272,-33.74483587718467
273,-75.466515264526
274,-51.081249027736035
275,-21.634462238700863
276,-75.87334457119232
277,-74.45897212344101
278,-129.71113234402753
279,-45.188817582049865
280,-84.07625154477257
281,-173.02031836112357
282,-74.02192408918569
283,-77.60767893930998
284,-35.06037349379304
285,-41.3525188721629
286,-67.99720200920098
287,-124.52154411900564
288,-44.54101613285687
289,-41.894945345249155
290,-78.26489635728987
291,-73.12026672298234
292,-41.21443609541845
293,-44.34675336501592
294,-80.74410261808325
295,-199.22665405133841
296,-15.999995969963805
297,-73.46876442099504
298,-30.252169378414678
299,-44.451239983099136
300,-16.786992037641525
301,-44.89928199808435
302,-24.97926118639596
303,-47.56896429877308
304,-39.93221121000104
305,-117.83367439029914
306,-93.28380171779625
307,58.85806517800081
308,-97.69159393889026
309,-26.472954522954495
310,-51.675012640177485
311,-46.307191495974934
312,-28.03332702013195
313,-51.09006289176676
314,-46.44488021591793
315,-80.35531514284679
316,-47.968535543915536
317,-171.97506742596576
318,-86.23277540009597
319,-18.534216790300988
320,-21.296510243822297
321,-114.60834700868267
322,-325.8018555149067
323,-42.21927472385411
324,-59.93687452778586
325,-100.19028102218348
326,-79.12772188968897
327,-48.09400759792418
328,-66.1539870294179
329,-79.64526306012492
330,-84.85064686894162
331,-69.97083645046159
332,-85.49166348972102
333,-61.61784210479943
334,-104.38648513436134
335,-59.528494672298166
336,-113.5670712284657
337,-47.94356633983991
338,-101.51249056558686
339,-53.96134193786767
340,-1.3621632980536873
341,-86.50080055439413
342,-79.44388178432641
343,-174.14850874594384
344,-65.46652173349098
345,-35.881927389159145
346,-19.26811120801335
347,-17.67124238033243
348,-6.242262390404264
349,-90.57920383812343
350,-109.19619810577483
351,-46.99554843204423
352,-82.57771490477077
353,-44.95265136790361
354,-275.3705124538386
355,-34.105178772829674
356,-68.09717758357624
357,-32.121622988368074
358,9.405990081806536
359,-7.141659024308012
360,-163.39024348388645
361,-90.6969077079697
362,-104.53087876001845
363,-109.9018879676885
364,-212.49525021226276
365,5.080486890878646
366,-18.262736106871074
367,1.9926497212342298
368,-29.067475813749596
369,-17.390548323624884
370,-93.58170859199666
371,-24.35906116877355
372,-120.54714691512277
373,-110.40811118605032
374,-10.597846486747798
375,-44.03392439151903
376,-61.97592425375691
377,-226.82782217247416
378,-29.990938141513894
379,-113.1976769349141
380,-173.57425353126905
381,-77.9800556917616
382,-57.3435464008903
383,-51.460114736300106
384,-61.748291744546584
385,-51.75204709981723
386,-30.37018391930569
387,-92.54268269089734
388,-61.716437800444425
389,-12.698364807046659
390,-46.351706082948766
391,-70.23646203607665
392,-44.18759481082088
393,-54.70177145215766
394,-135.3803233930484
395,-81.82892208716888
396,-25.769813303861838
397,-37.34343075286624
398,-38.046880633684495
399,-32.74886340581831
400,-32.39333956163344
401,-132.4203783264848
402,-4.79576896117004
403,-265.58457008773445
404,-32.50528878876956
405,-62.65343495922255
406,-26.778349146181384
407,-170.8325043788051
408,-54.3127881656368
409,-28.65224273433371
410,-24.720345052589465
411,-57.46651732605295
412,1.0967343067280666
413,-39.63581413930588
414,-220.60510254625189
415,-25.699759220889092
416,-58.921901505683834
417,10.55983475410224
418,-38.80763590585049
419,-73.17323606737213
420,-146.92948185821155
421,-20.308999641924615
422,-53.77454276516184
423,-6.236107530763817
424,-59.315935595386314
425,-28.058899522754785
426,-17.93453153823883
427,-72.46977810199236
428,-52.22758752422239
429,-53.0761520143392
430,-116.773150890296
431,-56.07911177324091
432,-90.58674061035028
433,-65.17345938365713
434,-128.4684158747254
435,-74.113631423622
436,-63.65601019821462
437,-34.57531167456906
438,-378.62149475838174
439,-0.8055136379454382
440,-34.01578335310441
441,-70.23548619140061
442,-63.41986853725168
443,-83.57680044312892
444,-63.47220251580548
445,-89.74227651417473
446,-34.16557313315833
447,-33.04849822725318
448,-49.56444263560385
449,2.4319999887244563
450,-118.44930000517209
451,-25.183842841051472
452,-102.83228245659737
453,-28.87468398425517
454,-63.34489848155424
455,-12.644518364082302
456,-60.09395653252227
457,-29.971799123480338
458,-17.20753787532132
459,-164.2280777362057
460,-7.423753284321421
461,-133.0692279408496
462,-15.141107292199365
463,-22.837542665881728
464,-44.129683107867216
465,-95.66264956015264
466,-53.92348934175999
467,-49.28271699225469
468,-73.4902900898571
469,-3.5558729181649937
470,-63.73906140881705
471,-106.6249227361296
472,-22.059251166345376
473,-36.11886229295686
474,-223.28813955203412
475,-43.369296392738676
476,-57.41631038752971
477,-41.74393721800847
478,-57.40556911806631
479,-5.7558830279022
480,-104.60969376982207
481,-63.16904529311746
482,-71.1306426482815
483,-3.2151916136022294
484,-76.68765728860464
485,-80.21992541142923
486,-130.75932622992153
487,-38.44135801807211
488,-47.523781773300996
489,1.6368125635360684
490,-74.55370697678785
491,13.395935957237526
492,-38.81695488990448
493,-21.700040623853084
494,-116.0234755021728
495,3.624687920690448
496,4.585233902821514
497,-39.059984157274705
498,-16.01464259265272
499,-62.835198579463324
500,-50.20199288966089
501,-87.73698128683267
502,-51.21723073382407
503,49.73192926620496
504,-59.38665530381907
505,-94.34301611149886
506,13.964213476174848
507,-68.00504348369614
508,42.34464879193433
509,-9.106942038400732
510,-30.63071764650023
511,-105.84977288958528
512,-82.01761156176583
513,-18.985213307265127
514,-44.878664823199344
515,-227.29468077725903
516,78.29776927018341
517,-27.602127724425486
518,-6.944859247080771
519,-25.077792628428767
520,-86.64485843267178
521,-105.01191686598149
522,-47.495025055550194
523,3.6190188233981786
524,124.71264542187059
525,-26.69678491039933
526,21.03932209727229
527,-89.11625264875208
528,-197.74380928470413
529,-11.65631765283797
530,-45.98255491606784
531,-215.50108061332358
532,-91.2773484984649
533,-0.6066143476107158
534,-69.3006189186556
535,10.90300559169961
536,-51.1406951573247
537,-14.725129265994141
538,-99.21229562325267
539,-43.622300696010846
540,-41.65204073880337
541,-25.042508001731747
542,-36.72163374459892
543,-8.133424969792543
544,-18.452740475693446
545,-11.211750091742317
546,-64.78178938821458
547,-0.4866335011935661
548,45.771298861693246
549,14.60960263593931
550,-98.22412948257575
551,-54.385635658303116
552,-74.15748873516351
553,-18.002803128729795
554,-77.88993270870817
555,-27.977044537577683
556,-76.67949360789856
557,2.8044395816691434
558,-25.518566058686247
559,1.7378512906573036
560,40.75531620351947
561,-29.241204739286573
562,-29.05298446289393
563,-54.71586815642264
564,-66.8987401381412
565,-43.4008812191603
566,43.88006503335339
567,-9.65758648708308
568,-45.648859680309144
569,-3.2914472394917595
570,-56.8541313659736
571,-62.358185403916124
572,-70.80172926244406
573,-181.01062307319654
574,-33.62028507699664
575,-2.478333024350448
576,22.465182457563472
577,-84.48467474076315
578,-32.24208442900145
579,-105.10591248933284
580,-60.73825758588377
581,-16.886406639136467
582,-42.13528219679601
583,-99.81053664993664
584,-67.15403298070375
585,-107.25907589225262
586,-15.632820648024847
587,-42.731436320531465
588,12.662476321365276
589,-22.642052627451093
590,-170.58614144257206
591,15.489107696258401
592,-44.89915309488099
593,-42.48562533152083
594,49.87866026181132
595,-32.24472162917202
596,-47.03380151754922
597,-42.595404760098404
598,-36.77347442197336
599,-19.500882166571785
600,-37.948992503073015
601,-22.40058087805447
602,-63.03193988097823
603,12.198302717830174
604,-52.47983631024405
605,-15.942912157364603
606,-20.88267242777856
607,-84.04195645044427
608,-41.35634170623171
609,-29.22641151052632
610,-66.11427056827196
611,5.235213165166243
612,-257.8374863435118
613,-27.329709226152346
614,-53.69415664408736
615,-66.44177263405084
616,-100.57603205916031
617,-25.59790453778656
618,-51.092112398917166
619,-19.709073715200745
620,-48.522450055055316
621,-35.89715515155824
622,-43.94914142009519
623,-24.8266512054698
624,14.7624379317392
625,-61.22555298602962
626,-27.4290272583208
627,-14.416768564193518
628,-79.31452788132982
629,-121.90160198151307
630,11.41328843779327
631,-42.287481175392145
632,-28.065999718277723
633,68.51492446242716
634,-128.189674417293
635,-22.374606899211372
636,-93.24769993830421
637,1.9339369452200401
638,-40.65175290850895
639,31.97502459134529
640,-101.10002166801667
641,-290.73486102259176
642,-135.81260797236524
643,-16.041892545449215
644,-21.752210751254495
645,22.84351748913113
646,-16.672906908311262
647,-53.30788174817102
648,-55.02247120172916
649,-24.876279814924757
650,26.229456741217334
651,26.532866548234225
652,-35.813683228221805
653,-10.063138087637853
654,-58.873248081335326
655,-6.367608390313833
656,20.518612125873176
657,-77.24097698911045
658,34.90174740582498
659,-44.78873534408348
660,-50.39673703639238
661,-5.141261763668993
662,-27.823016470841637
663,-31.81930664752626
664,18.176548816384383
665,19.435533435883457
666,124.7715824078319
667,-31.318020347892656
668,-12.33399240777139
669,-4.007938563441897
670,8.795398107206907
671,5.275482357261879
672,-6.201376171419668
673,149.71499209687482
674,-24.945897637726816
675,-60.63210632931093
676,-87.88948788922174
677,-63.907309516246855
678,-11.838209132951278
679,167.70924426761093
680,2.7961949720372843
681,-159.32219916927298
682,-40.19694331084473
683,-244.8167504919329
684,-68.43103847247853
685,-17.736507159364564
686,-107.96903830775952
687,-33.72118833330249
688,-55.21024402400601
689,-71.05680383494362
690,-80.11092700032376
691,-45.35779713684887
692,-39.78313540728469
693,10.331489493819717
694,8.758709010287404
695,51.16994694233824
696,-37.04158778230965
697,-64.97420063430965
698,66.49211221836593
699,-1.3921684498052258
700,-264.2706685734904
701,-16.430122803644508
702,-77.62554390826236
703,-78.033151349937
704,130.10687876474177
705,-203.06244640004513
706,89.61371362956906
707,16.494245741418837
708,-22.40285725091063
709,-31.189963468574234
710,-4.928140442901039
711,-51.787576818787976
712,-46.80141081709753
713,-35.31944340812608
714,-58.647630896272425
715,-45.35038210404319
716,-33.67739961972501
717,47.577504914264196
718,-33.32344141156112
719,97.28677946611441
720,-37.282475403777
721,-64.60017112480861
722,-50.981115788948046
723,146.17003613224557
724,46.43542569730715
725,123.72924091767703
726,11.796576542259729
727,-180.49758224848185
728,-22.033505342036165
729,23.997461062925993
730,11.091612904507755
731,-6.810666580673015
732,-28.76793253554102
733,-78.92723378074317
734,-101.96546807327978
735,-24.912408564120327
736,19.326255353599635
737,39.41416502055597
738,-23.962977520911707
739,-28.51034738232535
740,103.2030268557048
741,11.109683533311042
742,-93.08095247211759
743,-35.58928670875166
744,-77.24897514877158
745,-44.981385743320175
746,-78.32085811778987
747,-40.73276639183348
748,-57.565650258879174
749,41.89429397435869
750,-56.35394528173341
751,-5.1808085033346885
752,-24.491377613672597
753,-174.99129695997732
754,23.430299280005897
755,14.931251952246228
756,132.48771026617962
757,-172.5812565307537
758,-11.001683181755695
759,112.15574751001685
760,-57.05780557899247
761,-56.53242716449252
762,-66.85259738916616
763,-48.055948434816685
764,-60.99961289198189
765,-60.513186128614564
766,-67.02095596368206
767,25.920604892499554
768,-18.908010363067376
769,-14.589995059697372
770,-69.64404575681577
771,-77.20945602180731
772,-50.236604013392935
773,-9.109706051631633
774,11.11005596930788
775,38.59059816658103
776,-66.96528675623168
777,-60.89266547757865
778,-25.49803557381118
779,69.63571840062652
780,-74.89860630587216
781,-21.853346805672032
782,87.69228239867297
783,17.342740716421943
784,9.826958752182605
785,-49.12147842630452
786,-192.2435092674097
787,-30.93931906506708
788,-14.404184861323827
789,6.396858336808862
790,-72.58257571848762
791,-63.01434055883602
792,-76.77387116478997
793,14.910034553742278
794,97.0302435045585
795,-63.8337735151278
796,83.21294896368204
797,15.936359785497999
798,-31.82604539206872
799,94.3484343290172
800,101.86005145146252
801,117.76420311795682
802,-43.715090722494054
803,6.565038556384238
804,127.20996140907646
805,-51.276481481002286
806,-97.70897137092852
807,17.513987936036045
808,-52.42598517408116
809,-48.699730121811754
810,-51.66369247951844
811,-47.84957860325641
812,-14.453149146057413
813,106.29974758993154
814,154.1883943270756
815,-14.209553997117311
816,-25.205034847957265
817,145.80547408062404
818,-42.872088436220494
819,-53.441782288675476
820,-77.92459975946812
821,-65.36703347924909
822,25.679811075874753
823,-16.850925408558837
824,-60.26180245458064
825,-53.66532880486495
826,-90.54257317539657
827,-21.18534267565647
828,-5.00530696498285
829,-31.974860797321995
830,-112.18860677397981
831,30.655190379274586
832,-59.38255155089828
833,7.756353028522952
834,93.62511123249611
835,8.960161899597836
836,-15.365045581421754
837,22.09306203717236
838,-7.008251605249598
839,-67.07242106052847
840,-5.727538186722867
841,-59.78948269119387
842,26.08905072568251
843,-10.931237545746114
844,-23.06059346472128
845,-112.71895453797285
846,168.2523435441332
847,-62.72590865282447
848,0.30421496739747056
849,-37.180053300734386
850,74.97711063520956
851,-33.04004205655866
852,-26.250636269801305
853,161.1626437790152
854,-12.095091557352347
855,103.37650917476752
856,149.9223883384942
857,264.1648725742794
858,-40.932077887102686
859,-220.859218362165
860,3.6028390191450796
861,-38.51019321573936
862,-266.34322236754167
863,-9.233992354152221
864,-119.08234527746784
865,13.639468831285015
866,-94.35877769279963
867,-8.195532885815553
868,-44.51861638024718
869,118.26203199450508
870,-14.711847052830763
871,-49.02002025781651
872,145.64920247930004
873,94.06874004761474
874,6.1302581841338935
875,-62.90752632985566
876,3.7076954428365383
877,-63.1318633196352
878,-78.45637539129842
879,-60.526812447441905
880,-33.05669640339866
881,-94.49468945287119
882,-29.381205988413797
883,-0.0655285459689452
884,89.01105501330125
885,280.0513810429809
886,281.4127449855248
887,-82.32425412218622
888,32.354568005992775
889,1.0679888554517731
890,86.07345237490344
891,-56.36913523044821
892,-84.6628219612691
893,97.33810015933088
894,1.769322324496983
895,256.8897140183006
896,-33.959216358396986
897,-21.539802330541733
898,-176.58669392390132
899,-290.4563180565135
900,-34.80128472453953
901,-15.601647993858847
902,-15.778277777411176
903,287.3350942988311
904,169.14611732025813
905,-36.76352041523538
906,15.088603221278447
907,-33.131833803381554
908,22.84152667446682
909,211.95667059177086
910,-70.72497584527065
911,-52.09648398815775
912,-196.91476743770272
913,-31.578153664203455
914,-198.61363743947743
915,-228.4787165269247
916,-62.868853507402754
917,9.694105772073613
918,34.901614807151475
919,89.35493194764834
920,-126.55346431043068
921,6.4956556978646915
922,-6.986979868072183
923,169.82999017950024
924,-18.62841329832233
925,-33.526432521180254
926,257.05925149255444
927,140.15553572014642
928,31.729697765605493
929,-50.41418487796385
930,267.7276417411419
931,2.5266265262499417
932,-47.785503738923865
933,34.9453164629372
934,71.59641389807021
935,7.977132052276133
936,-24.239718904545626
937,2.1658649340914167
938,-21.368187182703664
939,-26.95827827208936
940,30.161457238254144
941,-41.98478227620511
942,30.261183556010025
943,-27.49600925304695
944,-234.35009261406458
945,29.969657208960882
946,45.70408642036173
947,247.7871818649472
948,16.80501494854269
949,248.33401668514009
950,43.9382235449832
951,-115.0442536821959
952,12.97647010768273
953,-0.7425202736556713
954,293.74615699200217
955,-23.17807726854504
956,-228.44608197531397
957,254.16708153043217
958,-11.03747018808123
959,8.761409488070356
960,-10.773874560224442
961,-7.47988634945807
962,149.34733782188263
963,13.012781263929412
964,101.98320909926125
965,-7.686655664469882
966,-178.91107951003715
967,-93.81660068578073
968,-62.369048431538296
969,-8.621128747269594
970,91.00054076691858
971,-3.457945377425105
972,3.3127631765951264
973,-43.38140211852814
974,-35.710619852092435
975,115.26384224937829
976,263.79195539837235
977,25.700345615584993
978,3.097468399199485
979,262.9211650519518
980,10.215485527538021
981,35.49609382594721
982,-11.940052271212906
983,-67.68877279201486
984,29.8693738524386
985,-83.08520344572506
986,32.44156708975373
987,-76.19072664519632
988,-14.743068965295535
989,-5.5711466109747505
990,-44.43948647909825
991,130.72672714504907
992,93.98637374238402
993,-146.39633390090398
994,24.00778504894771
995,15.344276913429496
996,29.573715936741507
997,-31.892159513900637
998,-55.51138633304069
999,-37.75531937706786
1000,-15.145830485080637
1001,-0.9324810883165924
1002,-3.8040434723945253
1003,-54.30390582788074
1004,225.2237598148605
1005,-39.91876607345148
1006,105.22445291306714
1007,-8.060958643224026
1008,41.50086856596492
1009,29.925630322708315
1010,-61.236241089901995
1011,-208.94902306230105
1012,-44.00503890411315
1013,-51.94492760405508
1014,43.64225217792418
1015,272.95236379958146
1016,21.503759478136857
1017,51.739091392718166
1018,268.7611206781238
1019,107.14410537427031
1020,112.63273882383945
1021,-39.429593520628686
1022,253.9534171650943
1023,122.69115124565755
1024,-15.80750553744916
1025,-102.95882980955884
1026,84.56716554294982
1027,24.301835340779263
1028,153.31334327939686
1029,-90.14581165840453
1030,114.48649795401583
1031,153.856895732596
1032,-39.019111665429804
1033,258.1334961196862
1034,48.06751603289412
1035,265.714466644749
1036,4.30923079136079
1037,139.42821100013066
1038,241.63700801338373
1039,269.0017050086493
1040,266.54756396435255
1041,-301.2769565618024
1042,21.03439976016523
1043,9.856487623320447
1044,-81.72338379639459
1045,257.9605777243965
1046,166.481693874851
1047,151.65440584675798
1048,-0.19204106264905363
1049,70.73077413914338
1050,26.981952038047822
1051,262.0818628050373
1052,-9.38031782320904
1053,-122.06221124857827
1054,165.99658547577187
1055,-2.0418348839701963
1056,-5.058933444727018
1057,145.4160193760847
1058,-344.1848824629779
1059,266.63357684723206
1060,-36.06113164380588
1061,-23.353752827603174
1062,110.3972613318434
1063,-66.97314128603779
1064,79.53639802419269
1065,273.6795834779116
1066,-49.88533343311988
1067,41.40574122678282
1068,9.208386097415257
1069,-48.83447818178053
1070,249.39577639403765
1071,228.99633997301447
1072,-62.2160171489625
1073,-32.431090263026505
1074,48.00728882416465
1075,-24.525103030353492
1076,22.528780308271095
1077,-20.20058867907251
1078,17.161533690097656
1079,26.78422079509174
1080,95.98499181549708
1081,143.7502818742354
1082,17.25603434693339
1083,-61.37247018774035
1084,79.67182108369929
1085,18.5989703361911
1086,5.515009584809832
1087,-85.70621797310778
1088,-5.473073000821856
1089,91.87396269126035
1090,-86.73288916854447
1091,-50.73524349738395
1092,7.817107052433684
1093,252.2517137170728
1094,-190.708481685042
1095,-8.143794480537352
1096,-71.87623695937273
1097,27.151217814205687
1098,-51.71358606191272
1099,138.42461823082044
1100,22.101044510441255
1101,148.93268003396628
1102,-1.7888626524016473
1103,-8.147644172912734
1104,92.49127678498327
1105,-26.007956523068486
1106,34.435882216958646
1107,52.26908578101194
1108,8.621557745892432
1109,39.152751463228356
1110,60.76552475160992
1111,-55.6757813328285
1112,63.44542234372102
1113,238.6172995545141
1114,8.159277228243226
1115,21.773725677722652
1116,-9.82089851920523
1117,-130.51271681078975
1118,266.9730374352632
1119,256.8546360632742
1120,238.10614083356074
1121,114.36728548354532
1122,-45.853089200831064
1123,-65.69228869167287
1124,108.83357797179832
1125,240.56041517068107
1126,19.172744912346445
1127,-83.18089859055806
1128,269.7529624210207
1129,-18.201911314914398
1130,288.7318935310756
1131,93.97237681627922
1132,97.93339862344386
1133,-23.223983597753104
1134,-2.184155310491761
1135,285.6832883231409
1136,113.71512456628663
1137,142.88874500234508
1138,-38.35871098944017
1139,265.3249109361435
1140,242.44061404351774
1141,-143.8669514330212
1142,108.87701464692243
1143,-53.63851223180251
1144,-140.61422682715764
1145,131.18969881154044
1146,146.3099018170591
1147,15.053382017287277
1148,278.9577686352716
1149,80.47262830628425
1150,-36.395669383065226
1151,16.810618571441623
1152,20.60575934598816
1153,-24.096345335664466
1154,-66.42918524621493
1155,26.744288072910265
1156,-9.486715054359735
1157,-24.74640150826714
1158,282.6957714301204
1159,-114.48505935053637
1160,-3.4824541551174093
1161,149.34281811036868
1162,-11.138124112204821
1163,92.64665791350225
1164,-19.047041624924617
1165,-50.15344070708852
1166,-102.74689280490799
1167,132.5695479358391
1168,136.37631114291557
1169,-25.329873930117927
1170,244.9915605803278
1171,-40.02476840325115
1172,31.393981910728684
1173,198.1468362526185
1174,-3.800905719301312
1175,-34.59235272156374
1176,255.50717409861238
1177,282.3325968398297
1178,6.9512339051815815
1179,235.27900351610094
1180,107.17282087623147
1181,292.6167716920396
1182,165.8640317986259
1183,-20.3107259254394
1184,113.90167485552684
1185,25.12488603397955
1186,106.91424880926911
1187,278.1312992889469
1188,-57.82214261310084
1189,-42.54885820122503
1190,17.393669875272906
1191,219.2642130922
1192,101.75830421151808
1193,-37.5300607819168
1194,102.88123595414757
1195,-2.066345705581412
1196,159.6630704243287
1197,198.2643813649919
1198,86.70655234898328
1199,114.22304944556896
1200,252.47572143491678
1201,19.113979320758887
1202,20.14289882599921
1203,-38.422434251625475
1204,10.187576748007842
1205,85.74989075155814
1206,31.451974919696426
1207,35.97144979809434
1208,143.0051208536123
1209,258.49852646228237
1210,264.547887789048
1211,-73.38356070855565
1212,285.1240551846225
1213,249.4620866212327
1214,12.65542208269926
1215,-14.938298456585855
1216,18.179276907443978
1217,105.70990467346964
1218,29.16132855482263
1219,39.740496075741476
1220,-19.172187248460745
1221,51.011955435097036
1222,268.81412771015175
1223,-47.37373037885202
1224,238.64627379383106
1225,126.52611466999353
1226,-91.25522183814535
1227,103.98089144692347
1228,96.55892054868494
1229,-19.688467481743217
1230,17.35378360698273
1231,219.52990847568208
1232,22.125095482045367
1233,-31.848984512718047
1234,-17.931355521088918
1235,-262.9925716719359
1236,135.35432109004574
1237,113.21896805278493
1238,102.83356674252691
1239,-47.66874702070168
1240,141.36411377568427
1241,140.67084770901633
1242,101.95468612732542
1243,119.68342876510695
1244,83.52233205905877
1245,-83.54861712736096
1246,7.132384414402523
1247,141.18705444995163
1248,226.29439654756374
1249,132.3889728008566
1250,-38.340346274850006
1251,-14.888198173992421
1252,1.7859274237298735
1253,282.0936198294961
1254,122.96167778491599
1255,122.22094595206667
1256,-84.09300292197375
1257,-56.1183334808107
1258,21.54941584059344
1259,42.7980037095148
1260,115.0160066224863
1261,119.38512389847874
1262,161.1299489533486
1263,134.89327425281056
1264,103.52609463731179
1265,242.3743482934873
1266,52.81432051012203
1267,-98.06606164250081
1268,70.00036927709223
1269,-207.77080664433527
1270,99.12957667973599
1271,116.29449549103367
1272,238.76218443131773
1273,-39.7210873177399
1274,123.72940765272797
1275,279.4398388334206
1276,294.7301652320799
1277,170.68949709916555
1278,246.7277574276852
1279,-31.721360498890405
1280,-41.54349280838322
1281,246.21170028781498
1282,66.11745028890121
1283,109.76626923306033
1284,149.5114976748874
1285,23.332532812357357
1286,-3.8849432837296263
1287,236.60111520552732
1288,250.19963649121206
1289,25.136218977771804
1290,-256.0825538316633
1291,158.20449977972956
1292,-29.701501123759968
1293,39.607909694403105
1294,21.63354273284024
1295,285.3778493027342
1296,-49.86465100045493
1297,99.32598823220138
1298,-108.66563465911919
1299,51.2189522351092
1300,135.9076095153333
1301,-26.513747840738034
1302,240.62686994528346
1303,13.492980781588386
1304,100.1377946136497
1305,61.68250282347827
1306,-13.336436949657013
1307,101.99941021978748
1308,276.29262300002193
1309,62.81020385497858
1310,257.9696573891591
1311,121.45732840438971
1312,122.7735811695327
1313,56.243548621811684
1314,-27.579124436615857
1315,148.6084057564813
1316,146.66097132789417
1317,0.3619535250200272
1318,147.46071051608757
1319,160.70952581983067
1320,-53.81206540468757
1321,-55.10820067823423
1322,253.76947913660229
1323,117.79815079947853
1324,-15.89480354665828
1325,141.75123304601524
1326,78.85603121524909
1327,102.30844764014773
1328,79.72720728189033
1329,5.091972753081521
1330,83.71489886323583
1331,-10.375944909939761
1332,-1.0187513074500885
1333,37.39037038087919
1334,268.03834159730263
1335,204.8477839910465
1336,114.74544510965433
1337,108.28227441769657
1338,156.56159067600012
1339,138.61443361363348
1340,10.660098144185696
1341,153.76532542024347
1342,145.8124093035339
1343,230.1964987012429
1344,156.38000125822916
1345,236.56388863689816
1346,253.66840501993772
1347,51.188324349721455
1348,234.79359637540253
1349,166.3459934612876
1350,-0.5924923020465798
1351,271.4113803970155
1352,207.1900724353649
1353,217.534721044768
1354,135.12905974652912
1355,48.21370074054194
1356,-36.27547853953871
1357,281.86926500620245
1358,265.3053729136134
1359,-73.22128161634926
1360,47.13111424917625
1361,74.78365955358727
1362,122.77632788268333
1363,167.45708106866874
1364,132.7224196328339
1365,32.11829517341806
1366,12.743245079780067
1367,155.6320683272539
1368,179.22381167830733
1369,57.91240652451987
1370,275.85057187060363
1371,178.62293336005507
1372,150.8391120167917
1373,5.768367902187649
1374,-48.191127323939185
1375,-78.62675102673342
1376,22.150386591977792
1377,-25.21338137699469
1378,-13.968665162471552
1379,122.14240617961046
1380,269.87434641614345
1381,21.904908682839185
1382,109.36163970363297
1383,53.16087309749127
1384,-203.8083463165455
1385,13.458707501837821
1386,-17.69159146132928
1387,109.6949281565994
1388,134.85448025183675
1389,-19.430323962234198
1390,132.96147869796584
1391,12.292587282079609
1392,73.01914006927123
1393,231.53637887721757
1394,29.735176141758643
1395,259.4782557599261
1396,151.79664368466715
1397,266.40255232321556
1398,225.5419016164003
1399,-30.836916702203794
1400,145.3244045490907
1401,-57.15567607172997
1402,160.13464099490102
1403,249.88791462699075
1404,268.65558481880726
1405,271.6631604733338
1406,160.07395675379328
1407,131.10773093810158
1408,226.58937712907655
1409,101.21830832581834
1410,29.78322714188178
1411,280.24607473156294
1412,157.1283120004651
1413,271.66212160369065
1414,95.67928132972419
1415,289.4971593469912
1416,97.93058426682649
1417,155.109342017395
1418,86.44031063464581
1419,-12.029351880629818
1420,124.78584371065823
1421,30.5505661293316
1422,80.87632071610541
1423,134.8517073498568
1424,143.13287396141303
1425,131.82252962258
1426,240.71108699775314
1427,236.10880532635375
1428,149.14120374310056
1429,-43.6220683950304
1430,230.1242649462497
1431,117.92598494965318
1432,213.06577726370296
1433,236.30035250912894
1434,8.539976638009648
1435,261.70712134700267
1436,-45.0617237793589
1437,135.50963201842683
1438,-44.3769689247115
1439,-29.75687476215883
1440,192.9402376197288
1441,32.227701636103546
1442,60.63473235693607
1443,-57.582993166802815
1444,12.550908248247609
1445,-60.143356735301325
1446,132.46386568381052
1447,263.518200555857
1448,152.2140979743719
1449,48.37608124256647
1450,132.95154091638346
1451,133.85874290936192
1452,64.10065445044177
1453,125.07397348338976
1454,143.02168985243438
1455,28.923111879477688
1456,239.49738691481332
1457,29.595523439127362
1458,-6.68803921267758
1459,10.040196363053832
1460,117.03746706803983
1461,18.719352026547853
1462,120.62919421361437
1463,79.73398018156594
1464,97.36148447370559
1465,2.853412283794185
1466,-34.576091650764994
1467,-1.719609335363188
1468,-49.11076785087788
1469,245.59998512474044
1470,231.7230962909777
1471,-107.9308958984619
1472,142.41294140653736
1473,101.3867300067596
1474,-253.2595954381452
1475,214.21305035933497
1476,142.9581494121979
1477,-1.4580881976005884
1478,64.48448500808914
1479,153.95327767195536
1480,255.694742598971
1481,219.3227587476846
1482,158.9273860068301
1483,95.74892463722719
1484,133.3894032259372
1485,6.362364283521373
1486,138.89427140815013
1487,-14.924575674096715
1488,254.4042776316704
1489,266.8861991803729
1490,184.33202807012026
1491,-228.6350038065199
1492,145.0798443308144
1493,243.4101197920583
1494,284.0469181987543
1495,-30.89985776821753
1496,63.712530498285055
1497,-76.13345075333856
1498,124.09799899388601
1499,65.18526437358355
1500,138.13923913850545
1501,-35.49032103517014
1502,200.4651286740343
1503,-281.11475280001775
1504,272.5914150283708
1505,-56.01980609328672
1506,263.61607630395304
1507,168.33434640189276
1508,4.731078872975601
1509,159.61891795847606
1510,-243.8028587973978
1511,267.0501984654174
1512,154.8246215503623
1513,110.30675277682921
1514,142.97272743803714
1515,-1.8673856367875032
1516,-87.94132523701555
1517,127.92487699878357
1518,279.42509641335096
1519,65.17352081125863
1520,-3.9309961458056364
1521,138.33827344943046
1522,100.39046989956057
1523,130.62610562253687
1524,-234.76776318888827
1525,28.93499330991271
1526,-88.05288054319922
1527,-74.95069989685652
1528,-36.142474318474896
1529,98.83335538078342
1530,217.47817002497726
1531,194.37057806197862
1532,119.12512420808817
1533,110.08190829952272
1534,239.77649274525376
1535,123.35562821380819
1536,-26.78520717163076
1537,112.47987042239383
1538,83.7578282515134
1539,15.206819118551792
1540,40.63093230922121
1541,138.14763535836624
1542,75.01699279699992
1543,239.02286351855747
1544,34.56048598605622
1545,91.01585414931243
1546,258.26639145929835
1547,-206.68626183834047
1548,86.13917382210134
1549,-149.51942220225982
1550,31.478865760274545
1551,144.54609741877366
1552,-18.858107581737144
1553,-42.44712210201223
1554,-124.21050771286139
1555,166.7934481963035
1556,-16.252344215917276
1557,261.80306339399925
1558,-34.3014727488797
1559,-57.13986387215516
1560,-31.125977647170487
1561,271.90953972887604
1562,-75.24254162856529
1563,-15.205051831565058
1564,-21.86192541716592
1565,278.03068970085235
1566,238.90398974518354
1567,200.56805915308163
1568,282.79643797464905
1569,-3.7179300263221364
1570,247.60355156821805
1571,65.63532324161443
1572,29.873321435713933
1573,-14.190048754451396
1574,129.9873376882905
1575,263.2368648237812
1576,263.1222037223039
1577,-161.3370711046482
1578,277.66280673706353
1579,258.94612796114563
1580,268.6237320617759
1581,228.16606991905275
1582,266.34666705894966
1583,109.8893419125853
1584,15.650300718842843
1585,-57.98274685667222
1586,-102.16933994331339
1587,-29.835190619356084
1588,222.00157646960906
1589,152.1323793279702
1590,-19.278768746504966
1591,127.18888387580887
1592,141.4234242511684
1593,43.633198770171845
1594,182.7244700442627
1595,48.06563267449087
1596,264.09044540445257
1597,-54.75823906347901
1598,263.6859236397813
1599,19.58569371337559
1600,171.54314707647046
1601,-68.73492422137593
1602,266.1465446395507
1603,246.41418904768716
1604,227.51855093688425
1605,-53.94420532736625
1606,250.56027013860478
1607,149.4713304332335
1608,133.37009831252325
1609,155.7654149068056
1610,138.8335829879857
1611,48.62072269370452
1612,243.4246850738553
1613,162.97218693440286
1614,162.83282997073673
1615,138.3203913343152
1616,69.68734596548215
1617,-50.62076156372976
1618,-41.6506048092203
1619,274.44474887405573
1620,270.00617886893696
1621,163.76557850395278
1622,148.48822748656468
1623,-42.976000884475624
1624,-24.105040700626617
1625,122.50137902213525
1626,172.61769237977714
1627,154.47721094442775
1628,17.864536645828508
1629,-22.66448951042824
1630,117.62937018656308
1631,134.99973932301535
1632,-4.398224213529502
1633,18.2364776757435
1634,156.2242267015745
1635,-10.784722583602601
1636,-204.06602563541776
1637,0.7362859979926242
1638,86.93619991442705
1639,113.10444333654819
1640,18.940318604874975
1641,38.768180080713165
1642,234.84095169249326
1643,-59.38002422195463
1644,258.99257003296805
1645,-143.78082855278504
1646,-154.13877253362725
1647,-31.20201092651955
1648,114.4848131015288
1649,13.31489707065225
1650,276.0564756449822
1651,114.49419033951708
1652,90.88111471057734
1653,150.73329395085645
1654,236.84952420845687
1655,118.86371510782472
1656,-19.13971100127688
1657,30.982354137607082
1658,125.00690420135848
1659,103.76789571014297
1660,256.1362373650488
1661,178.2964196721308
1662,12.876008186178836
1663,87.87275478764337
1664,209.9847491818109
1665,251.99559047242371
1666,-2.065464890860923
1667,259.6797363513166
1668,-34.752916691905384
1669,-182.8781314252496
1670,81.9554084715356
1671,26.502015255749214
1672,124.44592197818844
1673,246.42684206417252
1674,167.38032190726113
1675,210.81646609728563
1676,44.57574203228574
1677,101.99863002665387
1678,-36.968382347563846
1679,-116.47667806866669
1680,15.525033450999516
1681,38.46929989420963
1682,251.23348249297297
1683,-49.27975375078317
1684,224.51244801857575
1685,81.83845109126057
1686,134.08669807255416
1687,174.84622763963316
1688,-22.718593919444686
1689,-13.676440365815978
1690,73.14978417678513
1691,241.7147492506752
1692,229.3962150441011
1693,270.40861757076556
1694,159.98569691655743
1695,-25.027157889958545
1696,256.3082872581758
1697,62.79295619052772
1698,283.34920647735873
1699,161.52552270760066
1700,28.637456259604917
1701,-6.466134902510248
1702,265.21856105055014
1703,138.6256165162849
1704,152.2922732770319
1705,-3.7803814189641116
1706,262.08450270542335
1707,148.66189297087334
1708,127.97039294833019
1709,120.31640264765056
1710,172.1350990322885
1711,237.89656869775627
1712,296.98222267343044
1713,-32.35543827906241
1714,-88.4707555809727
1715,248.8333759856211
1716,71.67689547956157
1717,148.00244840743454
1718,75.0910191473612
1719,273.65555083300364
1720,84.27713129890778
1721,122.76912578275797
1722,116.13592432800881
1723,-80.69493066248013
1724,18.23550754579142
1725,284.0208609299477
1726,135.09168267551823
1727,257.79745425795477
1728,82.57794236102187
1729,258.28164278697665
1730,-67.72387411777994
1731,145.52609039181368
1732,261.6667986391164
1733,143.64190069983496
1734,135.81524202195365
1735,-15.606322106218478
1736,-34.62363517950014
1737,120.24497950398776
1738,267.41598877907325
1739,-89.04520474483729
1740,277.88501673303267
1741,167.4921021743743
1742,280.7337652704575
1743,266.15208658279744
1744,211.35912017673178
1745,144.41979071008515
1746,105.46854305879532
1747,117.92998541640851
1748,120.67340321205303
1749,-18.78341475562135
1750,23.072790269018885
1751,111.30622025536766
1752,276.4387990890441
1753,237.03397145968128
1754,3.3710471495733714
1755,28.32280398417413
1756,-5.872886252317542
1757,-41.563319448506505
1758,14.973632135520688
1759,-139.99066828460832
1760,140.82500896018604
1761,97.97257732369867
1762,239.8515899962593
1763,215.29630145877206
1764,-33.852069899425956
1765,10.972162272749046
1766,102.20884278263324
1767,259.20226388762785
1768,90.77473836841075
1769,210.46115582354707
1770,111.55099462048591
1771,118.038178918568
1772,120.22093675479826
1773,107.53541264430427
1774,281.8384396302256
1775,163.55836458666602
1776,222.67400779122818
1777,230.5512289718378
1778,-109.87346182070125
1779,-16.201966428178707
1780,164.78754881406957
1781,45.00657216369632
1782,-58.039148446251986
1783,104.44823304256435
1784,-86.25422116642093
1785,92.77681754559332
1786,284.5619629646781
1787,121.29214210441101
1788,115.83147419448048
1789,-221.92426435429365
1790,272.3352137599522
1791,263.00259575090536
1792,-51.8773330511775
1793,274.227666944748
1794,250.30553715615616
1795,239.92368014818447
1796,270.5000813624615
1797,117.7203156707628
1798,-194.61235372842913
1799,91.60784281765807
1800,-360.9494169768063
1801,272.73764040730015
1802,-9.518840021288753
1803,74.90289220394408
1804,-31.90472453535442
1805,139.80989415121374
1806,162.54856818435763
1807,21.700686855752906
1808,-20.102891335452682
1809,99.85986206356648
1810,225.6810295817201
1811,278.88713718654014
1812,154.87271426758554
1813,168.91353418373572
1814,277.02502443572723
1815,124.21133643792093
1816,52.6645619004189
1817,36.8508951869531
1818,117.44933929260833
1819,-102.9416671436037
1820,86.8199051469418
1821,146.9991087118541
1822,120.03307294180374
1823,10.882941447111136
1824,102.97746760892294
1825,-28.533622415835552
1826,11.588407221869076
1827,249.49327307731437
1828,169.53351658518127
1829,-27.153116161194944
1830,-267.1543828505498
1831,101.80679636582774
1832,65.11311731404965
1833,53.3055918979386
1834,252.885692889874
1835,140.40029077844633
1836,266.53291085186623
1837,259.3438931939801
1838,10.42695026697561
1839,-101.63439235603678
1840,11.669585358360067
1841,271.7194455749111
1842,108.03554024218364
1843,249.80886405885008
1844,26.31182719337002
1845,-15.770178563377431
1846,284.45514031995674
1847,271.01708386164967
1848,113.05012084200632
1849,119.76610477848986
1850,117.18510636844411
1851,145.29420466008884
1852,-67.32223992254585
1853,49.86794188870084
1854,156.4528611445681
1855,12.539677821278502
1856,-12.636411713929903
1857,243.73592415626285
1858,-79.77188269228922
1859,83.21159723233706
1860,64.51065479417487
1861,254.85432497047225
1862,136.8780494090317
1863,150.20163326889883
1864,104.83776792625184
1865,10.567116678553205
1866,39.399434284732784
1867,24.070530360020264
1868,70.97872100566414
1869,24.09589713721674
1870,-179.5218911280875
1871,45.11267457487345
1872,89.33488346039219
1873,43.14560184760899
1874,151.85954895773352
1875,133.67091219080237
1876,73.5632068820876
1877,151.22010129195576
1878,168.89346651924612
1879,67.25827826454874
1880,298.22514798715633
1881,86.95609360626331
1882,231.6327359655849
1883,74.15048166326935
1884,135.85249967610923
1885,275.64729840351663
1886,-2.761987811864202
1887,257.0831866234024
1888,241.30446462856645
1889,27.32355501498765
1890,158.9314496578456
1891,143.12479564511872
1892,261.69537985111947
1893,88.54659860138776
1894,90.22438583484039
1895,297.3346260106646
1896,181.1784439548943
1897,7.762565802281031
1898,223.46056712547932
1899,225.1339411120371
1900,263.2537376339264
1901,28.762393759416426
1902,247.39059970715547
1903,-28.56395018498833
1904,145.83653987875866
1905,112.80608804108633
1906,83.3263184132891
1907,-34.7506846092146
1908,-23.944376605220782
1909,128.69993297009916
1910,-61.36037676711099
1911,27.74013292941251
1912,27.481705823492945
1913,235.93823656847718
1914,-271.05382478837726
1915,-220.96899466646659
1916,275.9889252722042
1917,-77.5607442084805
1918,52.55826937981158
1919,125.41616214603813
1920,231.5106116957512
1921,103.86320571808201
1922,136.15302592768919
1923,148.09762546402166
1924,38.601147700132856
1925,270.5229550751249
1926,142.45170045049952
1927,39.77737902246815
1928,100.17959675523835
1929,274.5787128153711
1930,-34.23426294745086
1931,-106.64679288571841
1932,-129.4092750416463
1933,90.36241607127997
1934,-57.14207384467929
1935,103.7233081914484
1936,223.6948091160509
1937,165.99358079291673
1938,154.56966376160256
1939,8.317955344058547
1940,151.21218383670708
1941,125.74707412772096
1942,19.64531889739608
1943,119.60242087008898
1944,114.59935060729188
1945,149.62935826743703
1946,11.880319309628945
1947,235.75986291123672
1948,69.070965375567
1949,96.79011738462489
1950,179.133584226064
1951,264.954399787505
1952,248.50851267363146
1953,100.34902910475584
1954,274.4267991361737
1955,58.07861695891735
1956,219.67377766666073
1957,85.8090588895806
1958,293.53221379780234
1959,256.9996337109368
1960,116.39851511276979
1961,62.747434958413024
1962,89.26343721167542
1963,257.52922529790453
1964,166.02859188192647
1965,222.5710891011344
1966,14.18540649019549
1967,153.69303535238342
1968,-100.66499358450443
1969,59.02331573168935
1970,73.22150395773347
1971,276.0480514062514
1972,-16.11370327275492
1973,119.41569159527235
1974,231.5251155274728
1975,151.51691122861095
1976,-151.65989850525062
1977,149.4871702275335
1978,175.2794773000923
1979,26.529825244076335
1980,37.223637600562284
1981,147.06166693972133
1982,93.81124841337936
1983,177.69014348729627
1984,265.0344486262583
1985,269.4570243859126
1986,123.14709914225512
1987,249.19426162911282
1988,116.47691806642676
1989,130.82644229330072
1990,126.88657550422201
1991,101.75783866423635
1992,-18.237070342521847
1993,-51.269772556735404
1994,245.04914399787862
1995,-21.735712080405534
1996,-79.48404944133705
1997,63.841375145462976
1998,61.23486770363566
1999,87.01334006379554
2000,73.46664356552837
2001,153.0321794032707
2002,223.37821332649455
2003,244.87200688445915
2004,144.58459048241866
2005,70.88809370777994
2006,-48.648363728011574
2007,265.56356336370834
2008,269.06360581951037
2009,49.72378458032951
2010,134.1877938477415
2011,95.65150490902266
2012,206.5866934793504
2013,144.48740602798645
2014,27.990809698138207
2015,262.21215297993
2016,45.30880283729989
2017,284.8988448040054
2018,-12.413776616289297
2019,84.30945725084847
2020,262.2954666603083
2021,134.91814784135195
2022,-45.46074507282057
2023,117.10642473506758
2024,-49.72768241568421
2025,104.10076120230656
2026,-32.89298466344876
2027,156.47979649451165
2028,63.87525485309486
2029,-20.15770694491944
2030,118.88761153568305
2031,93.29282292874385
2032,142.71407675167382
2033,263.10072918131243
2034,280.7629719134802
2035,11.619949154709772
2036,259.1126138834151
2037,166.90503453908866
2038,138.4523942097564
2039,91.72887895081114
2040,155.20151909270507
2041,245.758322513076
2042,62.793471600054076
2043,153.5795556590123
2044,89.41255351297582
2045,72.63853450294287
2046,-94.95142543059735
2047,128.66833424385183
2048,128.46161875751247
2049,262.27336590675714
2050,-46.50283398097356
2051,-21.01631792964689
2052,279.779619991278
2053,-54.890620394654434
2054,271.622390161828
2055,-88.53993205049511
2056,293.3706538636218
2057,248.078807468941
2058,228.71596097813313
2059,278.48530709981196
2060,265.9593802910531
2061,-49.66028958571672
2062,281.8632926913191
2063,0.4587125184563092
2064,278.3219750610039
2065,169.54177958137703
2066,272.13734255333696
2067,94.34057582212546
2068,277.24159658339136
2069,-26.793525211500977
2070,-42.24066046115236
2071,244.66629367483085
2072,48.38631474654483
2073,164.8854168612095
2074,270.93207744679387
2075,227.80709448117113
2076,-43.75469321744886
2077,182.87126530284033
2078,-45.9576142567024
2079,28.734437486861395
2080,8.831576904333375
2081,-92.19087164927558
2082,172.0879918748475
2083,265.46703497063896
2084,126.74335178814515
2085,121.11646493926791
2086,-55.36310334072344
2087,-74.79611046116415
2088,90.0018204260712
2089,-47.13728411603374
2090,29.421789694227755
2091,107.5730927512337
2092,163.02055899046485
2093,-80.46527035921883
2094,189.6620958245564
2095,271.4498356719166
2096,116.49842248450267
2097,154.70055500703054
2098,-10.773792252771045
2099,19.29229667024073
2100,-61.539554342577745
2101,222.40523178878428
2102,75.20344962055552
2103,124.80291528905275
2104,137.2540345626091
2105,51.62679786536819
2106,-49.7018863473934
2107,96.92189181733255
2108,25.32422058549365
2109,237.38939881312527
2110,176.39100661529343
2111,239.31898719416782
2112,125.61637188331507
2113,211.8262160557273
2114,176.56553949169572
2115,269.5154354272761
2116,68.87063090820672
2117,139.04595193591499
2118,111.75917514713497
2119,82.33477932872756
2120,251.6537275092236
2121,87.39181068672283
2122,251.22102300743305
2123,-21.989117598166146
2124,-117.37339628027169
2125,140.65605842973667
2126,116.17117732838035
2127,-94.22248624897955
2128,161.65912563102964
2129,13.287070189865133
2130,166.60516154654175
2131,116.64373353889447
2132,-80.38468378956199
2133,234.18089523535153
2134,-53.228190104357935
2135,-59.36976940393652
2136,227.57289367258514
2137,150.08240149260322
2138,284.641347339969
2139,-25.654298501061575
2140,176.23777817370998
2141,53.06854435038773
2142,17.623702672838434
2143,139.96526321100066
2144,163.64542792042047
2145,-14.414209202359913
2146,272.09409578479716
2147,262.284050627719
2148,104.86122906715991
2149,187.23666917843667
2150,122.68389250141722
2151,193.08639558303628
2152,250.41831739232288
2153,256.8694617422263
2154,109.22703794266897
2155,137.581958325894
2156,145.59577225906074
2157,-115.66079909340863
2158,-68.00497332976059
2159,135.4801010309678
2160,145.72417694879078
2161,164.90372418745545
2162,252.5109207619621
2163,0.016436243987882904
2164,-67.39966169054232
2165,249.55952464596552
2166,160.82508879779684
2167,97.63249422878083
2168,121.02051994223851
2169,-3.9882396091949914
2170,-93.6917153524351
2171,138.9228817386603
2172,37.781215003825594
2173,140.89197865796532
2174,-54.67692858989508
2175,146.6011580675529
2176,-92.73927207308657
2177,170.48631255139514
2178,230.0601561449516
2179,36.01079908479187
2180,135.47606602289693
2181,221.37006314433495
2182,253.05398274903212
2183,193.25542063897336
2184,144.06543560106886
2185,283.0985073456146
2186,17.1986564846094
2187,289.58372730624103
2188,135.95885748944204
2189,272.5512332652368
2190,20.335848027174467
2191,288.93767311615306
2192,22.582620362887187
2193,287.1087729887997
2194,-0.7447272600050496
2195,-18.41784588471745
2196,172.32231765787338
2197,281.91717324771207
2198,210.0333921470588
2199,246.29898184804694
2200,-45.21536936010389
2201,199.55206831087082
2202,24.429518889367273
2203,153.76338884718893
2204,10.225140126306044
2205,153.39117937979162
2206,-14.090738801634188
2207,131.0061241851562
2208,-184.5223375044045
2209,7.2335665873736446
2210,270.77547037728465
2211,158.678152776127
2212,277.514505435736
2213,44.935807138980834
2214,115.13528375587575
2215,28.525501510130653
2216,265.7145364718188
2217,-4.615417349392288
2218,251.95944457710135
2219,63.763124151455514
2220,6.1258835699118634
2221,111.02437635896949
2222,198.79543620248543
2223,138.86109763532468
2224,59.91097710232765
2225,273.02100747581903
2226,224.8954974575402
2227,-49.90742160713582
2228,92.71539748953705
2229,270.7011074605557
2230,218.88328567896264
2231,175.21722800703026
2232,268.2620660235382
2233,136.10520765903925
2234,135.78307266776102
2235,-7.963643087978909
2236,162.8953776203851
2237,147.7065486063095
2238,-41.95050915341399
2239,-16.3672796155506
2240,153.4833389054324
2241,146.62170208756604
2242,-48.439948434085295
2243,-6.265903202185186
2244,49.64737747328954
2245,165.10037982035874
2246,151.31993662256644
2247,-78.81757980472293
2248,255.22491509510294
2249,130.0571921105577
2250,77.04978523049981
2251,266.69465660123194
2252,-59.01394462376548
2253,80.77775661061786
2254,118.43138078685068
2255,94.91733278535739
2256,20.192633659879462
2257,-77.05523482483403
2258,213.27585487531002
2259,220.0348290830346
2260,15.643854257074423
2261,259.11319199111784
2262,82.1903126881347
2263,134.1202849835789
2264,272.037278233057
2265,-61.05354729660927
2266,146.1787880861041
2267,273.2164929064959
2268,167.068657121702
2269,171.07313758593673
2270,85.5923765608831
2271,22.564930448894728
2272,-61.94296073300882
2273,0.021037631950747482
2274,220.85846701328398
2275,-16.278193164759017
2276,132.81684128947913
2277,-25.604087544578462
2278,-66.82555332266426
2279,191.96422457565012
2280,177.4083631238014
2281,290.19801050627825
2282,254.54895421168965
2283,168.80384479800307
2284,134.4842824985334
2285,215.64430939685565
2286,184.73018627718048
2287,260.4973474131068
2288,140.0117737150727
2289,24.047363630621646
2290,136.67507367892773
2291,147.5135888724777
2292,-138.08756827013076
2293,163.06188744557957
2294,-20.949376987720072
2295,281.2824595270322
2296,105.08592216212035
2297,255.00547928496434
2298,35.0566549827478
2299,231.09647718498493
2300,99.34917480395694
2301,70.0535435986758
2302,281.5777232575571
2303,78.07334083582224
2304,116.41312941496398
2305,-15.84866835031184
2306,151.826274148861
2307,106.64128476670045
2308,31.06872764783617
2309,4.750943650206551
2310,150.98557003928101
2311,63.96331113693792
2312,244.85234027465984
2313,143.92544459827218
2314,165.0793954930336
2315,98.65440678772158
2316,-15.614878598171885
2317,147.47897184382447
2318,278.26175385097434
2319,15.822926361870174
2320,144.4050518323986
2321,181.51087047003196
2322,49.91714699643455
2323,-279.54553170921395
2324,273.5607223407678
2325,118.39461233319817
2326,-79.18294829426999
2327,266.35539221477023
2328,101.88248687349552
2329,-82.78267679262665
2330,171.23522106531527
2331,137.16598922814913
2332,-257.7169753800091
2333,14.805755387564517
2334,271.48602708261706
2335,148.42237051804784
2336,22.904129812219452
2337,-87.5412400138348
2338,86.49669550714914
2339,273.38963378599976
2340,-29.08415530015496
2341,254.09891119230107
2342,79.6394527040469
2343,56.19112028120837
2344,171.71597777199906
2345,292.77541918171903
2346,259.7483132959135
2347,162.6525080711223
2348,100.95314538958762
2349,133.42188825197871
2350,148.77787548340382
2351,88.63459828189532
2352,74.02283971740455
2353,125.38227762474574
2354,157.16027891690086
2355,247.57986709321696
2356,182.8247948705846
2357,0.8042287144745697
2358,-75.17652337565539
2359,259.86732260391705
2360,-64.88135821372549
2361,249.236084811781
2362,266.8370614507203
2363,256.60128210065216
2364,245.98873998683004
2365,88.27392776017801
2366,-15.449934283494756
2367,218.39001149721764
2368,-77.62647218068079
2369,271.7029984868946
2370,-339.0695766896912
2371,275.43654688664515
2372,128.43839435458347
2373,293.2864561825481
2374,-8.021609449495784
2375,284.28664756559226
2376,90.11610455890566
2377,256.47488612625796
2378,134.33763980662835
2379,238.03515463153983
2380,-196.90765097131725
2381,148.83406769346405
2382,241.31749485445096
2383,250.04044381290973
2384,202.91570930986774
2385,149.04966703406117
2386,36.299479259636186
2387,277.41699776536757
2388,100.22204358486057
2389,275.8814509045835
2390,171.2152571059755
2391,277.7581832155241
2392,122.58743927601748
2393,197.115045031771
2394,148.13545468330346
2395,11.66140785501375
2396,-53.76257573422757
2397,-82.58546065128208
2398,137.56704980903183
2399,136.2944494459387
2400,221.58571685691993
2401,151.80413440569947
2402,67.39483139463655
2403,39.70476759698684
2404,251.83761228915856
2405,-0.3062893767715451
2406,256.09234003338565
2407,259.6206632609313
2408,5.85525976180287
2409,-95.90964369464162
2410,261.7775949300809
2411,141.67737519383263
2412,143.40071530291544
2413,156.73260769523333
2414,108.46561674756671
2415,152.6338781827036
2416,207.56565490559095
2417,203.30421767815903
2418,80.52575186528725
2419,160.46561988032235
2420,63.37063038506656
2421,288.03311859207975
2422,-66.5393849176119
2423,112.30514018608812
2424,148.59795257352596
2425,159.73248030238787
2426,266.12058793219234
2427,146.8304790367828
2428,208.8430164405944
2429,-39.68309206581034
2430,84.92915332511011
2431,245.84982472657245
2432,251.155842405322
2433,281.4030353447591
2434,153.57710355968737
2435,94.19136519183573
2436,119.52385842117079
2437,131.3752867686278
2438,170.17174899930916
2439,221.60534978238948
2440,-45.29702892697067
2441,110.74621405973541
2442,158.15504026747655
2443,235.77499256585685
2444,-249.7690029479627
2445,286.30823816423776
2446,172.02812273327032
2447,-155.84964778085305
2448,-57.2917110782305
2449,33.540573684017176
2450,133.20291538320706
2451,7.708553324459345
2452,100.35201277925701
2453,275.83630072407016
2454,132.07847044653974
2455,-79.40689917855147
2456,119.94277251028178
2457,93.30584699148433
2458,115.10695742180238
2459,264.2566280031524
2460,150.0425471763667
2461,172.29075182776913
2462,139.80873357988915
2463,-37.872477088873836
2464,179.58133573581193
2465,135.07432106619459
2466,17.461939427715052
2467,215.7116113770639
2468,138.47233291524148
2469,52.941765606890456
2470,92.82853171960163
2471,246.51125261012095
2472,255.20255093399044
2473,162.45422036460292
2474,-53.77174675597787
2475,161.54130556748513
2476,164.77771956469536
2477,225.14806842916568
2478,119.42899692877957
2479,-57.20077296503487
2480,-84.14548902985882
2481,261.8171337618659
2482,138.2239834988428
2483,-63.21606172015036
2484,131.03662457391542
2485,-66.39548735794138
2486,-33.20022581512079
2487,-234.33363142063556
2488,71.28559676420232
2489,215.23391624842245
2490,242.79202112739463
2491,254.47205528783383
2492,24.824235181065664
2493,267.74491618407046
2494,157.6089451509752
2495,-250.04511881416494
2496,-94.16833659946332
2497,152.7227600200502
2498,-310.6768151604218
2499,273.37333279879215
2500,253.91517311444005
2501,268.9896039548231
2502,-22.074153109536496
2503,251.5025682270355
2504,135.15120379573077
2505,275.2938954164873
2506,124.58591713513543
2507,-45.61896365383767
2508,7.849223172611403
2509,-79.67489382629094
2510,139.63692204736165
2511,163.3190223205649
2512,141.1894096758627
2513,271.970016139921
2514,-22.889394546782412
2515,75.35459513075364
2516,17.284748631376356
2517,120.52947265769733
2518,-41.06206405793968
2519,215.0968524009305
2520,34.66805020327212
2521,109.8557448872074
2522,270.2163702639221
2523,286.38187761400593
2524,109.47686779049556
2525,-71.61721835837996
2526,172.49961925515248
2527,-24.53397739041779
2528,290.3914260457136
2529,37.67220164766994
2530,241.34004589213149
2531,124.59917075188572
2532,279.58364503759003
2533,250.66294733022343
2534,215.70522123486313
2535,-56.908153726659236
2536,221.96703162636533
2537,167.87031780152068
2538,212.73625274486915
2539,-116.79912071174755
2540,239.06820458311353
2541,253.73049623121554
2542,275.17450647768635
2543,44.66735322291358
2544,92.11674469305726
2545,252.84932116477444
2546,-9.247921637928613
2547,149.61412157756558
2548,4.971262010631733
2549,105.04815179931994
2550,98.38998970295769
2551,138.3707777616822
2552,-4.2961537957714455
2553,290.4934743816114
2554,143.6475998843287
2555,-50.077730831832504
2556,-49.362545342079954
2557,173.573220329262
2558,-34.54371222464766
2559,-81.81429765315207
2560,146.38757686391176
2561,262.4106306615458
2562,120.39025036972049
2563,-70.90392452344031
2564,-16.74446934075459
2565,278.2014801216809
2566,73.70919816786198
2567,275.7898514429981
2568,287.67360334547624
2569,58.63782356276329
2570,121.06976074101358
2571,123.36537738480492
2572,-10.682778796516345
2573,242.58888924322358
2574,-24.625519404640798
2575,215.2159920097523
2576,-2.530040301848004
2577,128.68039356613795
2578,-38.07566465321956
2579,287.94937487893066
2580,-37.66655116186186
2581,34.09484855949373
2582,200.1456202538195
2583,-18.261286568122543
2584,93.63540089669193
2585,151.99946910649567
2586,273.8794849202571
2587,241.66495095069257
2588,141.43935897035612
2589,283.0137244101958
2590,243.53380999523566
2591,171.84074773669295
2592,-130.4515799014625
2593,293.8577101166835
2594,260.61464909032986
2595,211.91292933151277
2596,150.72987322623047
2597,-0.5495892944126552
2598,185.57647549558766
2599,67.33235216951354
2600,142.01505616783058
2601,-74.71623222513281
2602,123.49804676418995
2603,118.34351240356055
2604,-7.766885183673594
2605,44.416296273307175
2606,262.15088009664885
2607,223.40970809899466
2608,-69.17856356119997
2609,269.5745226992102
2610,29.313581882947517
2611,-12.21771057204009
2612,216.17568952658058
2613,77.50592401643372
2614,159.09691239985153
2615,39.045847424132305
2616,161.36454396901482
2617,153.42298192294743
2618,224.0794352226191
2619,100.51555193260093
2620,184.56631956584363
2621,219.77127993229317
2622,210.85002723700111
2623,173.1895952146823
2624,-41.14913621989527
2625,-42.204897820536175
2626,76.5842351184699
2627,58.800700475807275
2628,274.76409777628294
2629,-202.9403197087442
2630,260.58569370611906
2631,173.14674727406162
2632,190.00509613640796
2633,164.25193397743277
2634,-9.184869872930918
2635,-22.8691110006003
2636,243.19437260707707
2637,156.76284608690682
2638,-20.412365567863162
2639,237.05543152879352
2640,236.99633833135763
2641,9.918668053481426
2642,153.20880339826317
2643,244.7194119905799
2644,224.5358675243087
2645,251.30395452451427
2646,-106.06619325557946
2647,162.70952949566316
2648,240.25637940581052
2649,219.33114916640795
2650,72.65900350223318
2651,160.00933345258775
2652,143.29838186690924
2653,48.59806298138611
2654,287.9313486600755
2655,-25.73640331778411
2656,-10.413064666776862
2657,-41.52176616279678
2658,212.3697532843158
2659,-33.63158502705453
2660,98.95117478864134
2661,-37.45091862173497
2662,-22.5895384922228
2663,184.88392377048393
2664,258.8806539488253
2665,261.9370746650916
2666,13.69119735872485
2667,187.0532946130255
2668,-112.58644483571098
2669,-201.64429772803885
2670,126.67103096494058
2671,182.7381859146017
2672,262.24480050865407
2673,-30.258747388980183
2674,147.19376216086357
2675,131.57461509455922
2676,290.8246235569328
2677,158.7514652055071
2678,178.6932190809954
2679,-61.40973219950468
2680,157.99380105128918
2681,-32.24798334999676
2682,26.82412615188761
2683,-71.40247970927098
2684,15.245630775281626
2685,248.1035335473048
2686,-83.60032773191465
2687,-95.50501292424033
2688,55.97558686246539
2689,216.66004457515027
2690,113.79161272878542
2691,128.3771729456887
2692,157.75234013078804
2693,-45.82140229068996
2694,268.43695700103154
2695,-45.46668395343707
2696,263.3613669682794
2697,255.84248953802566
2698,272.1072125389113
2699,112.92073806610425
2700,128.41337188616126
2701,111.11326450417936
2702,263.67357505330705
2703,232.61980899469793
2704,276.7453280729633
2705,-17.2428679042888
2706,134.28853639054037
2707,-125.94165470070476
2708,107.3171154370777
2709,-44.388900408320055
2710,7.125809031648288
2711,198.49850817666973
2712,25.33777739910468
2713,100.45720084002268
2714,275.39256125607733
2715,271.7214666496319
2716,-74.24781371645699
2717,269.66590644518544
2718,272.95150930361643
2719,216.2777068259299
2720,90.33397394673644
2721,221.99824189915273
2722,260.3468499293781
2723,271.01257285699194
2724,166.35989796643386
2725,190.29762687488255
2726,-238.80640244222204
2727,50.3090792347773
2728,58.64781817340021
2729,206.0671570215013
2730,136.98647449055952
2731,134.95578769561664
2732,-25.504908028155427
2733,166.1844937315919
2734,158.4830235295791
2735,-217.2946924224353
2736,155.31164106461245
2737,251.7602870815235
2738,246.65549151342879
2739,118.00288747396071
2740,139.6500729448939
2741,211.9314392584811
2742,-45.75814751395629
2743,227.77694690170858
2744,291.0673211107125
2745,132.1163070917599
2746,127.66285163704852
2747,134.2646079197176
2748,175.9085380567578
2749,280.2836381704
2750,113.60662110601412
2751,-22.353263363299916
2752,144.30607527176304
2753,280.4486712008294
2754,2.579100161112507
2755,99.59662496808944
2756,79.60590134390743
2757,261.62114958880653
2758,259.75939809746603
2759,157.3045058270948
2760,-28.023848525772536
2761,271.9850806153768
2762,148.12868510351896
2763,232.749493140549
2764,137.78268020032885
2765,78.67448983115854
2766,123.30357481472386
2767,-31.779541481387483
2768,-97.31362749416006
2769,100.32992600692307
2770,103.75394857364377
2771,155.49048326786144
2772,303.0651711489805
2773,118.36139094838481
2774,86.22613334817343
2775,159.67429742436084
2776,143.9341732098519
2777,-4.942011700178526
2778,216.63393049295092
2779,155.9369279279383
2780,135.62458052269946
2781,-149.66697609824718
2782,267.4582670850551
2783,56.16649902296473
2784,267.0796659845895
2785,273.06714872492057
2786,270.8760347322366
2787,162.95137725631344
2788,285.85043167532024
2789,135.0390387722362
2790,270.52000565610234
2791,127.29290055382113
2792,221.90269501128415
2793,154.57090646581756
2794,220.6747507931281
2795,279.7607997318851
2796,252.3931117007874
2797,124.10538932714628
2798,241.11330464127755
2799,283.07110022680433
2800,167.04402795179453
2801,264.71864414210614
2802,124.58899581666812
2803,-2.1057166099325713
2804,76.07455561353929
2805,141.34927980420505
2806,254.1679863566705
2807,134.93486681542194
2808,262.0290080447394
2809,140.1301800337157
2810,-3.0454618786608876
2811,147.26518332100935
2812,241.0871365154393
2813,92.73992138156088
2814,245.80754507985472
2815,221.6709495080652
2816,-81.21483570709186
2817,-60.753392269599374
2818,267.1271757859157
2819,-71.65125534605083
2820,20.182104123446663
2821,73.03103899411838
2822,134.72907392446402
2823,172.55974728619387
2824,300.206028136806
2825,148.1796119711922
2826,78.71406902458352
2827,-3.2839081118151796
2828,120.31086049452124
2829,3.957145139872054
2830,241.43629973883242
2831,88.96583110700324
2832,125.30275984532305
2833,198.83603402621466
2834,90.49244606726964
2835,282.9696992739975
2836,164.11089385471686
2837,110.2264978113749
2838,247.20956406844033
2839,262.41692829589607
2840,202.17383016503385
2841,141.54843663618098
2842,-51.95516729066894
2843,162.83030182594845
2844,181.3472050743286
2845,153.1760995435495
2846,85.40933084046699
2847,37.800563637840156
2848,264.0330573519718
2849,144.69733870041046
2850,64.22745766564596
2851,136.42257015551147
2852,177.35974603114175
2853,84.90608935222465
2854,28.24597978794577
2855,149.08863591288122
2856,46.62797275149626
2857,247.5145136094121
2858,273.54308985638335
2859,41.2349590899564
2860,188.02081068276095
2861,261.48448474713575
2862,213.11782352423637
2863,34.09040509319897
2864,102.33887382497359
2865,112.62252518031448
2866,-23.102190395311894
2867,56.891656326072706
2868,106.8242157048606
2869,146.81274190977146
2870,128.7995821361225
2871,264.82247045275255
2872,116.50082833767675
2873,151.71664540064413
2874,208.89986654840575
2875,282.8400631241944
2876,141.85484606249042
2877,-3.6010001883252585
2878,259.3464343723513
2879,-1.132993722537293
2880,143.2464090287864
2881,168.33742982058226
2882,144.64889232912833
2883,-100.99023958688888
2884,287.97090068271814
2885,2.9327157916337967
2886,-143.40279023415604
2887,150.97817854367386
2888,235.84805601876513
2889,122.58514423542957
2890,-32.3650826602866
2891,80.8657115480229
2892,238.96715167832687
2893,156.33526491245516
2894,222.85696369766072
2895,262.66106517352546
2896,286.547243988379
2897,293.25617836792617
2898,259.5963877269031
2899,-55.134080434230114
2900,231.42702006776128
2901,175.87748720507633
2902,288.71069829279844
2903,263.0594383964915
2904,140.0327126335543
2905,-44.61036339297574
2906,117.99608661461448
2907,-34.199103447179496
2908,124.9477909785632
2909,-116.18553984823578
2910,162.77838221735846
2911,133.97903031660022
2912,257.95450478252235
2913,37.20223756555981
2914,-62.8106363552823
2915,254.75426969478983
2916,144.09897698077103
2917,-46.58615742887707
2918,249.99256453500232
2919,122.24133776633182
2920,65.38488423954642
2921,114.31750653865078
2922,215.13217078098177
2923,-82.89483337777715
2924,276.96363730775477
2925,27.929557292563985
2926,129.17418330338882
2927,0.24638722888920483
2928,115.76413230565866
2929,39.54248276020522
2930,83.97998062981986
2931,194.68355215788472
2932,-41.138881298311674
2933,113.21826093122041
2934,115.36028464650828
2935,224.68367934020858
2936,-43.37910113250039
2937,158.23748297603916
2938,-81.8693556801865
2939,244.5280922065793
2940,14.940541590804514
2941,-59.037580790115335
2942,250.3535893266043
2943,-129.0321055802129
2944,-68.15400519084396
2945,214.7838200767635
2946,-36.47548565423166
2947,267.85638513170585
2948,-34.60699632426544
2949,-35.52265719511769
2950,123.72313596408506
2951,151.3345449082602
2952,-93.74428597288353
2953,168.09682279164255
2954,21.632185695773856
2955,271.52230518713185
2956,-80.01720895092988
2957,-107.24117476153204
2958,-59.27717574859105
2959,173.71387054439137
2960,23.81582397469606
2961,-21.245443895665076
2962,50.594923951305276
2963,264.0130485979956
2964,243.6245219545571
2965,223.98731159813462
2966,290.31689505704304
2967,246.5891540396929
2968,181.64864153376058
2969,61.58165487073913
2970,94.00107920116713
2971,126.63382727994987
2972,282.4093682951286
2973,159.79161582575944
2974,-32.065461228069935
2975,152.621572282401
2976,153.19563865670008
2977,30.580095369663127
2978,-132.09722493632495
2979,-35.29538974706614
2980,-27.7898398530064
2981,278.72547610151935
2982,155.08416719120905
2983,247.8195961678455
2984,171.41205412539625
2985,230.4024201416556
2986,266.7615459378811
2987,-18.242358297768305
2988,128.78639172819328
2989,258.25846910423223
2990,268.86872733169184
2991,-73.27689277583865
2992,236.07748889325592
2993,132.49172290916653
2994,103.3895301646329
2995,261.37675311319333
2996,152.94705706194014
2997,163.72481857788782
2998,280.05230457622616
2999,172.3182918638754
3000,264.9055340210133
3001,268.1163705994883
3002,128.11150270576573
3003,112.51259559035182
3004,162.1163048694943
3005,229.22087085805353
3006,213.66573129477513
3007,46.31542973002423
3008,195.69524028294313
3009,112.8392142065112
3010,265.2330269783135
3011,136.17913619923826
3012,242.50652828842368
3013,-34.05743441573799
3014,280.6286832597236
3015,107.81810700747454
3016,-10.713549179299434
3017,31.551559963600795
3018,210.1665514620694
3019,-1.1812496015610634
3020,-6.424487269552657
3021,238.1120202808001
3022,113.53946391127137
3023,271.5466996495724
3024,-68.79632581913535
3025,-32.37075367915085
3026,-37.301601426189805
3027,-202.1034846728587
3028,-47.38797729302598
3029,277.7532394134085
3030,88.4855795667605
3031,-97.32511365737247
3032,106.14720079614936
3033,-75.9153739479331
3034,133.98592918051506
3035,244.50272248086628
3036,204.68664205667056
3037,25.39010084068818
3038,-29.900652374315655
3039,192.41881876076147
3040,20.314173254249184
3041,261.7127861799142
3042,91.584971634159
3043,99.76532205100587
3044,-53.38067608923645
3045,78.31074177184172
3046,283.7206987086708
3047,58.798430134512245
3048,-12.042192821997006
3049,149.82313754764846
3050,206.6311436116641
3051,170.43706631163016
3052,146.61687824328274
3053,-5.978755622481586
3054,122.08614399053944
3055,282.2563418823984
3056,112.99535352222925
3057,129.66832678158244
3058,115.39711351080197
3059,249.30646328197773
3060,276.8364019554293
3061,272.84188004273153
3062,106.04048261017297
3063,-51.02015760021122
3064,268.2620891631718
3065,5.623152724998391
3066,157.4611964444975
3067,105.06238297472338
3068,149.36820126173143
3069,114.97434849867987
3070,275.96051245110914
3071,202.98830039711004
3072,285.842946345402
3073,-68.31607629608752
3074,-139.9275738901325
3075,272.37677309620074
3076,242.54983180217155
3077,216.33000598558368
3078,280.8043604945235
3079,-56.478156586090336
3080,79.07970932539688
3081,279.87913649247696
3082,289.87580973932245
3083,-25.178674736015044
3084,-88.8093495068977
3085,127.73027563398648
3086,152.45156173355525
3087,76.8836110314514
3088,78.25151862523441
3089,0.5736976090166763
3090,271.15236694816895
3091,250.0292866721234
3092,30.86956550827665
3093,267.7793184074231
3094,141.39285122990728
3095,158.12203783762612
3096,44.55907355149236
3097,-25.85829640587994
3098,121.83907581356394
3099,-59.47426165382253
3100,291.96215094413344
3101,273.22095732690536
3102,272.67614637801364
3103,242.14645885264343
3104,14.16034019860075
3105,143.72991347321954
3106,156.96057990382906
3107,109.04326999585766
3108,-53.075846475759846
3109,262.5749880604584
3110,263.0362189605701
3111,260.2122925845799
3112,145.98183763963274
3113,155.39461206823538
3114,263.52508271817317
3115,154.99154939044826
3116,274.35053400351023
3117,93.57244148832913
3118,90.133458603495
3119,-198.8976518638995
3120,241.45683919369955
3121,261.6591164828999
3122,164.17243814343624
3123,-28.778135197085035
3124,206.39480685318676
3125,28.132650639752512
3126,98.18023699884573
3127,105.22633106627994
3128,-71.77672460169653
3129,-45.49202229248398
3130,9.469328863882282
3131,146.51453397593326
3132,284.69346966166904
3133,224.25463005432624
3134,-72.84962432047179
3135,240.96802277602558
3136,-9.928039131186608
3137,246.61929237633873
3138,236.39195153331391
3139,119.66105558107807
3140,256.6894067681583
3141,-58.826070633307594
3142,-5.292119063068299
3143,-8.182299089193677
3144,30.72374301020203
3145,17.989337616738524
3146,150.4450874067256
3147,173.74646229755925
3148,-13.4741702781929
3149,227.4065304893811
3150,118.83854164547303
3151,242.38108470459605
3152,267.11688061381733
3153,220.9732930199192
3154,-83.87682044905276
3155,-31.91360763052863
3156,255.92480681994178
3157,124.94989084453915
3158,-26.20133978699306
3159,75.62689963296259
3160,291.87227993224576
3161,260.43357390074715
3162,286.8956043551328
3163,149.24351088197173
3164,-91.65853604304894
3165,-64.19964665276534
3166,147.49989407750664
3167,-53.40435189756562
3168,145.95311066410795
3169,-69.32550331232177
3170,98.7683468623662
3171,76.84534524469468
3172,238.92027802957625
3173,14.308883430170994
3174,216.54011285821667
3175,-51.74808287238425
3176,238.6200440017456
3177,-52.9566265425821
3178,4.080066320537938
3179,159.82660390464085
3180,157.71857229049343
3181,108.15117871738109
3182,268.998238059818
3183,105.78256712500095
3184,291.7256733106045
3185,113.153209508246
3186,-27.950365179127786
3187,139.4049314304231
3188,243.17786563581558
3189,0.17602227129084724
3190,270.6425959499854
3191,255.36813784409733
3192,-62.027496117358034
3193,259.34706509712333
3194,244.2873852614964
3195,151.94125532763817
3196,-10.280058563550298
3197,135.0776543605596
3198,143.2023503167459
3199,238.74404282764684
3200,71.17763899208613
3201,-58.33410403435769
3202,253.79772121694546
3203,-34.664720218780005
3204,273.76608153738636
3205,123.75429380023692
3206,269.70937796978563
3207,236.07845145474863
3208,279.64205603214594
3209,228.92149534081977
3210,134.84586854402173
3211,267.18046526871086
3212,-8.861812019301382
3213,226.38563066499273
3214,241.52709881080307
3215,2.8627054680807476
3216,54.54468044315519
3217,173.38059980415667
3218,76.83293793539177
3219,-16.544435308644324
3220,-90.92764078842632
3221,218.2229813270957
3222,80.29017287750834
3223,-27.182863089018994
3224,155.86127423773834
3225,-73.09277413044708
3226,256.23360936352304
3227,-44.16266078125611
3228,276.4346852768882
3229,145.1909910534165
3230,210.41449901889854
3231,269.0535786764998
3232,58.59658933912807
3233,285.2475283003875
3234,118.9852688424366
3235,-49.56838486378421
3236,-21.100262928831597
3237,3.018227970643835
3238,51.98417943421132
3239,139.09251321767007
3240,219.81892751404052
3241,236.6060995772204
3242,276.1436912510171
3243,121.40948477096742
3244,-4.699515512232836
3245,-28.638017949127004
3246,210.04775333966296
3247,241.23264071160946
3248,-32.04334553146661
3249,167.47114069957496
3250,4.088691642522438
3251,239.31204485140847
3252,133.10928796885932
3253,133.0716636323814
3254,68.40609159635233
3255,157.50334597889693
3256,230.97341123573335
3257,278.14983382405194
3258,265.68256629779967
3259,95.19721507660415
3260,-43.24330726231244
3261,148.94545794275362
3262,137.15851640015765
3263,-14.272073654347693
3264,-4.687045540303927
3265,173.70548204292388
3266,-14.182708502489021
3267,217.38810553917378
3268,4.5514710460871015
3269,-4.042031996579254
3270,142.0863335706149
3271,33.34008263576396
3272,104.87501541568692
3273,279.2403096805175
3274,-187.73881293993844
3275,253.4308486332983
3276,261.1622939585726
3277,-18.456427593159702
3278,-17.204733280672443
3279,122.95397318434851
3280,-5.311949630763124
3281,11.084820565575953
3282,-45.53105276365365
3283,-6.14989539527015
3284,-11.384315128592576
3285,121.4178024157007
3286,282.618054946394
3287,236.1111176535752
3288,-15.975254933948406
3289,135.49189319255072
3290,168.8337904620035
3291,15.237223920232339
3292,256.78508922319173
3293,4.6004391693290785
3294,-54.706338551743
3295,-28.891511640316267
3296,224.28823158567275
3297,226.96986141203604
3298,157.75744590468597
3299,289.90493060425985
3300,266.7659713878536
3301,-45.92886343518347
3302,122.04467162166755
3303,-41.376135611433355
3304,288.99997320223144
3305,-4.489500093856947
3306,97.31194803210956
3307,256.5438166898657
3308,251.6526509485701
3309,-35.671693107348474
3310,94.04399596150238
3311,247.75526093603202
3312,155.6148289220381
3313,280.2985326450976
3314,-46.50601802106122
3315,249.88004725130114
3316,159.83274945539168
3317,-3.8470635160503406
3318,179.3140926875976
3319,-63.7413339994399
3320,28.98044996741058
3321,133.8317862499807
3322,176.74066612263402
3323,128.73125777699562
3324,181.38599980246448
3325,-6.603009960718879
3326,262.60594269205416
3327,197.37314286241866
3328,286.67827409288975
3329,122.11643224569983
3330,-79.68505321346218
3331,258.63329790740954
3332,258.77389662406597
3333,-78.80250520087756
3334,-82.1214504578714
3335,240.91680799820108
3336,41.378152723503206
3337,235.34073332780352
3338,-19.61217695708146
3339,262.68912167172005
3340,16.06971733738456
3341,282.2057490061783
3342,103.20398651775938
3343,-39.33993181300393
3344,-54.37854983192332
3345,28.20073359426891
3346,165.74795418312002
3347,-23.115747046657617
3348,265.6018635307514
3349,-74.10593894560924
3350,-29.935081003488534
3351,107.69327348778639
3352,267.0690376664305
3353,36.64844322591827
3354,65.58462223900372
3355,-57.870731516921545
3356,235.45965997791208
3357,207.71217510669933
3358,257.6477823832033
3359,226.57632100276072
3360,258.62699038500944
3361,-77.11689903285239
3362,120.06488544974529
3363,154.83490743937176
3364,-83.17463873812147
3365,191.52677207167062
3366,26.906340651830675
3367,-29.881107989691344
3368,122.42274296046847
3369,114.7517608671752
3370,-87.76450601993272
3371,97.21933832802496
3372,146.09619805734224
3373,136.40558634418448
3374,145.7331977478293
3375,-35.22300474883825
3376,250.18165711690276
3377,226.9116753786314
3378,29.92355795903461
3379,-63.96273413501486
3380,276.0835293744496
3381,253.18044309335448
3382,149.35393242690324
3383,5.883922462045149
3384,251.7949233337533
3385,154.55480461570238
3386,-59.43225560864233
3387,152.25323096154872
3388,147.0591343648725
3389,69.79816506920382
3390,256.20606245094115
3391,128.7489525568332
3392,-109.94011329560624
3393,-42.71131378587512
3394,-33.324640429912876
3395,-1.110816003412026
3396,250.84976521401862
3397,14.029808766995899
3398,267.5535847425235
3399,-8.964245223333322
3400,-31.618134880002245
3401,161.83215336642286
3402,128.2427891142013
3403,45.73564837217516
3404,153.65115035507154
3405,37.59068009446864
3406,161.6619142522957
3407,212.46798496580345
3408,-63.84507040486213
3409,220.20947418871464
3410,277.2201125989912
3411,-70.62779769330808
3412,-42.36841761775615
3413,142.6359716084901
3414,-70.71651969317055
3415,157.6585790787432
3416,254.1257225461377
3417,262.77674956097644
3418,144.5263269474493
3419,106.73774255882714
3420,8.209636753557191
3421,160.50877361431935
3422,3.2013305017821096
3423,-8.578320802977984
3424,-58.66340298530036
3425,272.541882837075
3426,163.84108472691202
3427,-4.322156195486997
3428,284.96745594146967
3429,-22.05884314092191
3430,39.555292253767874
3431,176.592584537327
3432,71.87084982386428
3433,271.3149145717137
3434,166.3626570437122
3435,165.20164310334394
3436,241.15194354435167
3437,-44.27894238077276
3438,277.02716914532186
3439,119.05689654911188
3440,128.60748811052977
3441,91.31394116034087
3442,153.7967335546046
3443,280.12900615353897
3444,288.34752766324465
3445,141.05294700906416
3446,-53.89880847364226
3447,-50.62203322728115
3448,122.70218290960956
3449,149.23925886006575
3450,207.16563915000364
3451,275.9759596156571
3452,105.95215988857997
3453,267.74887215240403
3454,219.40003806330265
3455,255.00292377183766
3456,264.6568927990371
3457,-19.162832335040505
3458,265.4529876321708
3459,-58.10323701528155
3460,234.94577542274902
3461,240.9963374523039
3462,263.1937793841612
3463,-36.01863304680222
3464,173.27696531813308
3465,252.572964496427
3466,13.977329027436753
3467,92.18744964859906
3468,105.12695828390831
3469,213.99091743673267
3470,134.55394583822482
3471,162.50571288827317
3472,64.53019278801315
3473,75.23466164237165
3474,82.6315126134527
3475,152.23123187982665
3476,254.82397340683045
3477,296.55067558725665
3478,-19.168308973505432
3479,-46.782696873031654
3480,-53.170777401337475
3481,275.1067464324735
3482,143.58521675463894
3483,145.80912891547678
3484,261.65365237837057
3485,50.719737901324784
3486,257.41285616489233
3487,71.39730087737766
3488,192.22578832058858
3489,-72.13746416667546
3490,-65.71311980989482
3491,37.73271856487844
3492,-49.957986406435296
3493,83.814425812339
3494,283.5706667955933
3495,-12.82989202222889
3496,212.36506316525515
3497,-67.63673660261793
3498,-3.0618546895294827
3499,285.55016438289846
3500,273.8045522368883
3501,13.654589701055215
3502,120.38924967423696
3503,-23.816696299415014
3504,28.393531271918704
3505,269.76315982451615
3506,147.53875053193102
3507,39.28513346568015
3508,96.32753121518539
3509,219.34334120370698
3510,238.18244471942455
3511,-31.780168472421167
3512,-76.27284792363145
3513,80.93983830950955
3514,250.6820928756333
3515,167.56241819524516
3516,160.9612323191149
3517,156.38879507911855
3518,-50.193579809406685
3519,134.6069633476575
3520,123.36353738100567
3521,53.38123765731737
3522,131.09884518613865
3523,166.5116975428274
3524,-63.14812618266029
3525,128.21571009898912
3526,-23.91374592414337
3527,132.18792785292965
3528,49.199353509577946
3529,-18.032525888084947
3530,114.98741436971825
3531,143.0980671026927
3532,223.96513878203922
3533,271.80884531900324
3534,239.310193147009
3535,-39.15783209448317
3536,264.6510459288277
3537,148.21208518230804
3538,125.69480637343881
3539,158.30651905213765
3540,-22.302446327508378
3541,101.73656372057609
3542,112.80492495850103
3543,133.90498431420025
3544,-36.34059292002293
3545,279.2356789371995
3546,276.80002346205214
3547,-193.65567548863447
3548,234.45220384778045
3549,-64.01375342985816
3550,-18.444959821831517
3551,203.50563979052723
3552,133.81694201292282
3553,257.82185617468497
3554,188.66384891226966
3555,28.99528545496267
3556,113.77810394468025
3557,177.98947676434983
3558,149.099092784569
3559,107.71150034955888
3560,14.821578564487652
3561,141.15709452767692
3562,-29.181618938407354
3563,155.50063958898127
3564,255.60329439880277
3565,62.67432831037087
3566,251.09631205958718
3567,179.04309972329645
3568,-88.3444768667611
3569,232.0748592819469
3570,217.52719410132755
3571,257.07542139750353
3572,145.29662043971672
3573,90.51099081591988
3574,99.51211848184971
3575,53.8841197586988
3576,244.77592152602384
3577,149.07992440018154
3578,171.73502052813137
3579,-43.18005872296938
3580,-76.99606877046348
3581,159.10720814529125
3582,103.12313952587817
3583,138.85484197273647
3584,98.44764355384471
3585,124.10985366004047
3586,297.16567250320844
3587,139.8581128157874
3588,251.8268290134136
3589,-29.348729193194913
3590,251.6173926906142
3591,133.2068397684812
3592,257.42914103143664
3593,-34.25330425346439
3594,82.60841087792673
3595,-199.0039176073553
3596,113.95405912456134
3597,163.21476957513678
3598,277.92214949235046
3599,138.39857846655426
3600,193.66441277176258
3601,121.7877348355858
3602,246.7745470829057
3603,250.26036921302807
3604,133.91123933076545
3605,127.56908101710468
3606,125.63028007911751
3607,216.60709030229577
3608,-228.06580873688011
3609,139.04905743758997
3610,149.70777557307596
3611,272.5430008610862
3612,152.75086167579764
3613,42.72097382563322
3614,268.37804316113755
3615,62.773215591195395
3616,132.52348576218037
3617,238.10433319857063
3618,250.53339437564415
3619,262.84531396925996
3620,259.36109272747035
3621,31.914178605996938
3622,-5.567068897745216
3623,163.4958962975303
3624,205.21313292202558
3625,-111.75331161892828
3626,-18.19726551516078
3627,275.5244297312181
3628,135.45133696307568
3629,231.77610896929409
3630,-32.256639759851325
3631,113.85639974978409
3632,90.64160438078426
3633,181.96561490396218
3634,276.83230755641
3635,-24.817346363458867
3636,149.6252412325234
3637,-29.27766721925404
3638,124.00675540806851
3639,28.638945373442198
3640,173.86489193908244
3641,125.85327243713463
3642,248.6211337093873
3643,163.45524437369266
3644,-54.23998491075699
3645,158.37481847826868
3646,247.5507224790859
3647,-14.35603171285949
3648,259.27922463359727
3649,140.47656653992624
3650,-7.240136176731383
3651,249.8996669442318
3652,132.21296156668967
3653,270.5098456004828
3654,24.83919099435805
3655,17.886036116619593
3656,164.4752546831382
3657,266.46446689319384
3658,252.77682327605933
3659,268.8960754344047
3660,277.3262102667237
3661,264.35119913059896
3662,267.23729549919005
3663,246.04610079069448
3664,152.53025452470456
3665,287.18357546475517
3666,132.83194234193496
3667,132.63818804690348
3668,98.89710788216085
3669,140.08480504950356
3670,15.225966475096016
3671,228.59125012523546
3672,-15.298603913376539
3673,256.1414422623752
3674,146.46114453044103
3675,204.71264208727888
3676,-11.635767201778108
3677,264.86994155564724
3678,117.05815803227998
3679,-20.42028557358792
3680,280.00394093288605
3681,127.39610541472504
3682,238.1900401836158
3683,136.64119112191753
3684,261.8932512163182
3685,148.95895522659043
3686,249.73892372308939
3687,279.9529934973521
3688,-210.9236322733517
3689,124.58856334673261
3690,60.62846398708584
3691,252.43786789600173
3692,3.194805792071989
3693,265.93368691321496
3694,-22.9043157286972
3695,40.53100431460513
3696,-63.56753138562894
3697,133.92177214974498
3698,158.7691089359706
3699,224.61863858364427
3700,143.6147059505554
3701,172.00434819919246
3702,171.2034238724112
3703,201.28710013548934
3704,23.17364694117191
3705,208.37060119711987
3706,-157.41197130727213
3707,145.56876943356264
3708,256.49673781242166
3709,54.034068390056966
3710,209.5892039056534
3711,161.88023821018675
3712,8.306074533795126
3713,197.67752848238757
3714,158.536430513705
3715,279.11527428127454
3716,244.7427279783401
3717,175.69148666760907
3718,-85.75841477344696
3719,-50.83694058827379
3720,121.25298536984299
3721,136.64924117926904
3722,262.886729891112
3723,261.7313820439774
3724,144.66178034810326
3725,-48.89515936047361
3726,266.07011083136496
3727,110.2670457837946
3728,-38.91792006461763
3729,93.57451238929788
3730,190.4018620421906
3731,157.4739157456172
3732,276.4024194804111
3733,252.35157081167202
3734,269.3469425237769
3735,272.0761779806804
3736,9.63849348037752
3737,96.47499897141141
3738,155.58922872159815
3739,-60.99140454314896
3740,-50.66847192586053
3741,-82.48881367843387
3742,273.6596744549277
3743,-134.3559722082636
3744,160.87132488097035
3745,288.2789192352857
3746,-68.28628941397238
3747,30.885378343521495
3748,287.3919890758553
3749,-221.52007929084178
3750,-43.71470384017671
3751,286.1268361507054
3752,161.567170424104
3753,151.37247833651912
3754,251.90822191778832
3755,278.8114529301206
3756,67.71471403784831
3757,244.8927124282494
3758,-104.78392767206155
3759,281.8625532086786
3760,103.77354826098126
3761,262.8278780029977
3762,257.9679711883784
3763,167.41636496198052
3764,-203.80441206006813
3765,99.11943823088795
3766,-56.68592170600695
3767,189.72578099211898
3768,85.22721196382017
3769,-48.025806044306776
3770,244.54979991152325
3771,266.24164866489906
3772,54.11830447359941
3773,119.03068886557841
3774,235.92679968518001
3775,234.33484619034923
3776,-47.501098965352426
3777,232.06202459761937
3778,232.39431641830492
3779,119.66991409709091
3780,158.6552086675994
3781,207.45818927944183
3782,-45.430311982830005
3783,4.7627016200681
3784,173.7308945377463
3785,146.9013862949231
3786,165.58437581510495
3787,168.99122818486492
3788,-17.49951987637077
3789,135.61077856172687
3790,-31.656276582195915
3791,124.44802673982377
3792,-85.20625445441918
3793,-16.07134031621696
3794,154.98164572203467
3795,104.90672452910313
3796,274.5322044010961
3797,8.48030678775972
3798,255.27252228519953
3799,171.37590040728918
3800,-52.9386131169815
3801,188.0576730846169
3802,155.63153228784438
3803,269.31005294498055
3804,237.04988970992434
3805,131.38371050102776
3806,159.1669795461226
3807,-41.72108367845714
3808,163.29835467747986
3809,96.64815963723926
3810,67.5318482733594
3811,241.85361056055513
3812,153.70821990250533
3813,12.790987834259212
3814,156.67495755927834
3815,98.30039464089019
3816,79.07409232143993
3817,210.97391265134434
3818,234.33736041606295
3819,99.0641527373628
3820,114.89509435908757
3821,14.97580600133412
3822,275.88072747104997
3823,284.32827658777387
3824,87.67408442557843
3825,143.0987474419789
3826,271.8520475404056
3827,-229.35989684244214
3828,130.04415539204797
3829,222.49941880216755
3830,123.10552234175013
3831,265.9576428660646
3832,262.67102650316394
3833,234.4847259970615
3834,-95.37442042701194
3835,213.21794034075396
3836,103.25630494414825
3837,63.85029558687241
3838,119.26619472641572
3839,-97.11746645474174
3840,126.63182322706025
3841,74.28704834039098
3842,249.85947077641862
3843,92.55325203933587
3844,-125.4980469484764
3845,256.6446442138059
3846,163.01323182267853
3847,167.21971077835593
3848,245.39497971965864
3849,111.07013738780218
3850,49.336802606332135
3851,47.20959873501495
3852,132.67908430913855
3853,283.71657838929497
3854,145.85692581014175
3855,102.95689320254331
3856,53.267356546740615
3857,79.80386261839737
3858,259.5987682524477
3859,-25.600986453084232
3860,168.83646588132717
3861,-18.260085631660885
3862,154.91489689331695
3863,247.1421604075541
3864,210.2356872571487
3865,257.7617308749236
3866,116.42289470336857
3867,261.3347245854254
3868,272.51748968688537
3869,-75.65739748362697
3870,252.11524874242335
3871,230.17363777254604
3872,217.17212372008822
3873,77.1493971222889
3874,265.61697481356146
3875,271.7436623627323
3876,254.54237964123155
3877,160.51504475375293
3878,268.3206129081662
3879,-33.88199540148055
3880,132.07008371733912
3881,184.4111068376072
3882,21.14396395238358
3883,252.3315694281173
3884,143.85803993779555
3885,23.426083698211556
3886,237.63926980113482
3887,73.20367483823351
3888,-19.35298348232871
3889,67.54663464105647
3890,187.73686270020897
3891,262.25365368495704
3892,292.0150885636689
3893,288.70434968189306
3894,219.64072440097414
3895,9.814888451752694
3896,227.07854973806127
3897,164.32559358628777
3898,-85.69789052441796
3899,175.08784994751946
3900,-15.226530396114953
3901,231.85647977887442
3902,6.788876028522878
3903,220.98717610109117
3904,223.19375372316148
3905,266.3571791150426
3906,277.39968361178455
3907,99.32720145717587
3908,208.49100960237433
3909,290.96573612590106
3910,66.61177557617222
3911,55.118692412991464
3912,-7.526182501836942
3913,-11.902015889189443
3914,52.203557753247395
3915,-46.21186656688465
3916,243.42962861925875
3917,-227.57035817322623
3918,238.70548807140892
3919,123.36376601999588
3920,42.13141388305768
3921,269.12812993506213
3922,232.89645409314306
3923,242.1706650028413
3924,87.79167708101355
3925,265.2055066113793
3926,58.787344050104
3927,285.1375904387035
3928,266.342304964852
3929,94.64205014392654
3930,81.7681451022151
3931,236.30953345303345
3932,188.64931523518007
3933,151.93987897286948
3934,226.98220745245004
3935,275.48328104347695
3936,224.2336081195734
3937,-3.4445232324538466
3938,127.12224454848307
3939,100.8817648594885
3940,76.42127218110932
3941,128.28245269663083
3942,39.39187047656213
3943,13.936826642414516
3944,105.6092620443418
3945,135.50291452073242
3946,239.67088700702092
3947,271.8902087866188
3948,252.1338656562689
3949,175.62872130318178
3950,267.15820111855123
3951,114.38814210484696
3952,32.332701070659105
3953,242.47123108868578
3954,265.47946391312684
3955,130.27821172885555
3956,233.76173660112033
3957,-13.118307952011548
3958,38.12253449384971
3959,116.93740945743751
3960,97.10308114527591
3961,140.152007502401
3962,157.9455348636724
3963,133.41189429078025
3964,170.2658209900659
3965,162.89651903869492
3966,166.3136698197045
3967,209.53751359031577
3968,259.8306876603216
3969,268.9240396472106
3970,210.64471472122773
3971,160.0333706480983
3972,176.65053912878784
3973,257.6213813603597
3974,88.08991901252473
3975,138.40642245164497
3976,106.16929877140238
3977,262.78683671738145
3978,-2.8326038620656533
3979,-0.9400194580771029
3980,242.43886901828336
3981,252.84852151016952
3982,152.09785759808594
3983,-38.585486377326504
3984,109.75756873306709
3985,137.74149693331606
3986,179.08952993768483
3987,115.95768507635981
3988,-169.37856461825672
3989,71.43149363475828
3990,128.26062476030913
3991,151.07897944913404
3992,168.96745878089752
3993,134.86655825632874
3994,-19.383986235006716
3995,295.99418987827164
3996,35.32247725537458
3997,254.28730810086643
3998,300.5880591653374
3999,276.9329711296013
4000,116.45734659778694
