1,-259.11726700112825
2,-364.8532154006689
3,-42.976695249870104
4,-104.71298422895633
5,-312.5160907521814
6,-113.9979129095917
7,-111.9289234811785
8,-117.72343242597688
9,-141.37259103035794
10,-115.85401738319452
11,-116.90154260668226
12,-235.19980882401325
13,-133.82273451926577
14,-79.14707558282768
15,-138.07059716006748
16,-86.18820012826886
17,-62.88479117643877
18,-54.070012907054284
19,-90.1236030615614
20,-98.2870010114987
21,-69.36251666918146
22,-28.299018239101002
23,-75.70795420172401
24,-82.92077594435746
25,-38.04998838584443
26,-80.97448349112443
27,-59.36413686792003
28,-65.36885566049648
29,-154.13408922203536
30,-220.6425720433946
31,-187.57783338473178
32,-79.76622658167317
33,-43.76765481121315
34,-74.11545296507514
35,-86.13960574086407
36,-157.8284610185455
37,-56.58281823910007
38,-129.9484850206954
39,-68.18000078537098
40,-100.43753566654712
41,-84.80931631685587
42,-60.77649158665466
43,-78.13283190081688
44,-55.54237212271271
45,-70.99125020598945
46,-205.9642790053286
47,-250.15652597585643
48,-301.1710923880323
49,-125.83142851314412
50,-131.63499838487274
51,-204.19732557758618
52,-52.0671941556731
53,-82.00245991892118
54,-175.37185604076282
55,-119.84998160831309
56,-165.9692932637983
57,-97.77628784278751
58,-18.880901426332954
59,-105.61768782924595
60,-125.3407549443486
61,-167.94295353394384
62,-137.78414612081212
63,-270.2922003605777
64,61.23983484761405
65,-49.93573359154714
66,-76.64322883770194
67,-63.018026298535794
68,-110.11781693505908
69,-328.89443406219306
70,-71.34386758021175
71,-107.20873584324289
72,-37.01897233448587
73,-10.90199998882126
74,-64.69409014617187
75,-88.63675829012152
76,-28.85799072860631
77,-100.27789696329447
78,-107.72355126043588
79,-85.43117888786556
80,-113.77511294219484
81,-53.063020687174216
82,-53.88107324660536
83,-148.08617450421326
84,-79.59731199151187
85,-98.80186543827644
86,-118.18517635210415
87,-158.77757721113966
88,-107.46833133983104
89,-128.154209611427
90,-73.71261097005859
91,-59.52197165885142
92,-145.32334347404122
93,-103.17580320198829
94,-100.58032355773423
95,-131.7732563525082
96,-47.39830213247028
97,-54.102645804156076
98,-3.116648541219533
99,-75.92248209444749
100,27.53214679287852
101,-59.67586377001111
102,-46.352835654103885
103,-197.63152508592378
104,-95.63828587411773
105,-166.7859951661581
106,-123.08056599616509
107,-112.86246378744225
108,-56.307440777420595
109,-59.32462513565181
110,-9.98521473848669
111,-78.34528541013648
112,89.92195668370117
113,-54.9116386857414
114,-74.8904417325598
115,-166.43693819887267
116,-272.94697717894746
117,-49.1368313301148
118,-98.00229796181226
119,-79.31696328663523
120,-29.287145832977956
121,-64.9653970186147
122,-127.174519536095
123,-60.032874529929614
124,-15.552320708580652
125,-39.76879609161985
126,-97.15521010296236
127,-129.5480348161433
128,-108.70692627193465
129,-84.936821662967
130,-48.93659408256187
131,-68.08237658597439
132,-126.53082073369991
133,-98.08156265369496
134,-113.13261825503699
135,51.89473363225532
136,-94.15726843209298
137,-82.36836964055507
138,-87.9895990691157
139,-20.538600910654253
140,-118.54880412355624
141,-215.9360296231755
142,-138.01722020519435
143,-56.271543774814035
144,-108.26698613813284
145,-104.17022338008064
146,-77.02774123338892
147,-40.602813581040145
148,-82.79468195519428
149,-69.08382410721471
150,-89.08655045525362
151,-122.80948063647234
152,-130.6178677446373
153,-41.100940128476864
154,-119.57485591447664
155,-33.406896101757155
156,-100.22025756639141
157,-101.87983021598815
158,-104.32409254667579
159,-44.13733910992978
160,-62.200432100113346
161,-34.94502850942885
162,-96.45958661065768
163,-155.47533850209135
164,-137.02735468541022
165,-57.12555225482406
166,-386.43941787834547
167,-132.94303401495065
168,-90.46852971569118
169,-183.187448383138
170,-46.95100481810971
171,-93.8037472062502
172,-110.11160928151693
173,-61.11766426035196
174,-0.6211250719826182
175,-68.84760463051143
176,-87.74122031293923
177,-63.33617400993889
178,-95.52589212382797
179,-32.21051026217728
180,-194.14648078086083
181,-240.72282314624837
182,-42.52567447976331
183,-51.63331309044891
184,-251.29909492584082
185,-55.72270312233124
186,-88.48017735435222
187,-107.06557069068373
188,-102.45492110301277
189,-40.21847936215133
190,-93.86293137376113
191,-71.67175194405544
192,-112.59834913810028
193,-64.04199165938681
194,-90.86362331961098
195,-99.77823213608042
196,-96.99483132483451
197,-111.75215233975334
198,-63.680630535504605
199,23.266191465372174
200,-128.08599523593608
201,-131.37664917338986
202,-101.22966039944151
203,-82.65183092652876
204,-44.189428207736526
205,-94.27566119932322
206,-45.35421193451592
207,-332.15853802629806
208,-78.68107071733553
209,-240.19089162323493
210,-69.00987609193615
211,-73.72504199559239
212,-107.60372021688057
213,-80.47235190833808
214,-54.074946903233396
215,-95.40730052052271
216,-76.66546681026848
217,-47.933985596886835
218,-118.20996050905359
219,-103.72955953684587
220,-64.9079285256248
221,-101.14058750795553
222,-75.58236785995574
223,-83.18469615668319
224,-119.06116497476498
225,-19.524225765978116
226,-95.27310148179181
227,-63.83452420418966
228,-54.080844436876035
229,14.178003113651954
230,-56.53980396902143
231,-127.49397408034142
232,-172.87622285264314
233,-105.62988287683204
234,-17.856180595207206
235,-74.70983697195476
236,-52.57193181800026
237,-260.64325870885705
238,-88.4594206089173
239,-111.27646050359378
240,-88.8537100475636
241,-61.359263625981214
242,-25.595838948547893
243,-39.40887552988656
244,-223.87645564166064
245,-81.75966375344026
246,-35.47065793770079
247,-201.53698885869852
248,-90.5353406747492
249,-116.28613704193454
250,-154.51150783000347
251,-66.34006761799861
252,-76.24895077135626
253,-90.51856112615394
254,57.522189070143845
255,-132.90284817125197
256,-118.72244918299117
257,-82.10833373475377
258,-60.29969314316513
259,-129.99406636023724
260,-50.95210766934207
261,-89.84144323670446
262,-70.49539049260486
263,-105.59428374715453
264,-94.45237133511186
265,-67.29761541881136
266,-76.90626552664762
267,-72.43154974686274
268,-115.68556647070568
269,-87.33987513883068
270,-50.80887593508949
271,-83.54943090641713
272,-142.38533732073802
273,-74.80607909491921
274,-100.08036135065481
275,-54.16301619523367
276,-48.10501281902177
277,-43.0948941586429
278,-32.729295274163505
279,-112.89260959131818
280,-50.02873176140369
281,-81.06169523651718
282,-51.99783941128737
283,-48.82722042137386
284,-125.39181752161642
285,-111.19693159238658
286,-47.40286763642115
287,-75.89091453553696
288,-15.943132486256772
289,-92.40856738203907
290,-96.69107999490188
291,-52.30140302791218
292,-50.023110708771796
293,-90.03864132292404
294,-35.87150068006075
295,-3.819896807489016
296,-66.5351574433488
297,-54.79546174330066
298,-66.74768861098096
299,-89.80504009639411
300,-86.57878739238451
301,-94.66667854297708
302,-63.299054178974245
303,-44.075240050617055
304,-60.44709792160215
305,-20.687084840325653
306,-31.435261527227738
307,-19.952875946920017
308,-110.904420893315
309,-41.83463352145597
310,-65.84601513024006
311,-39.647747978345706
312,-9.390259708226466
313,-94.7701208322543
314,-64.01089959919838
315,-76.62387341474633
316,-73.96406691697075
317,-85.96740211647489
318,-106.54418855720701
319,-25.060329092354664
320,-54.56844106503645
321,-67.5309819261524
322,-29.197496757473104
323,-108.99535104064208
324,-88.89201872701574
325,-144.52250069772145
326,-40.37448639805231
327,-76.4239887694633
328,-74.85797709390181
329,-81.52273623396988
330,-66.6767544677908
331,-15.310932617942413
332,-60.118954038805015
333,-30.535195626390802
334,-99.0126920698845
335,-29.76505474564742
336,-57.982965133526136
337,-113.68237449796004
338,-86.55847160115115
339,-58.061549613021214
340,-99.70863615421194
341,-72.50647836766768
342,33.37574144723166
343,-39.58624415096047
344,-86.40153856664504
345,-172.39187150815837
346,-21.650750254876286
347,-95.1462884581399
348,-11.664961528115256
349,-97.20453780320301
350,-19.937271918786408
351,-43.92872236502254
352,-70.99291010072805
353,-107.70530946948324
354,-12.734188634223074
355,-66.00063620489709
356,-19.834323492383632
357,-45.1727447648198
358,-36.28873057583449
359,-66.35268202036593
360,-35.85629262524465
361,-66.2253009659129
362,-117.4357540489777
363,-116.76299429131781
364,-69.53543423209815
365,-72.40663740063935
366,-98.04994496892041
367,-44.73402636634136
368,-81.10330700697074
369,-74.88931696822848
370,-301.3426006620403
371,-74.33347019441294
372,-54.89717111580667
373,-113.0040449656413
374,-52.23124355416776
375,-114.34237182835103
376,-62.01741080822062
377,-124.58853848889106
378,-99.45434063750933
379,-69.64307215672844
380,-6.813019594913726
381,-36.573248724039914
382,-88.5579153951333
383,-26.038631902973634
384,-35.41222404787774
385,32.82698997923302
386,-98.68282898496209
387,-143.1431595931244
388,-71.84325655880014
389,-70.64240720384588
390,-61.144727728653365
391,4.046437727510536
392,-34.16273788923155
393,-122.74287848134173
394,-78.8044725629307
395,-3.653906052150276
396,-62.16406360690376
397,-44.22889206712155
398,-70.83428523194594
399,-65.87865668388444
400,-69.05730485623252
401,-20.570071451630923
402,-86.99789976806713
403,-21.60544881838169
404,-99.65759697426432
405,-122.80540259456588
406,-94.22962438179218
407,-100.50626366748689
408,-53.08716183177096
409,-77.14761433297556
410,-298.3622001860457
411,-70.4349945104927
412,-66.44589950051254
413,-56.595471097271265
414,-44.92958085514849
415,-118.56219174128117
416,-94.4411592756073
417,-47.957254744130736
418,-74.87355832008595
419,-64.37347421901455
420,-55.34554657669881
421,-71.66913562281677
422,-88.84990814706396
423,-107.01126804778528
424,-230.27534253615516
425,-77.6072196898418
426,-23.272214866801733
427,-33.277631099758466
428,-71.07566694889297
429,-97.6627586325805
430,-45.06554405191515
431,-12.73279767339237
432,-92.02880025416415
433,-82.8471565693981
434,-96.38075090101498
435,-22.764018697853786
436,-38.778808690877526
437,-18.825762168633858
438,-71.2761254407903
439,-122.75942299687264
440,-23.120906673642708
441,-113.08056954039623
442,-16.036231210817306
443,-28.382511279716752
444,-81.60305413374026
445,-61.43139287989004
446,-91.44534148033514
447,-45.40953862679943
448,-86.33156587752292
449,25.378345530134215
450,-102.00467204659878
451,-78.36486227232596
452,-65.17284904724865
453,-17.934572526534396
454,-25.55562662270006
455,-62.2459798826022
456,-81.67754804701178
457,-63.72313073398971
458,-81.48833100479379
459,-39.048115479859376
460,-20.03324122865989
461,-205.04397842554314
462,-100.82691882936965
463,-15.794718901431978
464,-44.21165677856092
465,-82.74317102697334
466,-95.47945653843327
467,-58.18541186796873
468,-67.11534541544655
469,-47.166056371990706
470,-55.13939386040536
471,-48.363775005938464
472,-99.84349276928343
473,-65.86218043851657
474,-11.709565204849909
475,-70.7633669600714
476,-29.981618333265303
477,-93.97991502151389
478,-50.447643914600064
479,-28.83157045437798
480,-59.400154897939416
481,-13.055606473677003
482,-60.34558760527522
483,-116.48325286095003
484,95.46174225782451
485,-75.91229074685467
486,96.74869213786701
487,-15.547954899600427
488,-38.73508855983496
489,0.5062162297095227
490,-55.310394496281624
491,-52.962004494610404
492,-41.50158642785509
493,-57.17405281247955
494,-126.62843103410279
495,-117.62171400250324
496,-80.80519626122283
497,-111.51770436739069
498,-98.22610360892085
499,-16.556627578360434
500,-39.64096518916253
501,-88.50994674099944
502,-25.2868709072481
503,-75.21272208316141
504,-102.07390316398299
505,-53.16458222868272
506,-48.678733496512805
507,-53.64706361434397
508,-46.31305056017811
509,-17.923624270739296
510,-57.01317867078256
511,-68.14192096886183
512,-125.37552541434536
513,13.656996337202727
514,-39.45311382426176
515,112.30054148160185
516,-43.55096816420216
517,-110.25893941911117
518,-50.14627384820044
519,-47.237106354392296
520,-76.5095221057174
521,-43.05096474254643
522,-72.3054876344014
523,-24.793401187624823
524,113.88768279071704
525,74.41971302447051
526,-49.33106295177865
527,-50.92389197263735
528,-40.40294277562677
529,-122.72825484228366
530,-26.2445412557244
531,-37.81299937004515
532,29.15029898879078
533,-55.33122585514009
534,-78.87185014646691
535,-277.1786216971195
536,-85.09548683734802
537,-11.48995592241728
538,-60.35964294570546
539,-33.507703874003795
540,-20.383490979410738
541,-59.90777434312875
542,-30.161637582474498
543,-51.63045969881542
544,-40.509508174260645
545,-48.74325957498287
546,-67.2144968405704
547,-99.07092071320251
548,-77.72268625636978
549,-71.62625494207963
550,-55.16005177258963
551,-37.35727943325722
552,-108.50600898396725
553,-76.80167535905433
554,-18.07076794875107
555,-15.692125077800668
556,-107.34341747423828
557,-60.576014378581256
558,-23.66568094912202
559,-64.30007372382339
560,-134.24690710484
561,107.25048304046543
562,-68.8717401906967
563,-122.29396060442771
564,-70.58626976583152
565,-30.811801429190254
566,26.036597015876936
567,1.4053994636733904
568,-107.06324860208578
569,-73.13041391987504
570,-25.808838937983325
571,-54.018288106780076
572,-99.96874930780892
573,-49.326633179057524
574,-54.702041029060666
575,-106.05801088991308
576,-32.49113047335386
577,-10.218006253044564
578,-89.83810441413809
579,-73.20386533202188
580,83.68032368643422
581,-25.449152810488698
582,-54.19511815874226
583,3.10474200516083
584,-104.74448852948811
585,-91.77731694762193
586,-41.58759382627386
587,105.52806324599386
588,-52.177540209547274
589,-14.087818044427266
590,-24.53693854912352
591,-28.408582338086262
592,-2.5573493546554573
593,-86.54789086995774
594,-97.56707947662889
595,-55.73755461936109
596,-183.48760099865459
597,-95.55238065171538
598,-33.441439045187835
599,-149.3279241795703
600,-21.03419104087817
601,-39.667862127551615
602,-42.49929433809291
603,-101.08805755685415
604,-44.935761201809854
605,88.118443556469
606,-73.48888015184566
607,-55.900878088625895
608,-128.24018428753283
609,-58.840086014708604
610,-37.57332872345749
611,-79.77020594044885
612,-134.40940529683238
613,-1.2839273263674897
614,-57.77174700212836
615,-19.715696634851298
616,-97.1271316265519
617,-48.82501813557612
618,-69.42138759495813
619,-57.41638099064922
620,-92.52674456190094
621,-153.67712575205888
622,-94.09554428331329
623,-96.17192914899356
624,225.61921785627516
625,-40.05544082714928
626,-70.38376199973938
627,-106.20469019598389
628,-43.17966062618656
629,-32.8851454037076
630,14.630124432321438
631,-78.89832053272947
632,140.1240589823772
633,-57.833235075486755
634,84.76945147421911
635,105.5383000033166
636,-33.09411360584204
637,-39.38071579205213
638,6.994652056315431
639,-22.830322426696995
640,-79.00396407977973
641,-57.856192748050745
642,219.87514180105268
643,-55.21703618451009
644,58.709441755166964
645,-186.29236799008146
646,-73.81910238451098
647,-51.31236053349632
648,-7.706080950301607
649,-26.920562803613734
650,-67.5324227513395
651,-75.9622323403579
652,-37.99662576117021
653,102.55780302166886
654,-114.92329249257045
655,6.6672490017444375
656,-251.59323955589505
657,3.334120525491059
658,-141.5116445621286
659,13.749997713317327
660,-48.58700497904246
661,-78.65959920172584
662,-222.97666040104093
663,-42.75192734046509
664,-36.12648154060247
665,-44.010947934295224
666,-75.5665675553804
667,22.702748469008725
668,-21.82819625296179
669,-84.56776984213215
670,-59.530305119372045
671,-34.96117791252506
672,-95.71953016002641
673,-44.60936775475538
674,-79.74839956340875
675,-1.4170298663532037
676,111.32585426851641
677,-36.20334932576769
678,-49.3025592516263
679,-54.60424111880204
680,100.32828480313063
681,98.91039880675443
682,-28.16076085942217
683,-31.268341741131835
684,-51.43898831034439
685,-92.61045947575646
686,-120.03498059350395
687,49.34401406415968
688,-89.4341804894379
689,-79.05754283448806
690,-58.639080608787275
691,-24.02218426043936
692,-62.71981109769753
693,-49.21411972865928
694,-46.36297593872625
695,-112.2477263330238
696,133.56758017734953
697,-6.90470955584415
698,-52.382888287387644
699,-31.020280666543073
700,-86.62681680817354
701,-35.91907303730754
702,-73.57313048237464
703,96.16782642373633
704,-39.83389418400977
705,-26.567936808040557
706,-45.97737762716514
707,7.357148119866139
708,75.75411927590007
709,87.05365109061864
710,-68.14873029399168
711,175.64894855932988
712,-103.21004655537565
713,-18.736194889906812
714,-16.807715580182474
715,-45.99808537411964
716,-26.689012203781445
717,-96.17543611782854
718,-38.439680716388466
719,-70.28386250041514
720,-38.666910006126045
721,60.63587196814218
722,-17.213578128981524
723,-7.288248783842761
724,10.23342531525094
725,-3.333088317658138
726,-21.815217490699922
727,129.9131060155406
728,3.399092469032311
729,47.485022852572996
730,-86.77312921351253
731,-28.601391994217707
732,-7.100682972934251
733,-62.94121357678711
734,-115.97638764980914
735,-78.02211123618652
736,-116.95939897872341
737,-99.24824527542032
738,89.17953321956814
739,-76.05159836859985
740,-107.58217589947675
741,-28.938445180457606
742,-24.37216862515261
743,-53.03391038656968
744,-0.33009135431915126
745,-1.0351096414862582
746,-23.718967598882145
747,145.12955906814457
748,-85.9649233803445
749,-20.375776175210333
750,-4.565283190431501
751,-69.71336162382212
752,98.54076207839594
753,-14.89793477681394
754,-202.50062971017783
755,126.92001325890504
756,-64.63904868956445
757,-14.737406068034801
758,-30.584427217478577
759,-65.30256713394662
760,-93.02598680648678
761,91.26638568842067
762,-37.355980036174415
763,-76.64904100678983
764,-31.195367306201135
765,-89.46140419744717
766,-13.076957313100024
767,-124.96992344510215
768,-59.40697802135861
769,-28.1472138127685
770,154.710622252628
771,-47.06701810290042
772,-64.34158169029399
773,-142.98001539723197
774,-79.34447848326599
775,151.95092151614466
776,-58.137693505461606
777,-87.42611303814388
778,-167.4983258564357
779,-41.98605034927979
780,-144.98654499766434
781,11.579803664438103
782,3.0927965179622277
783,133.44973759832428
784,21.03142540857668
785,-55.11961176620186
786,-51.714864818105355
787,82.39087103667285
788,-18.385134758929937
789,2.207162889391796
790,-38.49081386791988
791,-17.386858922217584
792,-77.5394252803928
793,-80.42179138237911
794,-4.468279837282111
795,-70.57811741071299
796,2.4193808828173218
797,139.5532098732034
798,-151.4507211765032
799,-53.11775772650541
800,-39.93912046933196
801,-145.77287369635008
802,-33.74174384547676
803,-41.403967434586534
804,-68.09970345523962
805,-26.66980010750035
806,-52.32588140406665
807,-54.975395563328334
808,53.1791552883341
809,-35.238171473839216
810,15.78765556729083
811,35.49220339323468
812,-15.451118712293265
813,-50.2873412356351
814,-57.031625555665386
815,-38.657484804714
816,-112.2731635458464
817,59.15552018381304
818,147.1893359202975
819,99.2040517018596
820,196.32418107400565
821,155.0931810408627
822,-18.668520676629385
823,-23.68539936899768
824,-173.86072850502035
825,-50.25560405551451
826,-23.895072783611823
827,-49.89791293703324
828,-103.88508975840043
829,-62.357364429459025
830,-33.327187742927364
831,23.458035334813715
832,243.55305168882614
833,11.257580441561927
834,-49.33407095802555
835,-3.4489389967668416
836,-29.655027714044778
837,-78.32233433125086
838,-86.3138245572697
839,-78.25750622671897
840,20.567456488059648
841,-46.50981260812856
842,-43.945194475697534
843,127.41643739398873
844,-45.847625718535355
845,136.55720764138175
846,-49.6035026021612
847,-110.51815348558665
848,-59.48075655054545
849,-72.63252696673727
850,62.126224328086295
851,-19.201041338454658
852,131.43718928424977
853,-164.2215515591094
854,-32.54846697926824
855,185.90396424591847
856,-43.54474151488819
857,128.38006567119038
858,117.61531971953971
859,-50.05817193651522
860,119.93366302686962
861,-92.80772825863285
862,-18.342520748781595
863,147.11935405744262
864,-27.45530750284965
865,-58.609662395389904
866,81.57830212000816
867,-50.868411222537546
868,-30.275506054156097
869,86.05374463301314
870,-166.91580423607482
871,116.11265736405531
872,-167.7014137971549
873,-109.98827570701086
874,-83.62934125685412
875,-64.46975769583742
876,-21.324715119726605
877,107.90795064197158
878,116.43457994509984
879,-111.24238023228914
880,4.341766214486626
881,-69.55449368393147
882,109.64538561368303
883,99.10668857523426
884,250.47811840374575
885,-54.67169109452909
886,7.455563948791507
887,102.18581619153008
888,138.7216484873699
889,6.363703287487027
890,-74.93973472204837
891,-2.7902750897416553
892,121.68577613349032
893,-42.22948529944013
894,-71.84618395968513
895,-182.7219071440978
896,-60.54095492448016
897,22.56565481028852
898,-21.20373422859653
899,-22.583893003272237
900,147.5884644453625
901,118.64935733691291
902,-46.688920781922384
903,-54.87447214662363
904,44.703564204502506
905,-36.44738572761294
906,-45.370573588316745
907,-90.67146530055484
908,-81.74239725667626
909,-42.1027306994922
910,2.889362872007183
911,116.58075548718128
912,-135.29067403149583
913,-54.1441254539821
914,45.35734480787764
915,-10.7108372095784
916,-66.59632831664717
917,235.98488006443
918,-42.76834088582771
919,-77.17084330755108
920,160.92771545397235
921,2.200745079860411
922,-41.300317065365036
923,-74.27558867685198
924,-28.087580083899567
925,-15.304577547954409
926,-157.31428077479592
927,-37.78235068169502
928,99.03595631959189
929,140.6477632268494
930,56.85192986594582
931,-17.76729677197983
932,2.35342229998642
933,232.47262806007018
934,-114.6664597286202
935,-42.722600789545496
936,148.83676074809867
937,-30.39363236033458
938,2.2311974007070887
939,-104.47227761687532
940,-44.28680055869701
941,10.914391933667076
942,-75.30197271329979
943,123.53419996505777
944,-35.67105705427497
945,126.9041239147824
946,-61.61946140955612
947,-23.12453443366718
948,2.0873651066161756
949,-29.400965284827407
950,-40.25871331730214
951,51.82724435835378
952,133.56774815175785
953,-46.35485605179056
954,119.08290970238203
955,-67.47405608578599
956,34.11226470091259
957,163.61497456980797
958,-68.81931370097439
959,-61.214856243709626
960,-108.57367366368402
961,-42.00185024456708
962,-70.28054400987006
963,-49.5532969149529
964,-71.94261983378212
965,-33.636420190749206
966,42.325587800588075
967,-81.91914356215705
968,-50.345033906442616
969,132.77860075198345
970,78.4124302117972
971,-74.56208576157992
972,165.36525023596386
973,-34.614691839224506
974,-49.636705027632516
975,-55.22278002858102
976,-33.081144701302236
977,-41.29012523728338
978,-42.43969764487896
979,-93.60044731801881
980,-41.029330842224525
981,-38.36615705977955
982,145.39662500487682
983,-60.72341595694992
984,-25.538461429015143
985,118.37377545612742
986,-24.909974931758896
987,8.784697006769676
988,-21.69179299120229
989,-46.88681276531541
990,-26.697082439075274
991,125.48058687285375
992,-60.190757695931715
993,-46.28438221006436
994,168.61321082104902
995,17.584626645593836
996,17.489741134737546
997,85.34432407951348
998,-14.650146240571587
999,-41.50900866773233
1000,-11.797685474068558
1001,33.18332562125684
1002,-52.5404739694084
1003,144.43647843124964
1004,-61.30289890698587
1005,-48.30306489009294
1006,-57.12059578722305
1007,-43.545220813160284
1008,-50.627245573919296
1009,-14.704843445149109
1010,-33.64255359863397
1011,-51.79630644827004
1012,-87.26494188111377
1013,-66.62186597985007
1014,-98.84985327124349
1015,-75.40568736490638
1016,-73.05804998609021
1017,-98.83793924809929
1018,-12.043997137087175
1019,41.5697814291614
1020,-126.47002249234313
1021,-48.68886921993801
1022,-64.76473300208004
1023,-30.938440263982727
1024,-25.603141583767894
1025,-10.822376030896535
1026,-0.1495390006892876
1027,-54.87341206023399
1028,220.6307380350046
1029,-44.30497368990847
1030,-46.08972787237953
1031,-67.21108465565496
1032,-56.677871620777196
1033,-21.91009898870564
1034,-92.6073783652468
1035,-76.7364444811574
1036,104.05071503237541
1037,-67.71464196184677
1038,-4.208403322839075
1039,-8.761462523585493
1040,-86.78899567487963
1041,136.8033941473902
1042,-69.66563084207327
1043,-46.01969066297495
1044,-33.590808650067274
1045,238.37515454102117
1046,-89.86988279018935
1047,-69.58478566525469
1048,-45.261908224499095
1049,-60.81189901633181
1050,-69.60282954015668
1051,229.88956156731072
1052,222.38809696750502
1053,-101.41918908563129
1054,-68.51026495794076
1055,62.10952268874819
1056,-70.09267547446358
1057,-37.71281995886237
1058,-5.994589542670198
1059,-186.6322906788553
1060,238.33720309198145
1061,29.196896111689597
1062,-54.620201823942296
1063,-14.461495132854225
1064,179.31630434848555
1065,125.86183186904621
1066,-68.79116159667691
1067,-11.52779698673622
1068,-8.84708409757981
1069,-135.82297591900107
1070,-198.85871897918878
1071,-27.91541824827759
1072,122.80360372536727
1073,-22.32981897430021
1074,-51.477108595680676
1075,150.8704231889905
1076,100.32114268061824
1077,-12.914785226127393
1078,124.44150331335707
1079,36.421957299023234
1080,-50.439418922652465
1081,-52.70092035179994
1082,-14.748266744209673
1083,181.78101444586832
1084,139.65319355708058
1085,-109.92761120987136
1086,-35.25022739885888
1087,107.52077997434036
1088,145.1279175187354
1089,61.82874953812261
1090,-96.78037737646672
1091,-21.60697123328974
1092,-128.21239339225662
1093,108.08775671991407
1094,122.70321759600341
1095,9.344870854800874
1096,36.13064263429659
1097,-32.83913506492952
1098,-40.620129715173874
1099,93.2890054335176
1100,-16.548407060549224
1101,-41.02848709995213
1102,108.46269876278977
1103,-118.7142166637042
1104,-49.838904793664895
1105,-91.64471901700293
1106,3.803666047307857
1107,130.9139991622937
1108,-174.52571107914625
1109,106.62025919806393
1110,-20.503881229323326
1111,-43.15259942228502
1112,139.72113120399993
1113,114.19207039268646
1114,-36.32630920443823
1115,-57.27974804800649
1116,-63.789010694132855
1117,-69.41860228771203
1118,-57.94004305994611
1119,71.87216565846312
1120,-179.03560697965491
1121,204.97016637931188
1122,-45.40260348659534
1123,39.37832938476537
1124,55.46259397156446
1125,17.463434490032057
1126,-25.84134723464244
1127,108.41448617879462
1128,72.89236047359118
1129,-74.52918878278618
1130,-39.04278942002232
1131,-84.5795967709754
1132,-65.42682473449469
1133,1.322609202993462
1134,93.61833116393454
1135,-47.453918663402376
1136,19.5013584266231
1137,217.32252598547456
1138,-60.681641904275054
1139,93.56217922367627
1140,-44.82288446392394
1141,185.6071511090916
1142,-51.679856246646494
1143,53.47484388968681
1144,243.2454322422469
1145,125.31179644343563
1146,78.80670689243553
1147,-132.86490964785844
1148,-4.675640145867632
1149,-52.43477097435881
1150,110.69050389042518
1151,-52.377849823659936
1152,-95.29907712176475
1153,-12.491272129704285
1154,77.36089339139797
1155,-54.13836798438318
1156,-28.071091522485546
1157,-13.386536294274038
1158,-56.22216262567616
1159,1.5157660124298076
1160,-45.22166184755062
1161,-268.40268302214497
1162,-17.28094172046329
1163,75.34530111775182
1164,-48.06542303070087
1165,5.0841915411640315
1166,-45.87694553098589
1167,71.58602233844294
1168,-4.174330494286409
1169,132.50221341358804
1170,-49.04827304082731
1171,151.7995864490104
1172,-14.588904093638874
1173,-18.39949842725352
1174,-31.226363065200047
1175,-33.2322371047928
1176,-59.10222558899942
1177,-80.49992006065024
1178,-62.085552029554755
1179,-35.0775526315349
1180,124.16214782234047
1181,2.629162064695876
1182,-17.57197910894007
1183,130.25487751027453
1184,-8.620895552565088
1185,167.27423195691676
1186,-78.95673939486838
1187,-28.846024972369918
1188,184.0925271091718
1189,-80.68417721288998
1190,-35.67177486640817
1191,-29.223608453143683
1192,19.02610074296149
1193,127.36325990002607
1194,49.90116354341569
1195,-25.192023209555998
1196,36.308450557382685
1197,-65.8284030088101
1198,-37.44274073146451
1199,92.4650563680934
1200,3.835202713609007
1201,-18.26680158394481
1202,188.01523111156115
1203,145.54895950115252
1204,7.219219301263877
1205,112.97832246820404
1206,-64.71609580210311
1207,-12.139950807078407
1208,-243.73474816069597
1209,121.59718105655953
1210,-51.88277809208968
1211,232.56123188904627
1212,9.481227485144856
1213,8.215043988292678
1214,158.8675258746791
1215,-81.9256607184347
1216,-26.732107347820772
1217,-83.4252988578314
1218,-12.85601867062411
1219,116.62393129579505
1220,102.37727059008544
1221,109.6556560908252
1222,-54.114106642214836
1223,-93.8963223423102
1224,-45.302325325314
1225,-16.499141339245057
1226,-21.876026713372056
1227,-33.00640680041376
1228,-46.78592551706657
1229,-27.159857130416512
1230,-88.18316650451607
1231,-54.53312802007108
1232,-26.969133792478402
1233,125.89403299387237
1234,215.37856868128023
1235,-15.338213936835814
1236,-96.81341266773384
1237,-7.9789107348672985
1238,192.0281195028585
1239,109.7439549856581
1240,-41.62576380862302
1241,-25.507644567130484
1242,115.61023185202077
1243,-11.132221317582307
1244,-92.85974683033669
1245,103.80463235904875
1246,-38.81843858218642
1247,48.324014991402855
1248,-38.24856193625537
1249,-27.10213753233279
1250,-54.02013594805625
1251,-76.24671334220918
1252,179.23842362724176
1253,-58.48292225211672
1254,22.15691379573221
1255,-34.217176183114205
1256,155.51420838545337
1257,-105.50222094057925
1258,128.75880806157787
1259,-24.812308690091896
1260,121.64388639288356
1261,-11.122845927225711
1262,-45.22028083854046
1263,-28.809231692728332
1264,-17.96515782144479
1265,146.882338106656
1266,-57.68760560616502
1267,-38.60548390522047
1268,-78.9807611229186
1269,-16.018462269694282
1270,-16.59606097950352
1271,-57.20541136087522
1272,-208.06818415296055
1273,9.662640234584572
1274,-56.42152969154988
1275,109.11979271275011
1276,143.74905899023145
1277,157.0633877835593
1278,-93.24529298886209
1279,-19.873152876349153
1280,-30.067300784997798
1281,-106.0625123664331
1282,2.3126522856517653
1283,8.850646072208548
1284,207.54469009919507
1285,-59.615754425370255
1286,-8.938061673621917
1287,229.86269276339766
1288,-71.587323001647
1289,-32.26325025106783
1290,-5.558118523185087
1291,3.3698802445429124
1292,123.30846344489832
1293,-63.1999718059775
1294,-26.835631321885273
1295,226.925647457443
1296,235.69930433935937
1297,-133.8925189042526
1298,71.4386874104423
1299,-8.985908785433594
1300,15.742376267736233
1301,149.5879125432701
1302,79.20528873902212
1303,-44.00818436398711
1304,-37.627454187014706
1305,119.99776117383267
1306,-11.803852739543828
1307,134.24729285701162
1308,-165.68395219918847
1309,-53.76759277482709
1310,247.67711377014447
1311,-52.66239737428987
1312,93.44060059580204
1313,-5.336505047284902
1314,-21.84477733854716
1315,-72.6788329751061
1316,118.95285666942489
1317,-25.249991061692256
1318,132.94782394635135
1319,147.01358796591748
1320,-21.89204975397989
1321,-24.466033288225802
1322,-4.447261180936067
1323,116.34067736325854
1324,131.5163766327187
1325,-81.12288596496748
1326,-25.105591937596273
1327,-75.7288839065351
1328,152.4997201899755
1329,-43.90599647961129
1330,-8.107915675248648
1331,13.34428694092786
1332,-76.3307236277371
1333,-81.703851454762
1334,-33.010371207881605
1335,-73.1213292407946
1336,-26.009034595570284
1337,-34.081118326692504
1338,-6.247694173994731
1339,138.76100353718874
1340,-49.54815037419246
1341,222.76793258548756
1342,-10.576004566569793
1343,-62.019093928406285
1344,120.31329565144115
1345,2.099244404780123
1346,-59.188898549631574
1347,-64.48494373186193
1348,-102.41488403849833
1349,-121.31502294985701
1350,240.9969915906002
1351,23.08501207463094
1352,-101.04436258460824
1353,-59.58335357350056
1354,-83.29647707047397
1355,60.809449286352574
1356,-50.54359133593986
1357,-61.78527342594448
1358,128.71181371091396
1359,158.65164715990593
1360,-53.38711948223498
1361,116.93604546914642
1362,-12.297104373710098
1363,132.1276677019517
1364,-22.651664633479257
1365,-30.917664952331705
1366,108.57428431510994
1367,-14.001562270358761
1368,-50.285994132496306
1369,78.74288726441287
1370,-33.4703151221869
1371,178.66954667933697
1372,-61.749120355718006
1373,-7.581899048996803
1374,-60.152183453786435
1375,201.15373829388489
1376,9.797715565732787
1377,-65.7633478671486
1378,103.6779657374357
1379,-80.92121887780623
1380,-8.724524130065177
1381,91.77812038256353
1382,-10.42937652913561
1383,144.0670343865278
1384,96.45679138250559
1385,0.2073373219095629
1386,-45.85805081522092
1387,-4.273305876201604
1388,-9.560107973680445
1389,-25.34685502462169
1390,-42.83520154098268
1391,-25.006171390096583
1392,-53.11412766608174
1393,118.13053704637872
1394,70.5669411175064
1395,-50.316663549389176
1396,-46.56380056518657
1397,56.8095776906591
1398,-16.869990237737767
1399,-153.71482080646805
1400,-40.07241932785431
1401,-23.131590381357853
1402,-55.924122156410775
1403,-10.63067210225664
1404,128.8063027437642
1405,-24.983279599257145
1406,-28.604952899070753
1407,-93.32160632024579
1408,-61.92527502333982
1409,52.667363506233684
1410,68.47198890757849
1411,-13.579088707444654
1412,-30.331790597178696
1413,-63.45631240646149
1414,11.082890383372828
1415,102.46370728531379
1416,147.32055742613153
1417,-127.46921438273137
1418,-43.24363578676105
1419,113.29708771090303
1420,-39.13952128881104
1421,-145.10269940607574
1422,83.31898604974351
1423,-26.03624471472115
1424,-37.48394938445712
1425,-10.506975390970013
1426,55.914118592638474
1427,204.36153622769586
1428,4.666750132291455
1429,106.87140098314637
1430,-25.55079350774416
1431,89.72685177931798
1432,-61.37619311769279
1433,-40.44565705228838
1434,88.21955393524564
1435,-44.029384558368534
1436,240.05406279794494
1437,-62.83954386733266
1438,175.2692006650392
1439,-18.221365946008348
1440,-61.151400559448746
1441,111.02382571802822
1442,174.40638806508596
1443,-14.7928912911499
1444,-128.18684763703038
1445,-22.03978194344272
1446,-5.344693088081868
1447,-95.21203562051012
1448,-56.058101865845366
1449,-30.181167307500687
1450,8.288955882220321
1451,-72.25373754809955
1452,-26.651655787520596
1453,-65.26524688337281
1454,27.35556858224561
1455,111.94535401600164
1456,-29.383881988261663
1457,-24.39289404541175
1458,-44.64339869916197
1459,-10.007251375668659
1460,-51.788445838675585
1461,-101.93413983951964
1462,-12.011927000379956
1463,-25.268597542214877
1464,72.73394715167618
1465,169.4979020336383
1466,-43.48074978917471
1467,-50.89928647305652
1468,129.3748415676996
1469,101.24258507856246
1470,0.03374426503438599
1471,-90.05239014124513
1472,-77.622727196392
1473,-69.37089286592509
1474,-7.262553648830973
1475,2.2898902188190675
1476,146.5932792484725
1477,-28.999111475566536
1478,-93.9848608185626
1479,175.14621290240842
1480,-24.862125805213054
1481,-134.82718338817563
1482,-78.87026469597942
1483,-60.43527041700346
1484,-23.231657285487458
1485,-17.416956562052647
1486,-31.852414738286996
1487,-55.5763684789586
1488,-46.30040099744271
1489,-56.99536375971857
1490,211.6128910723479
1491,-36.84605403123953
1492,79.38927767255332
1493,-30.180229223019083
1494,-39.92944677900202
1495,107.44175855704653
1496,80.30215400820039
1497,-3.5821305416436644
1498,-37.1111243724049
1499,-45.357276379915405
1500,87.55351948280055
1501,221.50469145693182
1502,-6.184338633148457
1503,-87.62387304370137
1504,-12.0387340980393
1505,-93.4638164530489
1506,205.36432115853012
1507,227.95697698290462
1508,206.79126201281687
1509,154.38954552695617
1510,8.269326296988496
1511,-41.3496361540863
1512,118.15385085894611
1513,-204.88281853295626
1514,200.61867929591546
1515,86.58737912576117
1516,223.87568262106367
1517,-25.080309590074762
1518,103.86668619315832
1519,-103.89750089789874
1520,220.66709809130106
1521,-2.854919649886156
1522,216.3784711125504
1523,188.1311824334845
1524,-192.69150016052487
1525,-54.71958281055339
1526,3.2397547406153953
1527,-42.34245892107281
1528,200.45839199612712
1529,-54.752558801270034
1530,-5.488237581322721
1531,-33.661838894632496
1532,-74.17856361467383
1533,-55.53190654311909
1534,29.24089642169423
1535,114.0884499457569
1536,137.07872245034176
1537,-56.330380824916304
1538,114.93598800439963
1539,224.28062268626277
1540,-10.874958298044263
1541,260.270503006424
1542,-49.43498245077447
1543,22.984514675074976
1544,-37.62395518796157
1545,-34.490334944709076
1546,-16.39507651500783
1547,-69.52814309746074
1548,15.574391693500772
1549,-46.322133695296344
1550,2.044590262208814
1551,13.44039729679723
1552,-35.19998757322527
1553,95.21665010008212
1554,21.096905674617602
1555,-55.62039854972396
1556,-105.01575985969701
1557,-93.07847445372492
1558,-39.91074797026896
1559,-57.66146984586136
1560,209.14223540968095
1561,121.5848120420645
1562,-67.84127050379905
1563,137.51237140035386
1564,-82.53505134446229
1565,11.589450199603831
1566,-43.019902668686356
1567,-23.830001696968523
1568,-13.587322197457752
1569,170.30204328525684
1570,240.76300053416674
1571,-51.28236018097364
1572,-36.45412310447453
1573,102.30986604917788
1574,230.98681551794846
1575,126.74395236968768
1576,201.68454109620626
1577,-38.12772229439862
1578,-33.229918529672176
1579,-48.62104561290868
1580,79.9988702118937
1581,-57.080467058147605
1582,-30.440821795158286
1583,115.88928155332324
1584,-32.03737452878913
1585,140.08812339229596
1586,41.07515762674041
1587,-56.57582453122649
1588,122.37208848560306
1589,149.5623569633085
1590,219.43547274055777
1591,208.00072476338897
1592,214.4910193939993
1593,-115.57798034108646
1594,118.71529461920721
1595,-46.25925434638181
1596,22.501593968036275
1597,104.4599240293626
1598,-30.55983719739099
1599,-7.5326929126622275
1600,-45.219704011674494
1601,198.50417768520725
1602,119.66536503082696
1603,-57.11783195322258
1604,-84.28348758304843
1605,-53.00860337926008
1606,197.29247284071258
1607,73.95996547096864
1608,205.53028319648854
1609,142.31809300092272
1610,91.91252127964438
1611,-44.964927447629634
1612,-46.5947465474092
1613,-22.850778356212672
1614,-46.746269857709336
1615,-66.63578865218295
1616,-210.4261615069114
1617,-45.79695008933669
1618,48.34366014246928
1619,-206.21155941489678
1620,69.14611486978147
1621,65.87985513120722
1622,35.51430063581296
1623,-128.5572869421069
1624,220.85901721969466
1625,1.956208268731558
1626,98.27625657087096
1627,-102.34887974796091
1628,-94.03362065709105
1629,-69.56443310033572
1630,-66.39966009933543
1631,-120.67878749784151
1632,-24.20873247382974
1633,45.81554192856487
1634,-102.95538134378131
1635,-26.766861320389694
1636,-17.481201211538604
1637,137.90967891895073
1638,138.2514471309309
1639,-274.79827694413143
1640,-29.65432067592529
1641,15.705285474607848
1642,73.98631955970232
1643,126.23437080013659
1644,-131.56234986957872
1645,-33.072538803394764
1646,146.96220755275104
1647,-176.59731717027955
1648,101.8368015450353
1649,-3.0903726032514527
1650,-90.61649169579647
1651,142.929957656759
1652,14.594324144081824
1653,6.48754510500936
1654,-68.99541040642423
1655,-20.008670852439693
1656,74.28017383354572
1657,-156.8604009784771
1658,96.96149447169562
1659,100.14436613512066
1660,-72.61358341972345
1661,-105.31355274266508
1662,-67.6398512396639
1663,-45.94481820488964
1664,-246.56108409903652
1665,234.41785775348202
1666,241.2690284668516
1667,53.99625213156379
1668,120.53445075126878
1669,-83.33973123596492
1670,-45.24284851009463
1671,8.09179387366909
1672,-14.469787232010304
1673,-18.919284613487974
1674,43.25873621024746
1675,-235.05685365757952
1676,-40.872109432111316
1677,11.929566399981283
1678,-18.09621398205455
1679,-6.687518023672297
1680,114.16764409844615
1681,89.39082708443549
1682,268.71783720075763
1683,122.31606128788526
1684,152.09465212552107
1685,12.918103803103818
1686,-53.49768304886858
1687,245.04669552851854
1688,-68.89645588959023
1689,87.89271835438227
1690,207.21953748303557
1691,152.1001621552887
1692,-8.41279433024981
1693,-24.656034592988533
1694,128.1642220888469
1695,90.48347452442398
1696,-100.59068755530565
1697,61.75667824324137
1698,-29.587394339093294
1699,73.00848728618786
1700,-53.1429431322409
1701,210.68219319371497
1702,-5.388303181982636
1703,104.43474546872258
1704,31.189015274408398
1705,74.02416319151286
1706,-251.64945332452868
1707,83.74837126674574
1708,7.632829288611532
1709,-181.12915267401394
1710,-160.2349650839169
1711,0.22605140630037113
1712,78.28467992207527
1713,-42.99386649937489
1714,119.83544183861397
1715,-93.88429489676493
1716,-47.986876102893945
1717,103.90481222958356
1718,14.174225098447764
1719,74.13855651008588
1720,120.49579060278153
1721,146.0090204436102
1722,-31.459606427733647
1723,-115.2665143158516
1724,173.1329193421422
1725,-131.5482123156805
1726,79.55955359925973
1727,205.6143276427492
1728,78.64369136249609
1729,96.64521999700801
1730,137.39549052709498
1731,102.87988661461857
1732,136.9528606499703
1733,-98.9309377046235
1734,-27.974487032861646
1735,-19.407739320632956
1736,174.17527841435697
1737,-60.29256858899758
1738,-31.313729154068014
1739,-41.326481520369896
1740,243.64880490848338
1741,238.28459630603115
1742,98.76936623396013
1743,47.91473985573998
1744,10.474833750019684
1745,85.36414766105106
1746,-96.94251507473479
1747,-22.438446799549126
1748,137.6146232177175
1749,-32.7372603351252
1750,211.41165444913545
1751,-51.55879715375083
1752,-15.011678600034273
1753,1.1666960509108435
1754,-12.572828121049852
1755,58.23071636676721
1756,-233.40267289590085
1757,174.83780677829486
1758,163.2557133348288
1759,-44.61295482758467
1760,-16.13446134002706
1761,97.18619752957072
1762,229.73924701101515
1763,135.5505808984691
1764,238.15669789321194
1765,137.43412282157058
1766,139.51879232882612
1767,98.4970538699745
1768,-160.87701692879284
1769,-49.277805785959906
1770,93.72923895107921
1771,-26.60612813279974
1772,125.86654905694401
1773,71.08818421451028
1774,-188.96764049977898
1775,99.79802505896978
1776,-7.077325760731611
1777,70.73181818696362
1778,-30.54691146891048
1779,107.04252477045377
1780,99.98664933659241
1781,109.8238587429037
1782,-60.65552492925669
1783,-9.692427509498714
1784,251.6688395686871
1785,126.59197041862254
1786,75.27242194954304
1787,-54.50580883278578
1788,216.38827926470495
1789,-49.86875848960442
1790,73.91125679062525
1791,-7.995942018415903
1792,-41.885261977153775
1793,209.54142957920703
1794,98.64071763408126
1795,246.36449901827444
1796,-13.039058261724762
1797,-124.5757406718997
1798,69.0788470046281
1799,-141.069255824135
1800,24.674382169407178
1801,85.30197707675993
1802,-75.17024265311197
1803,112.04012605501926
1804,-24.77310951279594
1805,-47.89321257069979
1806,165.87444086247876
1807,220.24586266044062
1808,-27.665504227188336
1809,103.77932827298463
1810,-252.48422481792016
1811,-32.23779672809111
1812,-262.4957322969279
1813,-49.33063555930272
1814,93.1194728699434
1815,-12.429231915964266
1816,202.2297817909482
1817,-54.10993874001852
1818,-99.78860732798083
1819,113.53485205761034
1820,224.7052559590383
1821,227.4501085147604
1822,-68.58532338434406
1823,102.06102998662584
1824,-6.028012638088967
1825,99.35630054658454
1826,68.97207330481426
1827,220.90081113687975
1828,173.97600340725668
1829,103.50053127240788
1830,195.00793639796484
1831,225.53735774831802
1832,270.35673930730763
1833,-23.264911895937004
1834,102.6076837764143
1835,-35.22300295060107
1836,91.26560703320449
1837,103.79564023216892
1838,88.37637487908749
1839,-0.3709804156557652
1840,-17.622082911648448
1841,207.0453120277598
1842,-101.02544114470044
1843,251.82249442008649
1844,-63.810357405763256
1845,-1.092959158664783
1846,-92.11173816089492
1847,85.79630591968133
1848,-15.460546030271502
1849,37.985160060057495
1850,137.85605782829583
1851,59.27874280973665
1852,144.8557833989663
1853,-130.22305245409586
1854,211.85702834150106
1855,4.745852750579118
1856,38.27610465250106
1857,106.3784803631441
1858,98.5991198772439
1859,-151.29268239843876
1860,-35.737163720557845
1861,202.46983641769407
1862,99.92513758001525
1863,-146.15624189527924
1864,-22.78699604297782
1865,-17.12264999139886
1866,-57.85229052033865
1867,76.47717814791649
1868,2.6403726760795507
1869,108.50294789422823
1870,44.948754268181304
1871,-25.091903344849428
1872,205.35033671628787
1873,-147.17959749581152
1874,95.44811408173918
1875,140.62119097749977
1876,-60.849776463942035
1877,226.21955856753917
1878,-143.84034426409664
1879,209.91773697042947
1880,-25.96516929791018
1881,159.59284662707796
1882,-195.60623058651782
1883,214.6018937398259
1884,124.87737308596178
1885,-65.62663786508399
1886,234.082577556415
1887,-91.8532038161925
1888,-63.27866808591974
1889,186.59387119954587
1890,-57.44560596764533
1891,174.69586656934837
1892,-6.362896763294103
1893,238.74790528323095
1894,113.78333483361162
1895,113.6605170030852
1896,214.53221908281293
1897,129.35029037092949
1898,86.02624533920499
1899,-12.311404842178717
1900,-135.10928631387648
1901,-250.5534819204943
1902,-75.12952963288568
1903,98.21118516580485
1904,67.20658242867434
1905,77.2381130203115
1906,217.8215156324751
1907,-44.33297276590611
1908,81.2068445931641
1909,-9.273452908745028
1910,101.96411526853304
1911,-51.86558663464831
1912,96.00837586503036
1913,-19.454143479222026
1914,-8.483854570454241
1915,-31.85933433107604
1916,213.46752197717421
1917,-12.392647715825362
1918,-118.28105298170364
1919,125.4499021518831
1920,-52.345727874252304
1921,-76.31397057623582
1922,222.7787707206768
1923,-222.17730677628106
1924,-18.654180103238104
1925,88.31153212601447
1926,-26.042080625289856
1927,239.19715921177283
1928,-35.66548074449052
1929,-107.93889026465459
1930,203.27807282373726
1931,129.9468245303797
1932,-36.685110044929914
1933,-48.315543602984675
1934,85.8815247159425
1935,-61.817008490048636
1936,-96.14343781582518
1937,-75.3558354070758
1938,-57.53616278943288
1939,-48.32080850599239
1940,-25.42359728758504
1941,-67.17096182140355
1942,150.1360401092589
1943,120.84985297911892
1944,-78.4163574173287
1945,-42.202587603525586
1946,-30.022502538883145
1947,-44.942730583164874
1948,-43.7510101795058
1949,231.16375500088233
1950,248.71906101588323
1951,145.7701583511903
1952,-51.190834312419184
1953,237.50900773466566
1954,-7.33762540283567
1955,90.2903841939756
1956,-21.300020960737342
1957,-41.38617428989528
1958,-44.350734080334576
1959,-10.78161698548449
1960,119.80384916505659
1961,8.929439780311526
1962,212.37681161425675
1963,-0.3401322523720438
1964,-84.08828587812384
1965,211.40408931534984
1966,207.70893321172298
1967,-46.82763187066942
1968,-41.65556700523242
1969,78.43279953722161
1970,88.07959104317928
1971,120.50033608589162
1972,206.78139695628417
1973,137.40120470816623
1974,-45.88910034490091
1975,61.79530162574608
1976,110.76921601851971
1977,36.46853706346829
1978,149.771104770956
1979,210.66643086521526
1980,49.24781126136042
1981,112.12913693318332
1982,82.74040850321599
1983,93.3109665130965
1984,230.56046973574684
1985,260.25600519505616
1986,-246.90254282885263
1987,213.80739903377932
1988,-34.882844295277664
1989,-195.27581082325088
1990,129.41936224415517
1991,65.10864284958294
1992,16.24900325478538
1993,65.36070180320863
1994,226.8146100115638
1995,150.04070268741222
1996,-99.7432962562315
1997,50.67946940604554
1998,234.95574165977186
1999,272.6887621235428
2000,-86.38725121063602
2001,209.38459798113047
2002,-28.682193112632703
2003,111.85408327084929
2004,-57.44647853089778
2005,-38.87342177375304
2006,194.06522049343897
2007,92.38830601336284
2008,221.78322109354116
2009,102.20049650999357
2010,79.17068358602585
2011,115.50085472827875
2012,0.06477783493954803
2013,-58.74715689611611
2014,279.2797413851532
2015,-61.98203106819412
2016,5.411578031072722
2017,134.72853579734266
2018,208.16607456178784
2019,-68.6536734320389
2020,186.8595493030357
2021,115.23660612412203
2022,-273.0239501200422
2023,-275.376312879334
2024,217.32114610850033
2025,230.98131067250114
2026,140.31693498750582
2027,-95.80134499688246
2028,216.08042883674375
2029,233.23722067491707
2030,19.154968138776397
2031,-27.00103046130404
2032,84.99993400632665
2033,196.5335574944757
2034,-23.91124599946137
2035,89.33864843035447
2036,-188.38253657663262
2037,108.56715617789996
2038,96.24559411618586
2039,-105.13115696344511
2040,209.9923938790073
2041,81.84958745131863
2042,89.50233836759999
2043,132.18394853766014
2044,226.66477421240242
2045,-116.36816717816241
2046,248.5414337737643
2047,-61.114545570540955
2048,-69.93209376533243
2049,227.84995865391525
2050,-33.72933578318924
2051,225.1728640497513
2052,63.96815933028385
2053,16.45967950553532
2054,43.15190866664034
2055,-13.20885238174688
2056,92.51555908149787
2057,180.14320973830905
2058,194.44809636188882
2059,-242.55548817571696
2060,188.37050958422833
2061,95.14711839291991
2062,-21.93481140604044
2063,-24.402087388349386
2064,-118.25169900467498
2065,105.29494577691219
2066,-18.99831599992443
2067,-52.042699167335456
2068,197.58871263551848
2069,-9.888616390634908
2070,145.01916986627322
2071,92.38240034097308
2072,125.90041571908236
2073,230.49863186010268
2074,126.00882072558146
2075,222.56615563220458
2076,221.68311085738782
2077,257.47959245017535
2078,74.59722661974283
2079,112.23205572043794
2080,-34.851629678115884
2081,6.1818023364654096
2082,-75.95083323662736
2083,-60.56277134527427
2084,227.83974394981956
2085,104.38202149244779
2086,112.16182558415365
2087,84.23340393135938
2088,-20.7261889122571
2089,213.06549584770056
2090,-40.06736148910349
2091,12.478052889800267
2092,115.75535216006885
2093,150.8129035455228
2094,187.01240354292526
2095,253.5285539764351
2096,121.64775250195137
2097,207.83599493488202
2098,226.28381890219833
2099,79.05305501487412
2100,113.1776575046279
2101,-65.52094514917181
2102,-85.12384743169956
2103,82.39976548617335
2104,59.456118539704896
2105,71.18140787490907
2106,-184.33150282510994
2107,105.79853396780042
2108,-14.611391651339417
2109,198.80578010268704
2110,210.09899647252843
2111,-23.57262964803806
2112,-37.60595842838842
2113,-57.50086052172398
2114,112.72011936746888
2115,12.234954892998132
2116,215.31684960143397
2117,-129.10871435859121
2118,62.685841457872684
2119,-14.497652089494508
2120,-165.14069591459236
2121,67.45204068981673
2122,-294.15127143549773
2123,118.00342933321272
2124,6.796341511447324
2125,256.169385697665
2126,-190.26030050380695
2127,122.68726283859993
2128,94.09947339299538
2129,-2.9851373991417063
2130,131.74346379425845
2131,-35.79220646425972
2132,-25.29769950071274
2133,257.955134500918
2134,180.21046691464323
2135,255.64347778552929
2136,-44.37482288657853
2137,137.85406399989887
2138,2.3376726252912903
2139,181.70064819875876
2140,-28.07345441958296
2141,-177.96186264201043
2142,-112.86496510769405
2143,-15.012636235880663
2144,87.00305402075797
2145,-189.98259987448267
2146,98.29152396002262
2147,-69.25909077661932
2148,93.1378084200575
2149,-35.90622644042378
2150,99.30733105935971
2151,-77.04215474986793
2152,123.96724776846688
2153,28.833506662270736
2154,229.04058599263712
2155,124.2114985100684
2156,-179.71670785249205
2157,2.9431081618478885
2158,217.91929162684474
2159,-62.37487612281723
2160,281.80948206481804
2161,104.27081045907278
2162,100.18165206257076
2163,59.816818525345
2164,219.97821093473817
2165,244.94678285268432
2166,201.2409625858568
2167,93.98717911891227
2168,211.13128010010686
2169,192.0225928381082
2170,65.12775221819913
2171,249.9687313312493
2172,185.12587860332266
2173,-36.262431567803645
2174,-76.86442715272057
2175,84.98531311177692
2176,9.41250668119136
2177,97.10314080638577
2178,-71.68471124143099
2179,-52.80459085245438
2180,87.82946750793803
2181,205.21533027516176
2182,50.501896456700706
2183,176.30509643529305
2184,-108.04596504080139
2185,88.18585766882669
2186,137.58530846577725
2187,-9.832968623770626
2188,-307.65697526642435
2189,129.40460324760798
2190,91.42864946957683
2191,103.63955991230587
2192,-12.54100853420718
2193,216.51354665294488
2194,130.97189506009914
2195,-17.713307360368063
2196,-38.79226092234303
2197,-44.436662284558366
2198,133.58605532241688
2199,-41.947030778154826
2200,195.78718465084356
2201,129.75902275451077
2202,-149.4798315324067
2203,100.08934936864614
2204,-5.332708298649521
2205,-5.5987155895790295
2206,-48.28192626807818
2207,2.459950015191467
2208,103.56084317307474
2209,31.38493958777326
2210,183.92981250522163
2211,-28.592040674706993
2212,207.33241281201944
2213,213.12145931133963
2214,-16.216512368972076
2215,142.85202967314527
2216,-47.415068151458726
2217,223.54783756698282
2218,-33.76475422876858
2219,22.17617019492363
2220,37.99830618067239
2221,-182.61511613382834
2222,-102.11160073345144
2223,96.13953157930115
2224,83.27377729710591
2225,126.0912735627064
2226,7.838959904565087
2227,267.96348659144616
2228,221.40667315526943
2229,211.74661290521635
2230,-61.16750850886595
2231,-376.71406101767144
2232,-74.36220836544823
2233,202.33129212855403
2234,215.19964518749825
2235,222.2032591945138
2236,16.9080879014668
2237,235.2321646115638
2238,-43.91846146037888
2239,233.19939185054
2240,141.76834940843224
2241,-36.506770666442506
2242,253.9452349445873
2243,217.30948808618996
2244,140.49837668903587
2245,-20.776451050700587
2246,39.46553651170412
2247,-18.640415482398936
2248,235.15504252815464
2249,77.78316733224561
2250,212.89302357627446
2251,237.77600007880855
2252,130.7363914710934
2253,309.36590866043394
2254,205.0934211126654
2255,-40.61685468389993
2256,182.26284619386485
2257,-31.676053447764744
2258,-0.9381232055278872
2259,-29.42157776887916
2260,-19.308776965277318
2261,206.96603747684463
2262,-253.72060417378665
2263,234.9000849628104
2264,-29.33421040206349
2265,-26.9153261070405
2266,-31.119936811700796
2267,100.04505169863793
2268,-26.084541433372763
2269,-47.91013076634033
2270,-32.89053483952448
2271,240.7917825803085
2272,-142.7400400752613
2273,-76.09664485546787
2274,-43.1047476735109
2275,-43.68365300222797
2276,245.80216729233135
2277,-3.571552519602946
2278,47.7584106508233
2279,90.57460197738126
2280,123.04946255251353
2281,225.0226118084439
2282,237.6308047042642
2283,108.25739266137354
2284,24.359549219881032
2285,59.75499894533571
2286,240.71648624874854
2287,70.6849954692675
2288,234.49183325934624
2289,229.92951863685724
2290,255.55270511652498
2291,92.37703922385771
2292,157.196644190743
2293,87.41659843261925
2294,95.74462975263611
2295,-32.183093582734315
2296,233.77039317493666
2297,209.76703158870134
2298,-20.726262458681802
2299,-0.2167717766972288
2300,18.369820912133676
2301,-23.259755830715733
2302,206.7342994390674
2303,235.0072085879607
2304,158.19474230667774
2305,119.84533802133527
2306,208.2716532560539
2307,0.9168915741781802
2308,51.571325920888135
2309,-28.310144654671305
2310,-87.36765089009737
2311,44.18950757224343
2312,2.145839248928766
2313,277.5867769248101
2314,78.60260014665693
2315,255.23149608033705
2316,227.6165582345626
2317,-194.46850918280052
2318,211.34424175762223
2319,83.85203092250993
2320,115.43892855015793
2321,89.73628941294407
2322,-93.43859882503891
2323,197.18738342895614
2324,136.2528090210274
2325,102.71620570052481
2326,103.3709754934097
2327,224.68155175861617
2328,-16.707104804595943
2329,194.45738200110418
2330,-15.683481083925273
2331,-28.979789312920445
2332,207.11423218585182
2333,92.57417487784204
2334,230.12039745644552
2335,227.97501419863266
2336,100.14027911199055
2337,-10.909421265480859
2338,245.5758808440028
2339,-45.76631875989848
2340,61.924555141351675
2341,-13.487279685182415
2342,-55.45792103537744
2343,21.455616448798338
2344,135.487576086137
2345,83.02004968131105
2346,119.14367205728304
2347,127.14815492721453
2348,192.71563207769645
2349,233.01130270868762
2350,18.571789826299423
2351,119.33405641630632
2352,82.54293458675859
2353,-215.8491574705602
2354,218.68900569000215
2355,-213.91977595232413
2356,68.56006242376
2357,30.370183818822134
2358,82.38949144843444
2359,198.91581791303096
2360,-29.564325016223464
2361,129.59097338430718
2362,19.66441267110349
2363,-23.604620276600855
2364,78.65806465239734
2365,162.51474271616124
2366,253.235605367468
2367,-26.756583197308203
2368,-25.59601832928
2369,112.36369601173334
2370,196.1332594854211
2371,-5.364612920471416
2372,129.79655007250497
2373,-48.74031071838118
2374,-5.563423149140334
2375,219.6625896071808
2376,110.408333368869
2377,224.989264094901
2378,81.41997812521272
2379,147.48509743436136
2380,-79.86612448103591
2381,-153.2194970812729
2382,233.18254496657312
2383,-23.792471402421185
2384,232.6427246123211
2385,212.75946386650827
2386,116.16747392307146
2387,115.63088738547502
2388,202.15662976811407
2389,-13.7292420315555
2390,5.861124943211834
2391,-21.0884558240694
2392,-84.47807443934136
2393,217.11944778186142
2394,233.28730923520683
2395,-19.398652883027736
2396,110.18691106769964
2397,215.2397786542366
2398,-29.271192890949493
2399,215.98391325271803
2400,-26.339999232593513
2401,208.34992858442487
2402,3.3729784771289957
2403,-253.06665973874672
2404,198.09309479191813
2405,2.426621750566767
2406,-49.9945619965622
2407,-41.219189620052674
2408,153.12422436555863
2409,-17.98887253195592
2410,78.02435077896399
2411,-198.64195971798972
2412,19.497437423075155
2413,74.0023831936372
2414,-42.53370474977693
2415,96.69557427721342
2416,228.9726227458521
2417,184.1083740192804
2418,-65.73346181312927
2419,-6.23129711537149
2420,236.99023028642276
2421,197.77936206233468
2422,-8.351843741414541
2423,219.05885099324533
2424,-27.186814289935242
2425,56.64607194897289
2426,251.43668488135577
2427,126.04589150963082
2428,191.45211005526272
2429,191.22842166708642
2430,107.94090397507469
2431,184.13485900803371
2432,-22.36876229380576
2433,103.4572542818976
2434,237.21661944030737
2435,126.31259031642178
2436,0.7966972266830084
2437,-11.32768730956974
2438,159.66687306837954
2439,260.162238266106
2440,48.799957017995865
2441,141.18761346552066
2442,119.85551599089068
2443,130.45643313986557
2444,66.296645080344
2445,-0.9899892300594928
2446,-69.1139063522253
2447,-57.01140581487029
2448,-29.764934573834694
2449,145.4237973741546
2450,190.60148490646986
2451,253.1212386603406
2452,205.4629358783836
2453,204.5787864033902
2454,115.46084830126497
2455,238.39697279409384
2456,168.13542632476245
2457,-7.215561453193814
2458,216.839809457925
2459,-33.45408154417761
2460,149.53988988347794
2461,245.64057725798042
2462,-31.28830164282978
2463,-28.597660587746404
2464,239.15170953313105
2465,12.527336747904847
2466,73.13926633216549
2467,-48.53595344033141
2468,-278.12915067857307
2469,-100.61386503206995
2470,-42.48829492212504
2471,241.99469085271332
2472,223.16920855263004
2473,232.30549637880713
2474,231.80331536595827
2475,-105.94103535099607
2476,60.652059303622764
2477,23.880841353232938
2478,106.65300809434525
2479,-56.63841264501359
2480,17.165443746984337
2481,179.0570899021691
2482,-17.116700101885115
2483,116.26677129950647
2484,-8.562492312113335
2485,-4.55741751881051
2486,-36.05268064403431
2487,-31.296972228470125
2488,-16.9459974098383
2489,131.65044435979988
2490,143.26604881575426
2491,137.67821936144858
2492,104.62649344398898
2493,109.48447597471575
2494,108.55632342584414
2495,160.85155658453738
2496,31.996269274924284
2497,68.98465895328725
2498,227.83129522088916
2499,7.893524299260719
2500,127.41466034836729
2501,250.2588209333347
2502,249.9851509229979
2503,251.69709980401691
2504,110.11292843600759
2505,243.84826643846472
2506,155.33518420278105
2507,-10.933352022573587
2508,228.7997507328109
2509,227.2910865961011
2510,144.2816655658282
2511,114.46590561880815
2512,25.898148070302128
2513,88.74713967661006
2514,138.56077060324867
2515,-24.727428035487563
2516,110.69393497032269
2517,8.482192956288046
2518,270.266639215117
2519,116.74819837092417
2520,-3.6847615099504196
2521,-77.17800905725538
2522,-25.38295245245297
2523,-66.90153230271343
2524,115.40663694529539
2525,-28.39685666121042
2526,-2.233405160072266
2527,-5.424925885372133
2528,70.64694234847083
2529,179.69229251639808
2530,196.85059576422933
2531,-4.04383378475022
2532,-221.44861127093856
2533,110.47412950347122
2534,109.69354774526889
2535,134.69965308223146
2536,229.32564923482775
2537,245.72614891261205
2538,-49.43555572700278
2539,248.3183068630678
2540,-0.25263194108018183
2541,267.3214297191355
2542,239.5376720999353
2543,237.87617134175008
2544,137.02013232490668
2545,-9.500300397442288
2546,-62.57376878849399
2547,264.0867950993156
2548,-242.24031556874266
2549,110.9428930395108
2550,-25.21134932783201
2551,182.0645482412004
2552,-48.73530240092493
2553,124.98320920415698
2554,-34.02698068879616
2555,173.55610114725863
2556,128.59608564918793
2557,-8.215383905176736
2558,244.34338155809206
2559,207.31451971359203
2560,209.32507983388106
2561,85.84508028049359
2562,14.095613494498167
2563,209.22307977729662
2564,-5.776073809115559
2565,-231.38159528340427
2566,124.74637831283822
2567,-55.154835430219705
2568,-39.7492131277688
2569,231.64893051979269
2570,-36.429058879965424
2571,124.52035523904085
2572,41.96230831778546
2573,145.59784110035437
2574,155.70153422943244
2575,167.49410474569058
2576,-85.72688132120965
2577,4.1903315064452755
2578,-27.920160627851686
2579,200.70878901255674
2580,-28.737903800981584
2581,263.17681332021573
2582,-77.32575178991111
2583,225.45694490952417
2584,167.1163124250365
2585,-53.277184301359156
2586,211.91508788976205
2587,230.99928575187238
2588,-58.12335697020854
2589,217.6771093736462
2590,230.49087940315076
2591,257.12963213248366
2592,222.6857043935712
2593,-25.612589387531358
2594,1.346075911766789
2595,181.7274842904032
2596,252.4012222679459
2597,109.04527093233361
2598,137.40582403758765
2599,230.34822447785308
2600,125.6357442701491
2601,235.27344768758084
2602,255.38993577536692
2603,226.12868245730004
2604,-29.38300781107091
2605,227.08222512373888
2606,108.33809262735285
2607,202.56587989349723
2608,189.56937900324493
2609,262.89709118358974
2610,252.00761329215476
2611,-20.75957559580887
2612,117.04591677850054
2613,101.0167550164821
2614,201.65227593151337
2615,209.64876026695296
2616,207.9097719921205
2617,261.848992276879
2618,140.1928411572872
2619,228.27211818003505
2620,161.774167189971
2621,-29.939101009643537
2622,-26.582330067963866
2623,168.25853159479743
2624,-67.94436455508179
2625,260.03085078901495
2626,72.73222664326961
2627,68.65452660015495
2628,232.64243356562872
2629,144.47311293957236
2630,82.28999024706702
2631,-257.85805069669163
2632,-8.376443869837303
2633,-14.708682877412201
2634,133.91390330187974
2635,53.92598538505473
2636,235.53151013539494
2637,203.1725801549843
2638,-165.38503979560156
2639,15.614735146498191
2640,-19.602636996346646
2641,-80.27854747839606
2642,99.45247799742711
2643,-30.060945877189667
2644,170.55635068814365
2645,-27.173182820217292
2646,257.2017340668307
2647,-66.01603068007495
2648,106.92028971239839
2649,129.42976659800354
2650,239.10026787559565
2651,204.7032626930202
2652,-44.20737963468777
2653,109.45171387893974
2654,-64.21166178201926
2655,294.4526406693707
2656,-37.7051529479148
2657,11.562804054657079
2658,171.4330019086546
2659,235.57849157492714
2660,177.8163692762123
2661,146.75891985559315
2662,195.28900942952617
2663,21.498597728158586
2664,212.34999207524396
2665,176.91324105128166
2666,-65.19080947307575
2667,106.6535040769256
2668,195.20830957684495
2669,-6.116604155963927
2670,3.6218964671001714
2671,168.19512593173184
2672,220.26219930731696
2673,285.1005978319253
2674,119.35958495739237
2675,106.14987305014994
2676,237.6014936655158
2677,229.2555043022245
2678,-76.7794639598869
2679,232.18669202052988
2680,-11.675704461080102
2681,-14.465305851162753
2682,160.5560685541609
2683,224.69596407380163
2684,-104.52767088465176
2685,-26.04441265579227
2686,-19.825237408804668
2687,-311.2000105237194
2688,-15.833447714432268
2689,-46.218483662172815
2690,25.40012204418568
2691,-170.9131863421122
2692,193.965102889865
2693,-46.56985517840868
2694,6.097948281237137
2695,276.58970616275417
2696,-45.98440028158146
2697,-42.12940558899733
2698,196.281864078861
2699,73.21063316195465
2700,32.743406188745666
2701,257.214887447497
2702,0.9229054279643663
2703,171.80238226516943
2704,224.46413267392373
2705,218.79499172099122
2706,140.65354694677097
2707,141.74847340971536
2708,175.26672474377955
2709,-54.47804788814845
2710,0.05454822809198845
2711,152.04257474011015
2712,-6.0753342222652265
2713,172.1280185491383
2714,-105.30023277120885
2715,-18.042007461907247
2716,238.701815067304
2717,197.48836724105672
2718,164.998170150932
2719,121.24729142944418
2720,203.7638099748289
2721,37.24569296741983
2722,238.97125169978895
2723,9.376153072120715
2724,207.46783931770432
2725,245.9614576217736
2726,-2.1888040084364775
2727,246.349403298615
2728,198.04125880881372
2729,-75.36819792065826
2730,-234.50346571373893
2731,230.4727686708538
2732,216.8784245695736
2733,-118.41363766483116
2734,267.30382222217435
2735,246.73019134273778
2736,236.84210096328988
2737,156.90519282582923
2738,259.98870940269467
2739,63.7766391977839
2740,-44.27780703712092
2741,-9.614639596754316
2742,7.185021610779273
2743,236.88566603341093
2744,233.7754471279344
2745,197.33437938985864
2746,249.2268979405449
2747,-79.69811770536151
2748,-48.29959382822352
2749,224.081619241512
2750,-157.65694983862082
2751,243.89002322450852
2752,209.99989670453598
2753,-29.441036661955053
2754,218.62358517098437
2755,-80.92271188819475
2756,228.2685559831653
2757,-9.936182810344377
2758,196.74116060011548
2759,-31.388659691742134
2760,231.07300440503258
2761,230.70044007998783
2762,187.01831254334104
2763,226.1212762317848
2764,-45.29517751379332
2765,-17.82662012086668
2766,-55.79699996098702
2767,-5.726479061875409
2768,41.24510820081656
2769,252.91032882375868
2770,61.39825196217089
2771,227.20354174841398
2772,97.77995008442251
2773,92.52809087190903
2774,261.5564698228972
2775,233.45724030271882
2776,109.34373592654576
2777,86.10666390527342
2778,-51.83438547500421
2779,17.10966272230776
2780,1.8361550298772613
2781,109.13508299730458
2782,-23.417002456333535
2783,-65.64464363743862
2784,96.5445358528116
2785,230.70698124770547
2786,175.13370529317035
2787,220.0644425624235
2788,110.85146681519144
2789,99.53404725604139
2790,25.623966313751517
2791,41.90264490639652
2792,280.1068935339265
2793,242.67371830462176
2794,81.55810864086293
2795,144.54386312092143
2796,-21.162579810725887
2797,-39.65678830011322
2798,212.21760668895936
2799,-44.691630253699365
2800,164.6612862517498
2801,162.20509478893445
2802,-26.086748965898096
2803,251.20009804730327
2804,-26.216113533630917
2805,226.2704055365241
2806,167.36318981399413
2807,103.70854909743598
2808,241.56750064553336
2809,188.10975264006686
2810,104.00138007469522
2811,233.56593110617646
2812,219.77843666434651
2813,-111.9264247012178
2814,-33.93837407428751
2815,93.69982900832858
2816,-29.324871675343772
2817,132.57191055056774
2818,226.6903992575322
2819,10.384461946686443
2820,161.28008417259954
2821,213.89609080261727
2822,-13.888008836775626
2823,205.32375256361303
2824,211.13554053851863
2825,-237.95807537709808
2826,-53.23188703566326
2827,154.3995104973785
2828,-0.20156827545434908
2829,148.05840002274945
2830,-41.85186421581308
2831,264.6304499121245
2832,-9.749399883854764
2833,-49.3724976821359
2834,226.00271139252592
2835,105.24095064497268
2836,126.5535033842526
2837,-66.29997652010992
2838,275.29391972431006
2839,170.45692269210684
2840,230.57896763520714
2841,80.24232566249918
2842,47.49231476325056
2843,-0.5064248538779026
2844,3.162676619171151
2845,80.97041896167298
2846,224.27426958372223
2847,157.14325250312297
2848,130.7209692273192
2849,-76.02780855792884
2850,191.2811228441384
2851,197.39844351049447
2852,301.5296713143049
2853,251.95990267818507
2854,79.4114322988638
2855,-86.98298280441279
2856,-70.96381994571077
2857,223.21453549374127
2858,108.46310021432612
2859,-51.695959979656266
2860,93.52855609561607
2861,-19.997070559577324
2862,56.34204468905065
2863,-34.180887138717424
2864,94.9180579483236
2865,92.68334318441995
2866,259.7866938732579
2867,238.4628755878256
2868,149.78625813818167
2869,-19.807218329056724
2870,161.35914584614412
2871,-25.296201914099527
2872,2.5582726806203624
2873,143.15910433569118
2874,200.23919902435446
2875,-21.475680928829405
2876,74.38310115205326
2877,265.3104458656244
2878,237.50925190853982
2879,54.18423365373333
2880,215.88271354649618
2881,169.90436895666488
2882,-117.33355619728249
2883,184.6103681632774
2884,188.69089094520066
2885,95.82673322116445
2886,259.90414267145576
2887,6.340974477260218
2888,239.76270349222767
2889,-2.423763540275445
2890,99.31469652455617
2891,31.441795976397465
2892,-264.1358939539479
2893,-29.939654999698263
2894,279.3856371282293
2895,74.45750675071557
2896,-63.39806989611982
2897,-29.603630805383332
2898,228.04856356617742
2899,125.5721061458422
2900,-21.9471503530377
2901,201.09447206424426
2902,84.14200518553223
2903,18.667735011381268
2904,245.23912300745246
2905,-9.546823432986557
2906,270.40940190453097
2907,103.48395160940348
2908,109.85636945409942
2909,249.84061936183977
2910,166.44714306862858
2911,-53.012385185326224
2912,-34.16615474691129
2913,205.47256132737556
2914,188.61259756591144
2915,136.60254521350078
2916,-71.70250538840992
2917,-53.5939529305426
2918,153.8412150288212
2919,81.5060993893299
2920,161.5732160148375
2921,191.98138880658323
2922,166.65254268752346
2923,-25.389234647977517
2924,4.133822503921223
2925,126.72624518480511
2926,-66.67997503879351
2927,206.53343999058376
2928,-15.188114547745784
2929,88.76615469824195
2930,-9.0327745854824
2931,215.99224061271602
2932,254.6398168612224
2933,165.20164224382353
2934,144.7205966832012
2935,209.985147188248
2936,-12.65529113018492
2937,144.8509874992064
2938,-10.870580996680701
2939,-158.30673216735653
2940,108.72658879203888
2941,236.03296996390557
2942,239.90179194732838
2943,-22.826051351899892
2944,291.44200716630655
2945,80.51819327414482
2946,-20.164482343569176
2947,239.2839925882998
2948,274.45602674110455
2949,102.21304881580176
2950,16.09923855081135
2951,262.1639084478505
2952,91.64646568552222
2953,13.345526744705396
2954,36.5968114009354
2955,-56.265761005492564
2956,-39.04226729690639
2957,-10.693092654228238
2958,247.68350820517858
2959,-169.1924535186996
2960,-52.59214107837403
2961,100.59735651157563
2962,141.1218646774397
2963,-61.0540323337911
2964,-15.820616779857076
2965,96.23385902270675
2966,225.3985572442495
2967,93.69734653132758
2968,-56.414334473769756
2969,268.4883051301507
2970,227.54300528401444
2971,-49.68330670431122
2972,126.72957593988075
2973,251.788848449708
2974,216.2162774344126
2975,8.49676237590451
2976,-5.5492923708562785
2977,189.0790237045369
2978,177.7692661206688
2979,111.9602768338478
2980,-181.63028686902393
2981,-21.61937322424677
2982,1.5497027730060324
2983,242.1353850940597
2984,234.9734133007076
2985,218.83024599949113
2986,-22.201612379287695
2987,113.79029967121522
2988,22.771491523109418
2989,216.7981122273084
2990,-52.35846118590604
2991,95.334774864688
2992,213.9851505319583
2993,-193.10360986575017
2994,83.54280820053228
2995,86.94310217052144
2996,209.4964857905668
2997,-92.98494707081011
2998,214.31983644520525
2999,-67.68310114944343
3000,233.71667854931607
3001,-44.057986721759335
3002,-38.45388790528297
3003,63.8746707419462
3004,-59.3876288612058
3005,240.336429248971
3006,-4.840764019210141
3007,-36.31475393486242
3008,82.96489795216661
3009,155.88181435130713
3010,138.8528954404034
3011,67.0532535717019
3012,237.92878421832654
3013,168.02484773767088
3014,168.26760223979335
3015,102.26018733169025
3016,119.22109383684162
3017,195.80739050734888
3018,-17.693803925724012
3019,164.02231696492328
3020,-255.02962679590132
3021,236.4526288373982
3022,-3.7686793829404053
3023,229.99812886167405
3024,198.98376537375248
3025,86.30169950969
3026,-93.99493996935232
3027,248.44397132947535
3028,-37.173360268025576
3029,200.08692628635765
3030,195.36634288941755
3031,-21.989411543798667
3032,-29.459153703555188
3033,-11.850354324354598
3034,191.22921414358837
3035,5.883532384159366
3036,134.4657955446241
3037,200.74646265162215
3038,183.26161884480197
3039,-10.468633782788402
3040,228.93656578443634
3041,100.47485588900064
3042,-15.176830148670291
3043,99.5687945767562
3044,243.09365075813253
3045,209.25529146413965
3046,204.5221044189546
3047,-180.53761039036397
3048,-32.47864503697967
3049,157.57947306285448
3050,-117.32946428029068
3051,154.51750363355316
3052,76.31651998544447
3053,-28.54442003703953
3054,178.11734797482794
3055,192.8304753122407
3056,20.871270430079505
3057,-18.57731698107925
3058,164.8054571278314
3059,198.73142335547806
3060,187.01905911527078
3061,-145.02425703002854
3062,205.34282152121392
3063,90.27743575947427
3064,13.873804433205137
3065,231.95489625942383
3066,-79.24598434233327
3067,229.12206926800172
3068,200.38692859544435
3069,-64.7696754629444
3070,231.37078335917641
3071,198.72438003188506
3072,-207.1675336813111
3073,-136.8883894987545
3074,91.80312167063315
3075,-10.426799992431071
3076,-40.00109299304134
3077,-38.00400761386115
3078,-17.817880556107326
3079,119.95078186969718
3080,20.84483546330766
3081,125.10344884382525
3082,261.16080844779776
3083,-9.563647670252678
3084,-63.11816332876951
3085,-32.04973403290815
3086,211.73285864889496
3087,70.96007936692479
3088,97.2378511025023
3089,226.1716115166542
3090,163.27440941120116
3091,-16.329507462971918
3092,105.56406830980835
3093,221.45194502968488
3094,116.11109025846115
3095,14.878939759653292
3096,-84.02823961870351
3097,-34.029410925946124
3098,88.48306543420192
3099,-44.42068436722411
3100,228.88849308854682
3101,-81.81816618410379
3102,-84.8989622312237
3103,214.73990281750727
3104,217.65381126251935
3105,-54.53807657786393
3106,166.11157339296338
3107,-43.00290938801143
3108,226.25777455334725
3109,193.4304660531723
3110,90.12894584164982
3111,-27.62318483222721
3112,83.89818107466917
3113,-77.25873694737646
3114,69.02283777412048
3115,82.24350480793993
3116,253.38864490756612
3117,-12.359352873699976
3118,-54.503628511409204
3119,156.78707114039275
3120,-31.992845634785496
3121,191.48006602733858
3122,-67.5594105321076
3123,-59.90472824316032
3124,94.97707920053698
3125,-118.82955134808981
3126,202.8132421128314
3127,-67.48907344887648
3128,136.56972278539584
3129,250.7326272617751
3130,240.58636644614123
3131,195.94379458019688
3132,-32.90733813386002
3133,187.95698625381954
3134,3.5401404322580845
3135,204.4262459553216
3136,-89.20325131194075
3137,200.80135453530647
3138,-26.039011587545033
3139,28.587159774312923
3140,-193.8679596948941
3141,99.30492212668551
3142,228.95612356994326
3143,106.62904522905929
3144,108.27694384596914
3145,-40.118987097372866
3146,134.5938210381994
3147,-56.49452829041333
3148,116.52875879017283
3149,-189.91318222029264
3150,8.919530360679573
3151,-15.810005773840132
3152,-55.1112496003184
3153,236.84568193186453
3154,105.40772119589309
3155,214.62443202403335
3156,-71.10742773619742
3157,13.769760820310836
3158,-105.07525385726161
3159,-91.8883191342547
3160,187.8298648897209
3161,248.6718541091394
3162,185.27129276044525
3163,97.09841722630924
3164,202.13875919080118
3165,151.14357782475577
3166,219.4484176823894
3167,217.80656876121415
3168,-69.04126406735863
3169,159.29011537539108
3170,235.64591013858916
3171,-0.06677688897950418
3172,-148.7595780744528
3173,212.2105828061081
3174,225.35685702230546
3175,208.33150926337578
3176,171.01812430128322
3177,227.584165576319
3178,-216.25282408989509
3179,197.4815805696895
3180,241.61497242284955
3181,219.80036233717615
3182,44.656390771138064
3183,53.2646933245839
3184,195.38889334951824
3185,103.94645398354572
3186,225.93386266881635
3187,247.96257025162987
3188,172.8104223440742
3189,93.27718701081108
3190,83.75087171954199
3191,159.93457695037083
3192,-111.29115759789372
3193,21.979814862599568
3194,261.4464501114128
3195,77.73831446207694
3196,-14.66421415497453
3197,-8.101689077254719
3198,221.73289901079573
3199,131.43933639013716
3200,176.09959840404682
3201,-151.83653253780105
3202,259.7594749250638
3203,206.92215819748722
3204,78.79900986481715
3205,239.62614742434323
3206,96.0432800665283
3207,-58.191206794727755
3208,198.47901956328454
3209,-70.1149050902091
3210,244.43440865762844
3211,180.67162852356861
3212,245.80854660516607
3213,-165.48427508448418
3214,82.61368344847145
3215,235.008158626689
3216,-166.0562454078583
3217,103.27993891484388
3218,-21.230721154439735
3219,-26.80214995954087
3220,256.8573266395274
3221,-158.82533360166343
3222,229.646684196723
3223,123.92635992460941
3224,243.67085569134565
3225,93.89714165423261
3226,184.72407132030725
3227,249.0821138123571
3228,-54.59932202232368
3229,51.8191840603655
3230,79.91164792344743
3231,189.21246273353844
3232,-55.54026265057654
3233,30.845403003730155
3234,138.93003964424884
3235,184.18794721691512
3236,18.694059450571714
3237,-56.557530367515554
3238,-46.03292807255205
3239,-4.429313902129408
3240,-1.9717908623616296
3241,200.09075494244314
3242,96.47173278583173
3243,203.14513652675683
3244,-113.73173732653653
3245,-62.44333023946227
3246,-46.9593375322745
3247,80.54764675874132
3248,-21.118490464141715
3249,-17.463047216864865
3250,-2.208365951030359
3251,216.0318954261719
3252,95.02652965671962
3253,-32.19647477501849
3254,227.44029059419285
3255,-54.493527656071024
3256,251.46387385067774
3257,-35.54326269742802
3258,115.33331259666262
3259,-50.390741666329305
3260,118.95259127467273
3261,210.33894645477272
3262,138.68037559933802
3263,204.45502615217453
3264,115.59601857244785
3265,244.0593972602992
3266,125.66519714498192
3267,225.05926472318657
3268,-4.884396903690217
3269,-57.2502697350496
3270,-84.90239742407954
3271,89.5604935950536
3272,-15.538174338347488
3273,206.2302745010188
3274,63.44899872203692
3275,-35.423179095453435
3276,197.5546513544394
3277,209.10861600228515
3278,215.95688310651627
3279,88.23143720237987
3280,258.7507633908238
3281,176.8501720682038
3282,59.045934060956306
3283,216.6770932113922
3284,177.52638468995883
3285,220.52960822210505
3286,145.5770350779111
3287,230.92049845418126
3288,-53.32904935691077
3289,90.15047416763552
3290,240.2410626801532
3291,67.13477275807416
3292,-85.65926320692806
3293,189.75016342907213
3294,-67.31513234254199
3295,-19.15573188590311
3296,138.08113348274816
3297,259.00874719429476
3298,15.754773013851425
3299,18.46654154054221
3300,192.8261498610209
3301,169.32941874713174
3302,124.86112128528521
3303,217.22509443728572
3304,242.30525748638965
3305,226.30379605205812
3306,148.19784074900838
3307,133.28147680094258
3308,-66.69134173598081
3309,212.36031707002772
3310,216.65365111468185
3311,104.86995000576232
3312,-39.77900933046324
3313,178.5005873710325
3314,180.35155049854
3315,6.396283703950175
3316,193.62021359447363
3317,217.19121179720878
3318,113.25465237376665
3319,225.46382274616224
3320,143.4696263625954
3321,-9.353855122117167
3322,224.16549348687806
3323,-174.1063852289038
3324,-220.21755992915104
3325,103.4635296735976
3326,197.00122824930702
3327,190.41088270724475
3328,123.53252702444426
3329,168.49434732256196
3330,195.90440276742845
3331,217.70430063511952
3332,267.92837494127696
3333,217.6129098807568
3334,5.906805442405471
3335,-150.74104886491835
3336,225.32864518465993
3337,-105.26863437304169
3338,-9.474896673427466
3339,171.8763083012136
3340,192.04993706716036
3341,86.62539899343095
3342,164.6402587625612
3343,-84.11200446020621
3344,113.4267282901317
3345,10.692702811489326
3346,-45.494321277424916
3347,223.7609492135857
3348,-38.23009906608249
3349,-11.511647417476766
3350,-159.92381883861077
3351,218.3911201249835
3352,183.52955101632705
3353,278.0448125734122
3354,222.388690392326
3355,-19.018382942681455
3356,-71.53615169514575
3357,15.443071770121335
3358,204.821859569155
3359,87.491032475922
3360,141.18227216563463
3361,269.4189903543672
3362,121.05845043713802
3363,146.92678737051645
3364,122.76049933416745
3365,24.24350273799847
3366,-54.31658006104491
3367,252.75748101018834
3368,248.5687181762458
3369,13.348182704707341
3370,267.8321427143861
3371,-10.877139844768891
3372,213.21855177842824
3373,138.61655049685595
3374,-140.28010879864416
3375,199.35495775703748
3376,-12.956507080069684
3377,28.189372330230896
3378,120.6231323444583
3379,104.97462917688848
3380,114.90702254364294
3381,112.7303649928582
3382,228.81504365520124
3383,220.15567253742154
3384,91.46840607613431
3385,256.08455079406184
3386,162.7333541047868
3387,241.88507316979766
3388,7.630524328289667
3389,296.18242010291306
3390,57.26807784494397
3391,-47.745030119820186
3392,177.78950248256874
3393,134.55725018044743
3394,187.85075812745197
3395,103.00973216661521
3396,123.65041545674896
3397,250.98197601406696
3398,224.1764315023565
3399,129.48180180677113
3400,-55.75123876083076
3401,157.30563740643882
3402,141.60716297034082
3403,-44.140094459368186
3404,182.4124302283994
3405,208.03797443722084
3406,232.76656514508372
3407,239.0794819683369
3408,-31.79952014561438
3409,219.72018097393564
3410,65.7716982946097
3411,-30.696263905858842
3412,241.47636563544208
3413,-7.340138071649619
3414,184.65336788325243
3415,223.3919914416556
3416,247.60915658993034
3417,104.79716138860032
3418,96.49812591340849
3419,222.1648114458505
3420,-169.93355520774753
3421,72.03972014557948
3422,-12.082470047938429
3423,146.01885510473275
3424,21.730728993255056
3425,269.26561461834416
3426,-205.0817005211602
3427,51.61072859396649
3428,222.42508631426455
3429,113.42863384590093
3430,-3.411970548198582
3431,16.914886023351713
3432,245.33230430665003
3433,-18.434070100548453
3434,242.98348444421646
3435,202.10733744920373
3436,18.70059090251388
3437,94.33700983954756
3438,-177.8773445809133
3439,174.74333464271226
3440,-35.519895302684546
3441,-17.03940977019009
3442,237.7293202560957
3443,275.0409086351459
3444,247.4679578667312
3445,144.78654193119945
3446,215.10853971498608
3447,216.53724503749865
3448,132.18909261410215
3449,-271.122807968473
3450,229.64789423539324
3451,125.04407798453617
3452,232.8302208661906
3453,190.03743750371635
3454,183.827185556934
3455,-36.28035982437632
3456,-191.26205848527133
3457,112.99737232896798
3458,214.84899189556504
3459,150.22856164533954
3460,-3.6696053552711096
3461,240.03212934867466
3462,150.64901761804808
3463,179.57913283630143
3464,186.99470432950108
3465,95.75273582602142
3466,117.14148636417724
3467,118.06827956708847
3468,258.30801718741657
3469,-47.64608255889157
3470,-25.36331262755415
3471,89.64444379305561
3472,-217.74814580133113
3473,82.47125488329115
3474,225.77822454328782
3475,250.17434344109273
3476,-35.10845210269713
3477,51.58587827870319
3478,79.61851870418991
3479,182.37495949774782
3480,-33.6841140328288
3481,-12.336542262604908
3482,134.0079489459982
3483,252.8399986232393
3484,120.03899482131484
3485,120.9792631868149
3486,93.7211224381501
3487,220.7025814351527
3488,269.8962454902726
3489,244.5764065452156
3490,-111.84352378683869
3491,-76.3835978866476
3492,275.739936909717
3493,230.52481502256603
3494,76.01853118846066
3495,16.51092770496365
3496,225.26836514406327
3497,-30.1787624593307
3498,96.94174009405273
3499,271.213775374945
3500,-37.826268329027144
3501,279.7658417715645
3502,205.61354322107846
3503,51.919586524465586
3504,-23.346051670717557
3505,-126.25591827012843
3506,-31.304176847582653
3507,251.61966786231045
3508,124.57672843059589
3509,112.75075742543643
3510,177.17822197158853
3511,96.97272341057975
3512,-2.6556678301659673
3513,237.033482274447
3514,60.01894909908889
3515,230.5705511075757
3516,229.40566760491666
3517,230.578072802506
3518,172.07801905607798
3519,141.67447255109767
3520,-176.89260958622117
3521,41.629752100532755
3522,257.33447758557224
3523,-152.66764046123438
3524,198.45706979683106
3525,198.03959920442077
3526,254.57977921971465
3527,59.94288509765906
3528,177.12987728994796
3529,189.50070901798398
3530,-178.78200429162513
3531,51.90884053257204
3532,125.23593247592368
3533,-23.610240453122714
3534,109.864414276012
3535,-30.339278453330067
3536,-66.82080807816249
3537,63.46408600158885
3538,90.8616147034204
3539,190.3390861217021
3540,124.77992905295983
3541,5.574255683562598
3542,191.2936930652404
3543,237.43132569261292
3544,-26.13492669522185
3545,223.65122720410545
3546,-192.34728594646552
3547,162.28991105692708
3548,124.09273567845601
3549,86.42106227673075
3550,-77.24015709748912
3551,17.962846545918197
3552,241.9499353058859
3553,262.49153954837294
3554,241.8095692680717
3555,263.031171224712
3556,110.02815994397218
3557,167.75934456710047
3558,-53.4241733969037
3559,237.32997319336738
3560,131.40501639105887
3561,175.5082542212375
3562,-51.031264065175705
3563,242.38999142959761
3564,-23.561787796467485
3565,241.27414058868698
3566,141.71397549255985
3567,-34.5995658593021
3568,-40.353231750567446
3569,104.86340957107247
3570,111.88557329124492
3571,235.21657141013503
3572,190.25376545542744
3573,-33.065905774380326
3574,202.21648296100577
3575,94.54142010771285
3576,126.78617538475449
3577,227.6358144707039
3578,-136.64098665806077
3579,75.03092808436448
3580,-36.88630825685091
3581,233.1549141642513
3582,163.3519651874032
3583,207.37892843032088
3584,291.9948054574966
3585,164.89244271554978
3586,-164.99494800016208
3587,126.27957648179759
3588,142.08913558530998
3589,240.06818005542326
3590,119.95292057631326
3591,221.51416020919388
3592,5.858275459424121
3593,217.4116594022479
3594,84.60788557507735
3595,118.64559934754791
3596,97.67153221139883
3597,7.773158213763793
3598,254.23417608315205
3599,204.03653376252345
3600,230.34308163513273
3601,-2.0523902074955913
3602,179.9522652786864
3603,-55.057719281290645
3604,-70.44411250669523
3605,139.76376700821353
3606,-24.702966939529517
3607,136.66692236391367
3608,109.16803556717932
3609,193.9809335441799
3610,120.12589486954877
3611,-52.69756619230297
3612,-149.40680789252917
3613,-24.531934961095146
3614,204.76275475382596
3615,-28.65506586578823
3616,-37.22395141009311
3617,145.86047325908024
3618,225.3513814745531
3619,-11.917565713506832
3620,213.02696774176093
3621,47.48026707332616
3622,-179.3640693955595
3623,-86.66864076252321
3624,197.6880993135976
3625,163.38603171673137
3626,228.3451721982464
3627,-44.48158468187857
3628,88.79742651565668
3629,-53.69049540301373
3630,135.42550073643167
3631,113.28267237037801
3632,-184.9170299984027
3633,138.96484712588418
3634,218.38104480543518
3635,237.0483446322395
3636,-43.974467525111535
3637,154.28672784273155
3638,190.56352937472926
3639,196.51543155902743
3640,132.39239467390348
3641,85.10926273579544
3642,158.35456435730848
3643,273.028318368329
3644,-11.68604347673211
3645,-4.368347367188619
3646,232.96908040143938
3647,244.27846989636285
3648,137.27549891353965
3649,-47.091202308840636
3650,7.708685895934475
3651,133.79990342742798
3652,208.9678520830773
3653,-13.708243358248097
3654,191.8480594433128
3655,171.40056942714216
3656,182.94258471401594
3657,204.82505767403705
3658,137.5151005307434
3659,115.24682734265105
3660,-4.059294595225424
3661,-58.36110067183981
3662,-64.4335539815169
3663,180.40449644788623
3664,146.81782793932302
3665,-121.49567067290889
3666,203.5101050050141
3667,-40.118863395692046
3668,-14.74287950854692
3669,140.7383393392147
3670,-20.47571310747327
3671,13.060367035911696
3672,81.71136375183353
3673,156.59235487946006
3674,228.27678464922093
3675,-13.301001797767924
3676,192.04376996833452
3677,-54.07784231808954
3678,-55.283899002477824
3679,269.31381557741355
3680,217.80258448415736
3681,203.9412397439208
3682,-49.10688996525567
3683,221.00616062183178
3684,236.88320356914397
3685,101.56973530811555
3686,-20.1185286073255
3687,216.23421091784826
3688,136.71818736473784
3689,222.88985186165644
3690,-47.1659046476742
3691,-32.37471916261899
3692,109.07944617623775
3693,191.02298728751975
3694,106.63682166328333
3695,-5.521144262944716
3696,-37.06912000413256
3697,202.99483315891243
3698,-179.909650628886
3699,21.271903795934747
3700,94.02130775667393
3701,101.32319983791758
3702,78.73733075696443
3703,231.23218423731146
3704,123.420299181057
3705,107.47505269671112
3706,127.19348995311546
3707,244.45406942321296
3708,-2.491842385559522
3709,214.17244085834932
3710,-109.10660389576628
3711,180.27278035065206
3712,206.01643173557648
3713,-10.829526889042398
3714,8.24031700574156
3715,220.23449431716267
3716,-212.39080744880346
3717,171.6233406236591
3718,239.960266908392
3719,252.92210227720983
3720,204.36084734657365
3721,-38.0981191420221
3722,-122.14171902361011
3723,214.2334424380133
3724,277.6290195960587
3725,216.09183050305305
3726,-67.39257578853767
3727,76.01619100368185
3728,111.53357682248775
3729,191.02180571686307
3730,-211.37144943396427
3731,141.38523097997125
3732,158.8796112391288
3733,-33.171593374159684
3734,-5.8565203038940865
3735,170.81450808538148
3736,-190.84443692750904
3737,82.2726105387898
3738,-29.804226028866083
3739,-57.21935778232016
3740,181.92364214784084
3741,16.07739712634782
3742,-194.77407430305266
3743,158.91459334390697
3744,86.43084656218865
3745,163.56925979373958
3746,115.56842556065047
3747,194.27422637633384
3748,142.86316650609245
3749,67.38162190829573
3750,-45.821718043138674
3751,156.43039718772758
3752,-2.89854503668748
3753,3.086006343100266
3754,182.70566785283722
3755,49.05038147414865
3756,251.4239244763154
3757,243.71231611208358
3758,148.31845333913768
3759,112.80357640604497
3760,44.99734888455319
3761,-31.254479753804162
3762,115.13989195343493
3763,-25.96536351112468
3764,-38.94636800957426
3765,74.6121218404483
3766,258.3708428562787
3767,160.092013250017
3768,69.4074238637709
3769,-57.06391270115262
3770,192.15395840467363
3771,103.10083513720494
3772,134.57530926976344
3773,198.25743644594183
3774,270.2236023522862
3775,126.99251057174348
3776,-36.5946111581725
3777,-6.707449178332951
3778,-226.39134372123027
3779,186.71203883683273
3780,134.96684562130437
3781,160.70808774624544
3782,146.57592235072667
3783,-21.424932624780368
3784,-83.73406629929121
3785,144.68520745950352
3786,88.5112424628422
3787,226.2404565882148
3788,5.323977988966618
3789,90.12031205267994
3790,-146.14996312450882
3791,-1.2146476909659754
3792,-224.67743035569293
3793,197.95532348616243
3794,184.61711327168092
3795,-187.3523136969352
3796,-16.468746481093334
3797,-4.435052790021942
3798,-16.114630464290997
3799,-10.943957283572942
3800,257.6526600626841
3801,66.94381254026862
3802,58.12897855094172
3803,-157.53014677568137
3804,-35.990322928093875
3805,-99.45664966834482
3806,-37.604996468519445
3807,93.15684493692567
3808,-80.74256314893077
3809,36.3711983192658
3810,-140.86717382818216
3811,-82.41357376290604
3812,117.94691480655288
3813,-25.09186772352065
3814,82.72961436991663
3815,-12.069097912048562
3816,-23.52785579497018
3817,111.47580644154854
3818,86.2704606758364
3819,25.454615990884236
3820,90.28809361457951
3821,-53.26129962375383
3822,1.2107457322745887
3823,7.555742613911761
3824,200.65475973908997
3825,102.7840309691852
3826,-20.72126456595815
3827,-57.463879646319796
3828,70.95510128608849
3829,7.281247617861439
3830,187.23640500575516
3831,35.734375697854034
3832,-196.09875126623393
3833,122.61685221233802
3834,221.65950318191608
3835,278.5743293257717
3836,86.7239744337862
3837,211.6963511881578
3838,185.65013689114352
3839,294.36565537899435
3840,217.45791663300653
3841,186.23078937866467
3842,228.28695176624632
3843,123.08906361320457
3844,193.20248128189164
3845,-131.5400880215037
3846,-49.54460232261914
3847,-36.2240614150852
3848,-37.012456556551186
3849,-21.20035702004604
3850,238.03381978764764
3851,112.88529257114885
3852,-4.567455239018997
3853,-23.80706308326822
3854,-28.994540563657182
3855,222.354950241541
3856,64.40356911900867
3857,80.29753950406128
3858,139.11532039995217
3859,-169.6193133065565
3860,2.808998532237865
3861,163.78258588251796
3862,59.61546392016672
3863,-42.98004859647956
3864,-30.768924520414245
3865,-247.5105230342238
3866,-13.133912867049318
3867,81.44465124353272
3868,235.5828636631554
3869,-85.33217764754878
3870,-86.30998700157025
3871,242.21344972346427
3872,83.180710488821
3873,-66.62478650790973
3874,238.59837322555896
3875,-37.95130695743654
3876,252.0004812625969
3877,-105.64113441687896
3878,195.2045752194946
3879,125.28158353390322
3880,195.8889004450106
3881,188.0796795898296
3882,-41.7328629064604
3883,99.4394134959213
3884,92.56782364684395
3885,160.17612619425248
3886,-60.25000472266578
3887,246.97163388999138
3888,238.90282051661052
3889,244.22378496923355
3890,254.83902046932326
3891,90.39749448723578
3892,107.22490584939527
3893,33.62426328721634
3894,219.90003396959185
3895,-58.42098336657219
3896,105.89966324197817
3897,79.84035686867156
3898,40.417156788270404
3899,269.4590094074627
3900,77.87761022752441
3901,100.12330749901909
3902,-77.99667637887295
3903,120.37083553236515
3904,124.41809004594819
3905,241.21972773102465
3906,69.35649806378764
3907,247.62290398401052
3908,192.77176665411542
3909,-70.1172529281838
3910,88.13969906002208
3911,194.36763148397182
3912,189.00903527243804
3913,-75.48457548040547
3914,-31.979963918416104
3915,-20.323610944653595
3916,179.36514408977104
3917,-15.186677076661894
3918,-10.231395302035622
3919,172.23359409442003
3920,197.37187493941087
3921,185.21126946229214
3922,92.69683060879947
3923,204.36560161891668
3924,58.861918528463164
3925,143.00471516592043
3926,-29.675365853845193
3927,217.17596723420252
3928,-41.819040231309785
3929,-99.64886461092475
3930,210.9955620683093
3931,175.7256215760662
3932,106.62432998897975
3933,234.8338095725084
3934,109.8692867732365
3935,173.87744202671075
3936,244.87537893333428
3937,205.73167704645505
3938,218.9922800103131
3939,-120.51136619186495
3940,212.47036338473683
3941,216.32411373712398
3942,223.7233502624712
3943,130.21672257123853
3944,-41.16589411514133
3945,10.583599755575875
3946,136.28790584186004
3947,226.66274573077067
3948,236.62696320643636
3949,225.02342972810095
3950,-243.42674924748397
3951,-212.53359611979937
3952,288.1882408798527
3953,259.6501937377538
3954,206.84086289295743
3955,-187.93671830279914
3956,236.1545060397317
3957,110.03753470168303
3958,5.723081031584329
3959,230.97854598962738
3960,-38.26344148895954
3961,221.81949092452558
3962,-74.57962331692354
3963,116.51210351086081
3964,243.3723798020048
3965,-0.4322617451506545
3966,140.00222811718666
3967,239.94767930920426
3968,104.0614844487288
3969,-21.02291788197772
3970,205.0164750634359
3971,69.04023485133527
3972,120.34272650068928
3973,72.99783702544559
3974,90.65311310736305
3975,209.5828308318742
3976,152.3087036763261
3977,200.26252877182256
3978,135.5291853324538
3979,-161.2857196381476
3980,250.04723077052162
3981,-57.18045349037217
3982,90.30066597822973
3983,222.8123894230675
3984,30.656220741549816
3985,98.112731985582
3986,9.04473756607851
3987,-21.189242617650265
3988,-170.8662972124381
3989,205.98312891122993
3990,-196.21490542062182
3991,162.49508267421237
3992,169.1412739117136
3993,-15.15161510161063
3994,240.16067169171447
3995,197.97090105420378
3996,228.0048116652579
3997,74.15359642674893
3998,-38.0389819562925
3999,228.7149300441812
4000,109.14332878490306
