1,-193.87611673371265
2,-199.5411687168571
3,-141.88958853032412
4,-143.29338585736446
5,-72.5981926488914
6,-91.40742257086906
7,-293.22977034239483
8,-254.3473909425352
9,-62.93672552454257
10,-71.43721954169331
11,-66.59495190304696
12,-102.76147404234959
13,-243.5411838869262
14,-122.69095344100374
15,-104.99799992285158
16,-61.909591173752354
17,-102.98719570685837
18,-89.15342968357884
19,-85.1318701114382
20,-383.7912169063247
21,-112.7672567283302
22,-94.74325195665958
23,-70.97740946518124
24,-98.42071171063154
25,-81.0664686960909
26,-17.606884245312173
27,-207.04392397426494
28,-163.60018711284198
29,-142.8530978257665
30,-79.70652351424106
31,-111.12103055730937
32,-116.78598941467969
33,-84.0323386389075
34,-160.39259662673527
35,-269.32542580636914
36,-63.695340276462005
37,-117.83192407701559
38,-124.23426600911033
39,-94.89246892194623
40,-94.848109639629
41,26.159901290197027
42,-42.58433085120312
43,-23.12140144570239
44,-282.9429855831004
45,-51.96003082137638
46,-63.683119837774406
47,-102.71283698846534
48,-108.28786415043645
49,-223.93004873278312
50,-83.64360297326942
51,-299.4051499052609
52,-115.57662636864389
53,-56.64133189371924
54,-87.87035256050233
55,-107.7627370739068
56,-56.373886104386855
57,-82.2624763131428
58,-110.40323024307474
59,-76.13116981949311
60,-64.6133307568914
61,-148.8588428711586
62,-230.42812209235575
63,-65.29472484300456
64,-128.42102114311993
65,-48.112352294059676
66,-89.65415833490442
67,-54.751305205271194
68,-34.25896036625285
69,-87.15817326895008
70,-113.06270524748743
71,-82.00157182961354
72,-85.17849574015987
73,-121.15510105147837
74,-81.00373576401088
75,-40.438788592437625
76,-110.65799539507756
77,-75.58262673360572
78,-95.35644905895695
79,-93.19461455972343
80,-78.18539239585621
81,-49.26145905597916
82,-42.66686281458203
83,-74.48400463110372
84,-101.67873348540378
85,-43.37668307668983
86,-102.45799902544736
87,-164.9593726461576
88,-128.2036693433032
89,-84.62693284899701
90,-60.245457344933214
91,-40.019911620240094
92,-93.48566852229392
93,-62.28422726370954
94,-69.20912654560314
95,-64.16293533824748
96,-147.49846019270427
97,-15.071667567279576
98,-100.97521672203372
99,-28.892249546518144
100,-40.954038456260015
101,-109.5176629616455
102,-45.83445807401918
103,-71.47497800878452
104,-51.628201266768514
105,-67.3811418325901
106,103.70017805316938
107,-27.067514774643172
108,-35.379497719284174
109,-179.88987795843974
110,-70.34665733235765
111,-289.7220631706442
112,-97.52970713769925
113,-84.8618706495161
114,-125.91181643735506
115,-44.781410949262906
116,-101.05065445482259
117,-48.789272884679605
118,-87.23955316467787
119,-32.863251398203374
120,-64.28485212863856
121,-102.34278614657431
122,-26.40114744024872
123,-124.18260039538858
124,-140.63875507926303
125,-207.33020069286144
126,-26.882292627422956
127,-130.98789866874628
128,-87.37685889498844
129,-57.13624420955648
130,-88.97593878074863
131,-59.21987775449931
132,-57.754173825551696
133,-132.42945021233515
134,-69.37263860441158
135,-44.327964405530054
136,-46.80537722320116
137,-23.03445420396777
138,-97.28682105937591
139,-31.499101684265938
140,-76.66173377737253
141,-115.82791494011151
142,-112.33444654671369
143,-173.1605112171436
144,-50.69684557435964
145,-80.95471802711288
146,-96.85903913263692
147,-48.47180797873395
148,-48.65862072845941
149,-65.84818398163569
150,-86.76411774301374
151,-92.21744350015406
152,20.160301756374878
153,-97.66735131117392
154,-92.97895177289979
155,-95.58929534025822
156,-274.385502667149
157,-66.5063823806465
158,-102.62835283156926
159,-83.78175498296234
160,-93.88100319355043
161,-95.11596337085082
162,-62.59729322995784
163,-59.987994881488476
164,-273.05401274825977
165,-31.419150868383497
166,-73.93966241024246
167,-19.88203114321574
168,-70.32490146377027
169,-61.4353051150007
170,-103.15512030480099
171,-87.71514038169067
172,-80.92452733405953
173,-85.03435182823159
174,-79.24290386944365
175,-83.2455496732286
176,-58.43475841451183
177,7.661146926964179
178,-69.0740306563173
179,-75.05394563189525
180,-33.79429491897611
181,-253.19083523505498
182,-104.66539435523975
183,-45.99696167713392
184,-78.21011167067842
185,-91.54965165808136
186,-77.79471751963548
187,-358.2602418830392
188,-80.24771007175364
189,-66.7812851360867
190,-27.712290458813683
191,-78.07111533278332
192,-39.82672722079623
193,-136.33213551619832
194,-248.21200161958217
195,-209.72859079615796
196,-57.657720770469936
197,-99.20019379994427
198,-48.08840926146322
199,-36.16334085563038
200,-108.21572995061148
201,-61.19582441571229
202,-228.89278575198745
203,-112.62504210471971
204,-57.48508395063533
205,-73.35322909095808
206,41.892224279843525
207,-63.174330701055496
208,-80.23919934403631
209,-118.90590350289861
210,-64.2636814157227
211,-41.6416375674487
212,-73.87065657368453
213,-47.68787738708558
214,-29.154033006828826
215,-46.085254401941555
216,-44.63800497108171
217,-166.27826752158992
218,-55.98345303966591
219,-43.10911722470892
220,-82.74036195384824
221,-110.91661248041083
222,-80.60039279151479
223,-29.271398806194696
224,-55.666293173776886
225,-78.17036502444908
226,-47.200002370616716
227,-96.40446567158104
228,-72.9776231110632
229,-65.1516692617744
230,-90.254885170082
231,-70.39442203440066
232,-21.320147016732108
233,-35.06781635287065
234,12.087116576979525
235,-56.62223060896907
236,-108.21467297201335
237,-61.3563266075062
238,-75.94667893476816
239,-65.66983514295228
240,-60.797412369531365
241,-69.12999001360865
242,-72.9591821772752
243,-89.36498409847894
244,-43.79443634183177
245,1.2881670356440367
246,-235.09004507740386
247,20.080656176867492
248,-83.94378688500936
249,-41.588924553329704
250,-20.014887089814934
251,-106.28469446214763
252,-46.900704011714296
253,-56.91644387756935
254,-85.05825591294962
255,-60.93796272614634
256,-80.17807416076582
257,-57.350337961591066
258,-51.223712657579604
259,-275.9798612441068
260,-97.67882166702998
261,-41.02462463716245
262,-91.23621191198107
263,8.649536250371739
264,-66.83973596636136
265,-36.83402843030014
266,-136.71231364701785
267,-99.7587065455704
268,-35.0445119011207
269,-69.16821988493716
270,-110.42118530684742
271,-54.47677964934054
272,-93.32162566732481
273,-115.74601903489149
274,-119.0127804733855
275,-112.91197337217127
276,-79.94116264296882
277,-50.955137985103704
278,-97.71156146028409
279,-90.24770508599198
280,-68.30574378633591
281,-118.3150297178201
282,-193.10636341890006
283,-94.57954744187582
284,-97.90793382734527
285,-50.904028683365496
286,-45.67515969974039
287,-28.016162692435856
288,-151.3981231842683
289,11.157174688116001
290,-26.56855638226442
291,-62.75284250523728
292,-73.1012301797062
293,-37.863821281855095
294,-32.18712458827021
295,-111.32334027204911
296,-41.59179213507336
297,-136.53957552201445
298,-79.26328201259415
299,-123.55520590633925
300,-83.20114458610158
301,-96.97119593555847
302,-89.59762328009347
303,-194.0107612458336
304,-104.83323233862559
305,-126.21946279053707
306,-122.15934535459071
307,-63.75968632127617
308,-72.3920151059292
309,-44.75150012115179
310,-84.02744299789512
311,-130.51452398258985
312,-42.95100796489781
313,-91.7828283393668
314,-12.077108762177872
315,-16.31746123466516
316,-93.40662384821408
317,-243.28320310780234
318,-65.54627442968419
319,-15.487480369172232
320,-51.29413735077199
321,7.456645177776252
322,-86.68687829652879
323,-95.15241495056259
324,-54.29749972877995
325,-68.83474891994099
326,-67.3053300777091
327,-27.812200824153777
328,-98.95235633378769
329,-100.4028661561369
330,-125.70803456443367
331,-103.39387290565001
332,-98.00358757213321
333,-39.719445088313435
334,-96.40063797621639
335,-4.373074266481126
336,-57.001763320718155
337,65.15839876385036
338,-43.29954685322636
339,-98.72180069442507
340,-54.66241404875602
341,7.303248381079726
342,-56.89597337341861
343,-123.563573451931
344,-82.40860847510531
345,-276.55982640879205
346,-152.3391298174963
347,-115.69506009670498
348,-74.20509238025551
349,-126.79901603553998
350,-53.30427519905588
351,-120.29496381889916
352,-104.96548842282016
353,-47.86801878573177
354,-88.76426596569073
355,-50.816597111600956
356,-65.57820216288017
357,-50.61431916238314
358,-85.98557809840047
359,-53.91995798239168
360,-73.42870029246481
361,-34.561497453815264
362,-79.61769808608005
363,-78.66099755066153
364,-78.63048846989095
365,59.16135772958079
366,28.732189625961382
367,-41.07759403728869
368,-42.59315064938042
369,-140.8458783070401
370,-12.8027024662387
371,-47.1668689099377
372,18.424122882097294
373,-33.955920689928405
374,-80.86688857009977
375,-72.36551233166405
376,-191.96757703991432
377,-83.30517434134325
378,-106.9680839136491
379,-25.422737650214742
380,-77.83403830584817
381,-49.175594982528196
382,-0.10933675993676673
383,-30.70602002248988
384,-40.777515863704224
385,-78.22619309466538
386,-42.531809652132914
387,-162.94083914288103
388,-17.031133006252475
389,-115.15197160489748
390,11.726064842295258
391,-48.051414745074894
392,-206.88267968404995
393,-88.75151084590765
394,-16.40604220546011
395,-57.034142315842374
396,-23.498740271126835
397,-300.89416600149036
398,-85.765794268165
399,27.782936637985756
400,-133.86744521674166
401,-67.24643820868127
402,-102.03699318117992
403,40.239713450836454
404,-100.64457550295656
405,-70.17005912047813
406,-2.459111464323101
407,-333.8763652413886
408,-174.12446684294252
409,-87.50063565038646
410,82.13881453601702
411,-67.21327899828887
412,-57.81349561521763
413,-126.6640915724081
414,-78.85773307359855
415,-28.89219115012726
416,-68.04367253356246
417,-16.62625370963862
418,123.92674783008333
419,-101.5591750678318
420,24.60904421271156
421,-78.47291381312695
422,-34.7717779201061
423,8.110136399540195
424,-135.73448344925256
425,-68.5554176017236
426,-68.89002992901413
427,-27.174411624815093
428,-11.35887453734398
429,-60.461885414703445
430,71.59691931494689
431,-11.43543264535694
432,-64.40110778610354
433,-51.23451204550692
434,-27.348202471753893
435,11.632927197255611
436,-37.7988088354426
437,-151.6416214929617
438,-52.63328438832415
439,-63.08619645021966
440,-14.966572083936128
441,-77.32662921115288
442,-199.8765681565602
443,-8.49191947268531
444,-73.1174431829381
445,-66.20848590760428
446,-46.93353165123881
447,96.32732613118957
448,21.0888192566147
449,-65.26489318913698
450,-76.72930547741065
451,-36.69692643133445
452,-82.03338604203067
453,-86.6313913990831
454,98.6676696549009
455,-48.83243555401833
456,-26.78808842882586
457,-156.07886272764247
458,-34.381045660980575
459,46.22127174778987
460,-12.686533197129478
461,-27.65942284513264
462,-56.721005958040934
463,-72.70368875212529
464,-64.084064777278
465,-99.21498208869947
466,23.315824613998004
467,-267.3254406104296
468,-72.78839334398886
469,-135.6425833511579
470,-37.43640410109414
471,-62.49316058715695
472,133.4586267172298
473,-10.275285364707003
474,-46.69952318592584
475,-120.29784296188937
476,-83.16442484433477
477,-90.040954777945
478,-45.827888402284785
479,-98.850473987698
480,-87.36146869937706
481,-119.35035049409329
482,-149.96321974420738
483,-48.09566523572437
484,-30.197627042546756
485,-42.457091147719105
486,143.9077770063774
487,-93.82649769149059
488,-15.327151098209242
489,122.44519079633866
490,-53.01121528454648
491,-61.20835129209214
492,-10.204002143433513
493,-80.13688156214974
494,-103.44151165598744
495,-39.247414048200696
496,-10.579624782165496
497,-90.96797133623426
498,1.2039036194464643
499,-132.4468362103438
500,-130.94618094653683
501,-73.18495707723933
502,-44.25275466767327
503,-8.369698055167802
504,-23.01180146140436
505,-44.99531534617003
506,-96.92900613357527
507,-73.66652081560893
508,-24.11432996515883
509,-34.395567932263944
510,-67.67774466987477
511,-78.02814979087682
512,-22.082864133389904
513,-58.86005361214792
514,89.5093544234917
515,-16.56441502829334
516,-52.745307529545215
517,-86.163614183577
518,73.58408716451494
519,-97.11929657441416
520,-134.7125638792882
521,-35.797345946960675
522,-287.575831488003
523,-140.75287388825262
524,15.195370673217397
525,15.997446776057913
526,-94.53223308709508
527,1.5039550638697818
528,-59.118854466839366
529,-47.21752170737766
530,-98.71462287487743
531,-46.36650682474067
532,-73.61643207932275
533,10.160531395621106
534,19.035062698393233
535,-77.74365944233722
536,-67.74953356042614
537,-123.42526406367735
538,-53.57602663393624
539,-82.59934797645522
540,-36.600905404767786
541,-40.58761004182777
542,13.489302588418369
543,-92.8149649335681
544,-128.17754253650395
545,-50.91316216902658
546,-64.81482546744625
547,-114.83454045081713
548,-18.107846945456032
549,-162.8933574985645
550,21.42500213322775
551,-6.7234950048509035
552,-31.14265459793259
553,-62.17064372566105
554,-70.36353651467971
555,-60.43944899983841
556,-77.66746418999071
557,-33.41296412498177
558,-58.23608434014096
559,-68.35230390489944
560,-71.15855513723997
561,-50.22825140934428
562,-82.58660200980314
563,-38.198920640204406
564,-67.30367506581982
565,-5.939158542900287
566,-41.176384532590376
567,-51.04686015640035
568,8.918755426987431
569,-65.7902421841393
570,-62.53448672981239
571,-119.53031466451607
572,-216.19781060379444
573,123.7115776310196
574,-81.75268450226838
575,-38.24710105448368
576,9.031859800739184
577,-63.21376786608053
578,-265.81183165830595
579,6.557033209600334
580,-21.84143124481298
581,-136.57894675688004
582,-55.353974415628656
583,131.71196078304882
584,-78.46924543903211
585,-37.88787706126094
586,-184.67344550997666
587,-46.12328353736221
588,-111.92538875301727
589,-50.669525233701826
590,133.66413950064566
591,-25.45255502655199
592,-58.689675046786924
593,-11.179283243402693
594,-78.40710160814471
595,-15.007377888811547
596,-94.1497097770408
597,38.18128297513033
598,-33.184690473287404
599,-92.08050211816324
600,-110.34292916200188
601,-208.20281444007807
602,-114.54754255696997
603,-21.918552185258463
604,-88.17561905870124
605,-31.87344642968158
606,-28.507950143715362
607,-1.1621857918204057
608,-38.94888666574933
609,-101.38059820109359
610,56.408009179109136
611,-116.10353372169007
612,-79.76097822930787
613,-83.56868350898957
614,-0.5561130023830998
615,6.346795052205351
616,-106.32088239659853
617,-84.82189227460637
618,89.09148296780027
619,-43.12140070796994
620,-59.640265702086126
621,-110.23876733809537
622,-27.615097886111826
623,-173.43918120519055
624,-75.42135982051758
625,-111.81281667622267
626,-53.5931383854189
627,49.83665059839839
628,28.81182830313861
629,-44.45591421064728
630,111.34561545415902
631,-22.31922490631507
632,-66.46341163858064
633,-65.90730525435022
634,49.13192861683285
635,-81.09378553488156
636,-153.77361103258093
637,18.89102620805633
638,-56.488594354757694
639,-16.410078305118645
640,-62.485524831834326
641,-106.69049349241877
642,22.412130459440917
643,-59.85451904246777
644,-96.45056434485542
645,-41.554984318777656
646,-79.97208241547665
647,-85.25438540969968
648,-68.20597433308124
649,-59.74890904325467
650,-70.96655234519852
651,-58.889971836833325
652,-251.21507134106548
653,-74.02093277838867
654,31.561542135753086
655,-80.3035882806414
656,1.9407267802369859
657,-68.77396149908631
658,-31.535699744455258
659,-95.39880013847096
660,1.9667675825342172
661,-63.59117021700984
662,-19.56355503473806
663,-78.20025552486115
664,-25.41541878069502
665,-89.76303381226406
666,74.91973527779254
667,47.07479392636532
668,-87.06118580184962
669,-156.55838373317607
670,-264.40256005533263
671,-114.63535505502404
672,-48.22168886439312
673,-4.625692556313211
674,26.71575553047542
675,-91.33140030000122
676,-110.5488653780462
677,-72.27785681872133
678,-6.223726031814749
679,-154.08383430776158
680,-95.91585217687057
681,30.86825140788875
682,-11.789510625170507
683,-25.16658603296392
684,-104.8132956717833
685,-25.94496338557741
686,-45.323149133645956
687,-3.0016196965526376
688,-6.4573708213198415
689,-275.73418538043995
690,-102.05110697405337
691,-108.0109425287574
692,-100.83710012730734
693,-358.4386784336577
694,121.59589259643353
695,-98.32075857905306
696,-65.82515115670152
697,-121.81732494701319
698,43.72781111673288
699,-12.284454841960894
700,-122.55137625838981
701,-48.552192774716374
702,-77.29166398869624
703,21.592441362865088
704,30.508709971395064
705,-105.4671624919651
706,-71.76340382365254
707,-112.65629711607187
708,-101.89126689871885
709,-64.9034613840926
710,-111.20047700277544
711,-21.45873667040884
712,-13.178369729399208
713,12.585164523903998
714,-13.214309040706041
715,-67.52977926795248
716,-99.17096376836554
717,155.05761492022296
718,23.74174059576694
719,-46.97317193478989
720,21.95885191171432
721,27.229908406407546
722,-14.257930314546684
723,-81.68757127332894
724,-45.88157180888379
725,-6.620112669899555
726,-11.890093560352454
727,-18.567964854994145
728,-24.972272266811316
729,-114.33250694845242
730,-49.91426679264902
731,14.661828684357118
732,-21.811651939670412
733,6.941622704056471
734,-118.21499094594915
735,-38.37010111198428
736,-67.17827831239748
737,-85.87332720436785
738,146.5954967785042
739,-52.87993674136709
740,12.362358023532167
741,-32.491349326916264
742,-11.820375778866094
743,112.96086234650242
744,-85.35690917407656
745,-39.887078994519825
746,-68.76135509176243
747,-46.035697254510964
748,-53.34313544658585
749,23.177106805621648
750,-74.6564557705669
751,125.95688384874417
752,9.111721780229175
753,-103.20409710135135
754,-14.810607051546654
755,-110.097249439681
756,66.74280171385648
757,-30.984314041695654
758,-73.51767673321564
759,-95.27078909913911
760,-80.54154911165878
761,-70.33255032537113
762,-49.16586368862595
763,23.33815428166632
764,-102.40535015022483
765,-62.56109291753525
766,140.33914411815246
767,-77.10093789031657
768,-59.809769563232244
769,-79.80527204405251
770,11.966709834548183
771,-38.91466178609001
772,147.7757169934778
773,10.415602400660617
774,-78.92002774811155
775,-54.10360816900882
776,113.5919784123211
777,-61.99264127173407
778,-80.1968181946313
779,102.16920030817262
780,-126.18818265041034
781,-7.251256212110533
782,-8.098002756131024
783,-59.58847307776374
784,-82.65271734904674
785,-86.92593124085765
786,-37.906549032412116
787,-167.8377685091404
788,28.408897322524325
789,-77.88849316163521
790,-96.57754363754472
791,56.39402881382277
792,-230.94234205938074
793,-77.88248262357172
794,-72.70645959913779
795,-21.092467651073036
796,-91.33580776646048
797,102.47519923243222
798,10.088813324948276
799,-254.23323938588956
800,-7.909474048574708
801,-59.95294573502139
802,-252.027339345922
803,40.759551854607395
804,124.12669992588367
805,145.4934074426005
806,3.59840832476074
807,-217.26277979170573
808,20.56323959603874
809,-123.36120148829863
810,-0.8201303755663645
811,-39.99574976870704
812,124.15499323964367
813,-16.161506995672013
814,-92.96607431906173
815,-80.17312941473665
816,-65.91781856425624
817,91.7479100010148
818,-81.09391406631028
819,-48.51490409204246
820,12.822923975762961
821,47.70280744840156
822,-57.16234783482126
823,-4.320305226006511
824,107.47704744666392
825,-85.14835937828575
826,-170.66124715511216
827,98.19739651187656
828,-68.33396492689043
829,-18.305310179416168
830,-82.39696972930443
831,69.43327378345016
832,-12.843135777605582
833,-93.8373267225343
834,-70.40582278963677
835,-133.12418173314518
836,-6.867855965854375
837,-115.37321313436739
838,-59.94137678818808
839,113.30892388427328
840,-99.78295002128388
841,-116.00826266012564
842,1.9664980619613175
843,-84.64271002709899
844,-137.83742587706922
845,18.767680477087055
846,1.3471555580518526
847,-11.378750764654853
848,-90.9321914933112
849,-17.11412412148246
850,-60.06997054129107
851,95.90096742195792
852,-105.91914470459368
853,-70.14459101377116
854,-62.53303317501148
855,-46.62942889548796
856,-71.69360492182307
857,-274.37198137723965
858,110.1848360341039
859,-99.03382801857742
860,-35.74309123455515
861,-102.89542396173745
862,-107.36531304804583
863,-45.39614169654051
864,-113.36461935618212
865,-109.49138613818359
866,-69.18552219914778
867,-94.63381473261916
868,5.146940538606273
869,101.0656160194108
870,-38.350737720703655
871,7.975905683612524
872,-146.08493703416536
873,-95.62234221917281
874,-70.40625653991258
875,138.20334793441202
876,-124.85218428207992
877,-17.491018060157785
878,-56.61786845682642
879,173.8878527722697
880,-41.91023080078723
881,97.4499658277655
882,14.179493340589943
883,-18.957879293243735
884,118.37233030470142
885,-67.89990317231326
886,32.8492108101083
887,60.01193408763459
888,-41.99649130551495
889,-82.56350661179317
890,-239.01664849093908
891,-27.63698580886728
892,45.73413778531141
893,114.74800572191883
894,-73.95823611218043
895,-46.95543594293456
896,-15.056739628459141
897,-29.354883836887723
898,-67.94670098106516
899,120.04818759000602
900,-88.09221248509728
901,24.894363508249697
902,54.29486109921835
903,-19.909055305268865
904,-22.93381870071633
905,-70.1929665033562
906,-98.75294132210573
907,41.68036715959465
908,168.94410419540594
909,-46.19825777549686
910,-35.40503252472381
911,111.93873002574044
912,32.181954965876
913,-66.49663306561753
914,37.805245569021864
915,-154.75115484505682
916,-32.243085212632806
917,29.150343614946678
918,-0.7516044482086954
919,-32.8418296287154
920,-68.19823071944393
921,-105.38150673267207
922,-102.00417744815086
923,-128.48517006665364
924,-110.14748861962342
925,118.18754194558612
926,113.95577932446396
927,-154.93688270820834
928,-119.41076793134529
929,-21.525764326316533
930,-8.689538143301647
931,-107.10961476222946
932,-193.4004548093506
933,-36.37530421591211
934,160.17017378086928
935,146.35594196829354
936,-106.95727253637156
937,-53.95465123114558
938,150.9935603615613
939,115.53251225359381
940,-82.88171982734598
941,34.658561550644976
942,-72.03760315127904
943,9.75015098319436
944,68.4984723785337
945,-264.04613141950165
946,149.71387095252456
947,27.52588696782861
948,-76.83711140909499
949,-142.0246203526534
950,-89.50684670749945
951,-87.65761567915436
952,18.07434317696044
953,-54.12634068467109
954,-105.3761607433646
955,-28.36954209635553
956,89.78945889935493
957,-77.80780878142266
958,146.66910130873535
959,-69.43816065054821
960,-229.4228935957488
961,-94.32103504533008
962,-158.98767834073013
963,-101.53718234438934
964,-73.80218570608164
965,216.24082838396077
966,-146.7791638375958
967,125.31002705958615
968,-78.82698569708218
969,-124.8779658672185
970,56.8885441877501
971,-96.65071412758797
972,142.7111861047584
973,-112.02560850539405
974,-67.24075188561301
975,-82.021880027416
976,110.14363831910082
977,-55.32923289499836
978,-85.58886222292644
979,140.7151517203241
980,104.64456478390025
981,-109.16035500375449
982,81.31345878601354
983,-113.11939081207765
984,-60.45027489155474
985,-79.76322020534933
986,-105.28056476190143
987,-34.64725806190302
988,-80.30363087805304
989,-94.66488900514142
990,123.59449569664152
991,136.65557198025473
992,270.9242059763219
993,-34.73225369087422
994,-113.53364680960473
995,-104.27583241162858
996,-42.023464134202825
997,-250.60559617059812
998,137.89140000019384
999,-141.8471050243245
1000,-89.50716275578269
1001,-108.63824181287674
1002,123.47659426896026
1003,123.28155168792401
1004,-76.483374927616
1005,-64.79862927997542
1006,-38.9787295227836
1007,-72.72280319713764
1008,-63.23229439632704
1009,-72.16647358737639
1010,-108.497351137842
1011,-92.28154579216255
1012,140.69390681628178
1013,-39.62402043969945
1014,31.067692118367006
1015,114.45011731044784
1016,-4.354855393031357
1017,-34.14548176735279
1018,-71.77325782336482
1019,-125.4525431609441
1020,-134.05171328367192
1021,31.542347348727013
1022,-162.7686828716859
1023,-29.707167726536525
1024,-25.862824623878524
1025,-94.64772954202473
1026,-334.6784303238144
1027,-237.80814176903758
1028,-95.78642596435958
1029,152.29858504486344
1030,-107.32447091916694
1031,125.66496100917743
1032,-48.02954202221364
1033,-115.91731373806756
1034,-1.1519234014238293
1035,-103.97274507617894
1036,-75.0400465687255
1037,-172.02522808088932
1038,247.1801650593143
1039,-40.09482303543372
1040,162.9324130394075
1041,-149.7622835666118
1042,13.48349101223016
1043,-100.65416114664585
1044,-30.12079853842546
1045,122.71465234645271
1046,-49.31399988557442
1047,-47.70472275318603
1048,124.38405759273569
1049,-42.644231469012624
1050,-71.06223269054539
1051,-56.75328406072811
1052,-39.703164397112815
1053,-71.31219819710127
1054,2.889485626359132
1055,-81.73692125902753
1056,-13.8770205219394
1057,125.87262476806002
1058,-13.703034086906172
1059,-21.416050330197095
1060,89.13759843735815
1061,-83.08384274015062
1062,68.46073735459187
1063,-120.9300481390682
1064,42.13762126240647
1065,137.76193591782925
1066,-144.41649417838417
1067,-141.6705270847118
1068,-64.75620252525508
1069,-44.3869973210641
1070,97.69761412039568
1071,-20.897406578332337
1072,-90.77020729842128
1073,143.23345965232704
1074,-41.52652731211897
1075,-50.626357769006205
1076,14.85411534954099
1077,-5.8497057640526435
1078,-90.83878702096709
1079,12.683913915989578
1080,-96.32469398655037
1081,164.18185761454578
1082,119.25282962655106
1083,-42.862651145420934
1084,157.58965895737862
1085,-32.051088990586834
1086,-97.65426608730937
1087,-87.89065534340448
1088,-60.40234051903012
1089,-148.94768524544676
1090,94.77507674356816
1091,-33.0503060157812
1092,18.947683580682664
1093,121.08990323640599
1094,159.57340055235892
1095,-49.82164044124643
1096,3.538795575630985
1097,-81.65311984090557
1098,56.547933225993496
1099,-111.6459962079197
1100,3.674975679673665
1101,-183.33878962607025
1102,-106.28971375390313
1103,-141.31179624242853
1104,136.55020026527248
1105,-9.816978108834519
1106,-129.99850608570458
1107,-21.792892236989687
1108,151.08455424460288
1109,-17.48113360609983
1110,-43.31766890629591
1111,-46.445213361841105
1112,-129.1358915997925
1113,125.4945729793864
1114,-176.42617221382383
1115,-61.66399228814478
1116,-107.20218119853465
1117,13.927603620250466
1118,-13.458831165983796
1119,-147.17116711733274
1120,-16.667023039061732
1121,-200.53593859049192
1122,158.88800689801528
1123,130.35920733195022
1124,6.634793416054009
1125,-103.61258270485675
1126,-46.529973912961296
1127,164.5092776620746
1128,-5.680302070606089
1129,-153.51542985287563
1130,-134.58646323052267
1131,-37.24747497118226
1132,-11.279627071051578
1133,11.086740943942061
1134,-157.79435950896303
1135,165.29733376894967
1136,152.87933325921688
1137,-90.45593522146896
1138,-67.07668727511404
1139,-53.01304932364672
1140,-105.5425637035298
1141,180.90093363474267
1142,-43.65098182866994
1143,96.25126712032603
1144,-0.046827876764425014
1145,-33.2113270777638
1146,83.67336114639093
1147,120.03448061862392
1148,-152.22419304104397
1149,-71.24235184448979
1150,-114.50422179556685
1151,110.99290015470336
1152,-82.15041640386158
1153,117.42507493617057
1154,-211.088811423979
1155,-157.12416704895844
1156,-66.63885381772317
1157,-84.26965779731361
1158,-1.2288320074847974
1159,160.38197463375386
1160,17.132753631651724
1161,-14.582659012553563
1162,221.27028574339639
1163,47.30725685127737
1164,132.4010140954222
1165,175.3977436323744
1166,-78.7738877627752
1167,65.36138613085863
1168,44.45091582637954
1169,-86.261084600228
1170,92.75518084249057
1171,-88.17614002258644
1172,26.354790291070003
1173,219.6811428073485
1174,6.535594568355904
1175,124.48567205128735
1176,166.8459727919204
1177,-87.30436752713092
1178,-36.48088431537472
1179,-121.63231852634541
1180,-302.7284542417011
1181,-101.71734623768197
1182,163.70361963963043
1183,-259.46114369342433
1184,-41.980467376962494
1185,100.72197545142524
1186,16.286041656138806
1187,23.194518765362943
1188,16.011039212826873
1189,-54.535550307888215
1190,-37.393575542329714
1191,191.2578046462657
1192,25.67901761431574
1193,-70.28167434557339
1194,-63.699633296970504
1195,-96.19066442910396
1196,220.7975516320567
1197,-118.30783149807866
1198,4.4031038570478955
1199,-94.93970112730798
1200,-87.95358051782149
1201,50.1869598483849
1202,187.27252474952672
1203,-94.83071459266161
1204,-85.8859386627027
1205,-82.36466451513158
1206,261.98825981843675
1207,-19.289413141473688
1208,54.222362691542685
1209,-116.23917843112568
1210,-112.49714153204043
1211,-61.66420653190703
1212,-51.083137365769474
1213,-42.56122156743276
1214,-98.0180197510437
1215,-76.52318273998131
1216,-69.49669604853756
1217,0.06444623113060288
1218,-136.72476358401067
1219,18.060163336368788
1220,123.82793732221002
1221,40.18808842076636
1222,-81.81153296107485
1223,176.87165017460896
1224,-64.76556604302326
1225,41.46935019982496
1226,-64.2905282718601
1227,-33.3984164384112
1228,-50.358806285880334
1229,99.71046120724239
1230,10.726041807895442
1231,-9.158883570609802
1232,174.39099473022975
1233,100.1501180252022
1234,-33.11264796022293
1235,-47.06114055061751
1236,-144.0850706074844
1237,164.442447199528
1238,112.65078455307474
1239,-36.406903975532416
1240,-6.702561256265497
1241,268.54183269825205
1242,210.39171956379448
1243,20.49053445255423
1244,115.58113646530414
1245,95.36898818608924
1246,-290.3981174216814
1247,-26.8073227176196
1248,-152.81215584901116
1249,136.33557628688087
1250,-48.37231522514219
1251,-142.4338425466995
1252,49.09362479541494
1253,85.14922155858696
1254,-51.82515371020264
1255,-145.3157459812677
1256,131.2767421556211
1257,118.56022612451004
1258,131.30896732823072
1259,45.773792385793115
1260,-123.39033495492231
1261,151.39141848540066
1262,-25.61369901522741
1263,-64.8164042975209
1264,129.20154234344386
1265,-310.50749538833605
1266,-69.06942856898269
1267,111.49914833448153
1268,-86.21955972148113
1269,-84.02456448321928
1270,95.26121740258748
1271,151.7423663147737
1272,-0.16059845210075707
1273,-102.11308232323414
1274,-24.428803259774014
1275,-75.69225496938606
1276,89.20074972937395
1277,-115.69675467026791
1278,48.293026936525365
1279,165.28638058577943
1280,-120.51296568724511
1281,87.55830238322517
1282,-6.874297966029744
1283,-88.40195302561962
1284,-177.26499580013703
1285,91.07984735974478
1286,99.6027626941031
1287,43.9805225668145
1288,-54.478705970071644
1289,-296.1263768942349
1290,23.169949573149893
1291,156.87541256035274
1292,99.32474498839363
1293,-280.40525822270695
1294,63.136441189578676
1295,-273.7916595553331
1296,71.25223333807286
1297,-99.82565555089742
1298,-4.09750162021291
1299,123.07427833721707
1300,-162.85042057439261
1301,-50.130113482008376
1302,133.11497612127457
1303,-56.75497006930265
1304,-111.27216882279104
1305,45.38289477500919
1306,162.73774644553595
1307,-96.74011632164736
1308,112.9071626440464
1309,-194.1348011036627
1310,-269.58959621098376
1311,127.99454861955748
1312,170.7665069633694
1313,-87.42706771235709
1314,-94.06232610615407
1315,282.93327528223693
1316,-57.349344973500635
1317,138.91674564231693
1318,-31.690970161350904
1319,112.84373907643695
1320,168.04936403688734
1321,6.118562671583433
1322,105.36951663653055
1323,221.96347560213889
1324,65.93940828828262
1325,15.087973029639969
1326,132.7665856450529
1327,130.51569111562148
1328,-15.355793467560545
1329,-94.31044914758081
1330,84.72419589235092
1331,82.96052739022346
1332,0.7059719453626627
1333,2.18653141180954
1334,-110.68390332439819
1335,-97.51139583407748
1336,-151.81478890729866
1337,139.36686647223928
1338,24.551366443740164
1339,-104.65642153926639
1340,-19.58278464311327
1341,202.25118086053246
1342,-30.850634538540902
1343,149.22176737390953
1344,119.9376787032487
1345,65.56704907737313
1346,187.48054074132435
1347,115.90147037637136
1348,167.27877069798865
1349,153.6400259399223
1350,103.48583938550398
1351,71.48661987362765
1352,132.58125860845485
1353,105.21328670025622
1354,-166.0847158723797
1355,219.85646013807877
1356,17.867737420904362
1357,4.918734874827095
1358,-17.179403433279987
1359,180.94398387021067
1360,-54.587645838775046
1361,176.32874191696212
1362,151.9973584386303
1363,73.26688097614941
1364,-22.686951960522393
1365,109.68604873663136
1366,271.8903197345462
1367,104.44591484101828
1368,-63.04860917947208
1369,-63.35415814401396
1370,84.05775752152104
1371,234.7804822638616
1372,151.9244200174329
1373,168.00707245943212
1374,17.28787084383856
1375,65.98214970320808
1376,130.84537893284303
1377,-103.64168635434469
1378,-21.746138567775603
1379,244.426862206496
1380,105.87670824426371
1381,150.48852756263517
1382,227.7407784741078
1383,-163.85862716924578
1384,173.1695890806954
1385,-83.38646396079847
1386,129.77434810398967
1387,136.47976183384915
1388,35.91740891641014
1389,176.59430469600466
1390,95.35766958881439
1391,125.83784083986572
1392,109.02883825362728
1393,-6.624726164611587
1394,12.282754950030196
1395,-40.84041964805837
1396,-30.35330238234809
1397,-9.636717481624231
1398,-31.438326185214052
1399,-21.068369751256753
1400,118.20948075247853
1401,-52.8089212363287
1402,-32.76929807490001
1403,-25.132713719541115
1404,-47.240683220300895
1405,-0.7946272312919263
1406,134.86345170405627
1407,-86.34055620292263
1408,-55.38618248334748
1409,98.14060223732835
1410,105.82326751904341
1411,115.54718919983907
1412,-195.93115316390833
1413,-29.567182438775575
1414,-194.15636105067892
1415,180.74739222930413
1416,-69.546083759564
1417,-68.28381719818836
1418,151.55665355575644
1419,-46.70375858065576
1420,6.243202505508293
1421,216.3252283118572
1422,273.3889013038665
1423,-22.289934363775558
1424,-164.72904480338127
1425,104.4524859912423
1426,3.685242390905472
1427,175.13126472806033
1428,22.732358758781274
1429,100.49262422991464
1430,128.61179142884313
1431,-42.86103914606268
1432,-97.71738341416486
1433,-34.34801490837252
1434,20.32163453780764
1435,-17.07947958496682
1436,-72.83933290841225
1437,263.979282787843
1438,254.92682175286706
1439,-67.31944382953941
1440,-163.09616336931666
1441,118.60326302861783
1442,142.44705947307378
1443,250.6976435173957
1444,-30.583805316055987
1445,44.901756321666085
1446,2.3298881772611963
1447,168.29194822891893
1448,231.95911115442502
1449,13.870153620469964
1450,-31.094867697364734
1451,18.385478802103123
1452,-12.82542846692671
1453,170.8025327718739
1454,118.91154484084778
1455,-8.011126525421403
1456,-14.898848562919
1457,10.970396506769928
1458,7.095954231066344
1459,-22.558368311994613
1460,-107.76204986971779
1461,99.03080017209224
1462,4.793665791953487
1463,-55.92160475988214
1464,137.90161291522122
1465,142.87097650735208
1466,20.802339429729287
1467,185.75412037430345
1468,128.4943574813676
1469,27.912524619172643
1470,150.45849682551454
1471,-11.134331176054602
1472,-142.22418328213777
1473,10.82280850643447
1474,150.43518459441813
1475,40.91136744391969
1476,-33.64480838929171
1477,0.9903711027207436
1478,143.63520707607074
1479,132.09707442877036
1480,-71.73701393659006
1481,7.4484679420060615
1482,-49.471031547781394
1483,148.3791599787694
1484,-34.84722207445232
1485,76.17226535374616
1486,-15.237671918518103
1487,-34.30331217877065
1488,26.97372350277726
1489,22.876354357407294
1490,144.98674311410704
1491,164.5123142412284
1492,270.9597131136001
1493,-27.73646511868084
1494,108.48216139568467
1495,-64.1293492777182
1496,-56.230079235207896
1497,33.44008460011503
1498,138.10930310123703
1499,-57.12710752782145
1500,109.28488276754823
1501,14.583949448193579
1502,162.8400350735216
1503,18.040506108451282
1504,3.2050423691200507
1505,-55.39585432585037
1506,-3.071775518527488
1507,-64.32353185321347
1508,112.7529434023173
1509,262.2595102608467
1510,219.57313653895181
1511,-69.33358714570424
1512,2.812027216329696
1513,153.87585056590032
1514,-11.122317914338907
1515,-23.80627825250825
1516,-70.2435710638273
1517,38.747645814409
1518,121.14352142587029
1519,135.4199285725012
1520,-83.56030278128839
1521,-53.26780332189581
1522,163.1372732548905
1523,25.926732793711977
1524,152.50220642068192
1525,-44.295880363730745
1526,257.2285530636019
1527,162.4223938554601
1528,-244.68133643109425
1529,146.3321582437201
1530,94.38701647571055
1531,269.7162506520757
1532,-55.957898982099806
1533,-2.6719444970058674
1534,-50.06452198356145
1535,220.73651179430425
1536,139.77309150135795
1537,188.95012186372963
1538,60.53484900532688
1539,242.41852962336512
1540,121.27508854515875
1541,217.19652140437853
1542,-95.91343811817892
1543,-49.78837992659492
1544,-45.815709270654374
1545,100.97026743512396
1546,13.530204805242604
1547,-13.732618564770732
1548,-15.753833844393597
1549,158.21788828924923
1550,176.08374457957507
1551,46.77331589217795
1552,-130.6338783882763
1553,-88.35565306908015
1554,153.08903722097753
1555,-79.8559364828004
1556,43.841583008838654
1557,-171.21979725272143
1558,101.70452623929546
1559,178.06875300805672
1560,87.59902436661278
1561,-250.41539152715598
1562,18.07263985286457
1563,3.2063607870138924
1564,9.907745167388171
1565,281.5819461686858
1566,148.4031633688929
1567,-84.2274307042876
1568,-17.143549861647088
1569,5.0382457139776164
1570,252.9166395791197
1571,187.85754274897099
1572,137.20768392821637
1573,-40.61505953987533
1574,172.9411951729825
1575,126.0310503177348
1576,33.81709336324667
1577,62.074773732697096
1578,168.8289439209051
1579,161.41370969396763
1580,93.50916064486265
1581,-18.991984394819866
1582,-32.691198820473886
1583,279.0700390287691
1584,-56.25829166920445
1585,24.76815393549667
1586,-45.36685589650378
1587,174.24709570688074
1588,121.62956791853632
1589,-18.20176478254963
1590,154.09764153108736
1591,223.9122363215484
1592,103.44708038863715
1593,6.371188127758117
1594,-40.10941509218864
1595,7.223913488128417
1596,159.03913928337693
1597,-251.99153789212528
1598,22.351551165219703
1599,-9.236004133932155
1600,3.3961083679967317
1601,-8.45565408133956
1602,-36.18064849187198
1603,-30.24815334718393
1604,-45.324554283040314
1605,19.436640348492077
1606,-1.9604785528309208
1607,211.66291996003108
1608,237.9490667658403
1609,254.92174439179928
1610,265.17096387230947
1611,-8.330501515925349
1612,150.4473361163578
1613,285.251655137839
1614,85.74368265130119
1615,-10.736378122074555
1616,83.72063603952711
1617,115.04975653402155
1618,-269.8617647993366
1619,55.60424389833696
1620,143.40627128516408
1621,-42.877193065888704
1622,36.08707026640552
1623,-108.53682119881594
1624,-27.437201608370117
1625,15.765507814743756
1626,-17.31741616422707
1627,-87.58819714679935
1628,-25.40154329057846
1629,141.19882231171113
1630,-4.46612157409885
1631,-43.626323948145355
1632,-4.162590618146885
1633,-21.336197794770328
1634,-1.7578441719316515
1635,211.06642361544505
1636,218.9778025449162
1637,288.73038952165126
1638,89.48606730740627
1639,160.73792442290235
1640,-63.86479078100032
1641,118.19393723959689
1642,-40.46217854160956
1643,233.7707566791326
1644,-12.437924474754936
1645,236.40640815452508
1646,142.17138495472022
1647,289.00414788945153
1648,105.34954067960744
1649,107.51404094433667
1650,276.77097110031895
1651,138.41079894291897
1652,149.53994725120663
1653,102.32476334164295
1654,253.45301024366316
1655,73.61271476811288
1656,172.87818333574413
1657,-48.97871001973809
1658,-28.728980798639498
1659,10.238406407699813
1660,-61.110118762914496
1661,168.02090101879418
1662,144.480662145717
1663,-51.506019740837395
1664,257.5394471584144
1665,121.1157093896271
1666,-68.52674516079419
1667,81.50963346274247
1668,-40.76493481289161
1669,-27.379329227527208
1670,-147.00653273807794
1671,-61.37736372043465
1672,82.66921151200344
1673,-254.5583950591768
1674,95.80563911597936
1675,258.35135685246416
1676,-77.36607436171134
1677,-121.27346364836191
1678,239.99358525788998
1679,176.68705199662537
1680,248.4914047223955
1681,199.36192358462614
1682,221.99669280870665
1683,158.4920125445587
1684,284.089018354299
1685,-38.37179538928801
1686,60.93467449126923
1687,71.68452460119471
1688,33.981503869474835
1689,171.95019574891577
1690,224.44666186073292
1691,148.09816099059702
1692,-75.12614443439
1693,103.81064395382276
1694,240.96720879645224
1695,-22.771845505593006
1696,3.0369790579809433
1697,-14.48911784692119
1698,264.63268672652123
1699,228.78785873208687
1700,255.72527154292862
1701,153.10475253399815
1702,45.37525451403151
1703,-6.160181241132847
1704,119.13188746339908
1705,-60.2559344225576
1706,154.0177223766119
1707,-3.855729438849636
1708,273.45330275437925
1709,7.0386913855898
1710,-36.36809447389045
1711,-68.553157349331
1712,112.6632942481933
1713,128.8859713337028
1714,281.5473448649002
1715,137.78625174021766
1716,-74.97736159908673
1717,-75.69551575155815
1718,274.9852978016189
1719,96.18513535260847
1720,280.4192315108496
1721,127.21673849245201
1722,162.3825650220213
1723,-48.63687256660108
1724,123.74829113250813
1725,251.33648618233187
1726,159.44746646089408
1727,-48.38903092383468
1728,-25.083345400120123
1729,113.80127537809153
1730,242.7092399362562
1731,134.84401462233828
1732,118.01748087997174
1733,-20.806237124610306
1734,126.45070502851685
1735,-3.173454199622051
1736,82.51504130997593
1737,-14.302752070021384
1738,17.31684159022211
1739,138.1674503794498
1740,142.3814550047466
1741,-48.15878137857098
1742,134.11859326449007
1743,-78.21319925559085
1744,122.76529697982103
1745,247.33426377309092
1746,175.901170840196
1747,3.900788193118075
1748,-2.025307127157376
1749,209.99575226923085
1750,279.878338530216
1751,278.4644632049887
1752,35.09815530531941
1753,47.04936292123614
1754,104.79090303414931
1755,-41.173050407852145
1756,78.3458688818346
1757,186.8624990672906
1758,153.67774165730944
1759,2.6107557221323674
1760,141.41483172281474
1761,157.580749047156
1762,129.75729180144762
1763,41.95235926571678
1764,41.69845961706267
1765,68.3346010743229
1766,167.23393399924302
1767,274.97114350488266
1768,291.3434025763099
1769,152.44109811629446
1770,119.04907298119456
1771,182.68065096053957
1772,116.90574523842363
1773,146.64794278789012
1774,-56.89244784609803
1775,-50.59796754380643
1776,175.15201548798032
1777,-55.0282484668175
1778,29.427412764238202
1779,72.08675457851942
1780,133.45050481144213
1781,268.53545802640053
1782,-70.07641777090828
1783,145.47356646771476
1784,205.73755464615448
1785,-86.95759754740212
1786,-150.02859023372994
1787,-56.81877755849862
1788,135.5361821032113
1789,132.99375032250217
1790,258.0579576854657
1791,-41.36819949745106
1792,-30.23219247506482
1793,243.70307875832833
1794,-67.87734350479262
1795,22.18330234050717
1796,277.037716897825
1797,-68.45053687006474
1798,-274.3833478776186
1799,52.31740756955912
1800,73.98626783275779
1801,-100.28376720181964
1802,162.7398742697169
1803,-141.8500071962967
1804,250.70416703053752
1805,-132.53586829229528
1806,160.95257111820652
1807,56.30862882819537
1808,273.30674803571503
1809,-81.71980226166409
1810,87.28349502813457
1811,37.07122299788844
1812,111.11322845706067
1813,72.59606848094026
1814,148.1594678691839
1815,-195.1503125786914
1816,166.41403580653184
1817,-42.68016216026068
1818,3.773245298790627
1819,132.97699575317316
1820,148.38651268374983
1821,134.49052051877536
1822,-23.254421210642803
1823,120.32372874817753
1824,268.06866882403637
1825,119.80043054259193
1826,108.12388742697873
1827,154.35881037100896
1828,30.643857271296838
1829,269.0507600807145
1830,234.39324157715095
1831,16.71941971889848
1832,23.701235810512685
1833,121.44865552369345
1834,-170.25547695071782
1835,79.37002930655431
1836,268.9425929995757
1837,95.73394564767428
1838,269.1458188916481
1839,266.33305241962967
1840,181.98669838240338
1841,156.83383049484553
1842,-11.206193422628601
1843,148.64896040808605
1844,-96.94867438368152
1845,269.21161128452803
1846,237.19462113266246
1847,124.72254302586164
1848,154.53721520923744
1849,-106.4214150329707
1850,-188.20064420671935
1851,252.29198178374278
1852,102.83877163567625
1853,248.9633576811764
1854,71.98190105465254
1855,221.22230558943969
1856,-0.9692855579350663
1857,74.59638145658418
1858,256.0360965538936
1859,160.9581491551466
1860,79.55034350975721
1861,143.93035482028543
1862,28.153464657820564
1863,-61.11906619035644
1864,141.44229232647675
1865,35.90309726508596
1866,-0.5329290222460207
1867,104.78717035621213
1868,-65.19015141044147
1869,-120.24455904392464
1870,131.68337659519878
1871,-77.45406127974331
1872,290.824037548243
1873,-18.93211960573666
1874,108.2442460387969
1875,49.52276851236738
1876,258.93681214696994
1877,157.16784425634094
1878,152.55284448824867
1879,106.23510706417605
1880,277.5405837672457
1881,122.25152094263983
1882,172.4942632662122
1883,20.233626194254853
1884,278.3398541806877
1885,-41.5924095720746
1886,220.93542058365347
1887,239.8396515307064
1888,118.25752694396061
1889,138.43246825221104
1890,-235.24638880520519
1891,4.478231643343136
1892,-6.205056946053276
1893,-33.32325103564909
1894,23.62522593248039
1895,189.5461419108146
1896,-60.395003644073796
1897,-58.70070838059354
1898,184.69678201297603
1899,150.820746304053
1900,205.9867399668131
1901,159.74951079359732
1902,234.85761121198408
1903,22.500077588610324
1904,229.41000055742694
1905,126.31561895193786
1906,175.70289086335418
1907,262.49597881756154
1908,-150.6496600044744
1909,105.43929789517463
1910,169.94148719185938
1911,151.00165506627636
1912,128.53623161369362
1913,45.16925741347063
1914,87.2561878655784
1915,-81.33076202850992
1916,-34.08226075424503
1917,118.79247283292625
1918,161.94619066608314
1919,8.258675249026822
1920,232.11900573689738
1921,83.56416509730373
1922,20.97453936975539
1923,12.099695737952828
1924,132.07812645534574
1925,122.23528686180245
1926,121.78226976056477
1927,280.3126593317031
1928,-16.162796440746646
1929,-12.5508526635749
1930,12.576602096203573
1931,39.589297032352164
1932,245.42939419501596
1933,-30.674871310740357
1934,138.62697450086816
1935,244.71187888032927
1936,11.741879559899006
1937,51.962850132299906
1938,181.43623930214278
1939,227.09923436668748
1940,247.1426795084788
1941,281.58131349957137
1942,188.0432843481915
1943,110.10835628160889
1944,234.16229480133975
1945,151.21198771260694
1946,144.92596842032168
1947,259.6829454588759
1948,36.14703569912645
1949,-5.609476516212595
1950,53.78242699717026
1951,120.69249749519017
1952,117.87037566803383
1953,124.51564058734277
1954,-30.16288171358198
1955,80.21832929140211
1956,50.65869797337214
1957,254.69572284806335
1958,264.04529474074275
1959,-8.904149627603843
1960,205.19955278961885
1961,208.8554555538623
1962,17.687932663650173
1963,102.97969785481646
1964,286.4929445066176
1965,107.35282380803261
1966,-10.742163687218579
1967,225.7183696225129
1968,163.3530604560311
1969,189.5751524731056
1970,5.942938335538514
1971,160.9190557185162
1972,138.08776494629973
1973,272.4934199344183
1974,-20.932809901858107
1975,24.901027465929673
1976,81.10227881037135
1977,128.6798869231049
1978,127.50686129791212
1979,180.28683837418762
1980,116.67089612855517
1981,121.14958383627882
1982,160.0169259291713
1983,277.1884015545486
1984,92.3340140795934
1985,-35.48500555755734
1986,135.85957165114104
1987,9.730005276722437
1988,110.94243510396329
1989,166.13986239671559
1990,77.76588818337635
1991,87.2710123835849
1992,102.77037488660422
1993,-199.40136321080783
1994,90.38645790895411
1995,161.31407453706225
1996,283.78965563482666
1997,170.56090826260737
1998,282.3302670088442
1999,143.9983662382287
2000,-9.981059813154815
2001,99.74825436822432
2002,56.31478061405811
2003,26.666686130617155
2004,-30.90303357623081
2005,163.34319552773297
2006,134.51587605205182
2007,35.07007495525974
2008,214.5180218376251
2009,-19.664243913347462
2010,126.90484103944088
2011,257.3929411111795
2012,-125.99612288501746
2013,81.79869498137376
2014,222.86532096313238
2015,137.63165301669957
2016,50.76261249104374
2017,-64.06540607913175
2018,-248.11612433705926
2019,117.52390611486318
2020,57.76154828259115
2021,44.21563238868346
2022,125.84083268114432
2023,-21.075729303886504
2024,38.997423454291805
2025,257.48899314672127
2026,279.6630223972595
2027,98.3225975673854
2028,130.1155762160271
2029,172.41545544061745
2030,-241.09738039700753
2031,155.38833761221147
2032,118.20678755856808
2033,74.92214672581213
2034,288.06582966056453
2035,-49.5447596659857
2036,-41.95701547360599
2037,252.02383799406027
2038,203.1697197759915
2039,143.1853356226753
2040,114.30376972998559
2041,221.97668332696298
2042,116.61657842290802
2043,124.46633068273653
2044,291.9880248967619
2045,68.02279633553061
2046,97.34931025917443
2047,114.31990213176624
2048,-43.95552143619278
2049,-23.1454132111257
2050,152.35567108005958
2051,173.96845189258792
2052,289.22100235870437
2053,145.771021976866
2054,193.10328777293762
2055,104.24795389713161
2056,28.78321759324939
2057,-16.95000677093327
2058,169.41056491517648
2059,-78.82162019123228
2060,89.57101713476823
2061,91.50044491539579
2062,147.97742510336963
2063,65.1401333062818
2064,138.17598258224936
2065,1.6927317822508172
2066,97.05484292703457
2067,111.2551906008199
2068,265.9667756154537
2069,128.38119652230796
2070,100.0608903783033
2071,24.217847836477276
2072,111.8014348134175
2073,53.644909066319414
2074,233.65308739811303
2075,-29.29078706847443
2076,246.6624252025275
2077,-50.7116968757464
2078,178.625472086279
2079,-5.429124711239325
2080,174.16861935159866
2081,31.22614149778451
2082,153.50429215098475
2083,246.7479457317829
2084,151.40627364517655
2085,130.83102240618578
2086,150.53147835024322
2087,89.81907645842824
2088,217.95043102260973
2089,118.42986357175087
2090,-22.8432005358556
2091,53.92830433208644
2092,108.05065652410241
2093,274.2312610113503
2094,119.70539881900156
2095,126.27776184432919
2096,-1.9853167156467322
2097,-43.82769283723685
2098,36.47856572974513
2099,128.3518739772785
2100,112.67924151742872
2101,228.5488307751594
2102,100.24318054835597
2103,115.89470246516093
2104,-106.5095056367134
2105,165.8616504038442
2106,225.2431408500638
2107,121.31466860081102
2108,-1.9539763651437738
2109,271.9264519565785
2110,25.587666936788764
2111,280.45245668157247
2112,112.53170885286663
2113,-348.09015908167703
2114,117.7518824907149
2115,34.94817462903259
2116,239.68809931437139
2117,237.47672729043518
2118,104.01042696700131
2119,177.34498323142242
2120,224.76311659251684
2121,169.96008156393933
2122,272.5948903933411
2123,-104.46730668512215
2124,109.6942821353114
2125,125.12031385810191
2126,-46.8264764739732
2127,209.21420449614004
2128,-106.3479011587361
2129,104.4661618727082
2130,294.53333196038403
2131,249.82317086420053
2132,44.54702869018732
2133,120.69515788395421
2134,-76.27069085827276
2135,-133.65993644043635
2136,186.2290883539297
2137,153.36288348709144
2138,77.12893895552716
2139,16.79348914428519
2140,238.64148039948913
2141,79.65976676426224
2142,129.79493471594265
2143,157.64742384860634
2144,109.32786552995742
2145,277.5868232838251
2146,130.07151390775445
2147,129.28201791630391
2148,141.99342340391453
2149,120.33021778668646
2150,151.5897543150067
2151,61.679469221850304
2152,151.32377568576106
2153,-23.323929953802164
2154,-41.620591328345526
2155,276.9735744675532
2156,241.8480282573023
2157,-143.21162613133865
2158,-113.67251417595098
2159,136.4490666940313
2160,297.5468440890495
2161,-44.332145115278294
2162,4.411985993106541
2163,41.3881784738376
2164,132.9270867333622
2165,240.26248165185345
2166,54.91781182105541
2167,140.605453100026
2168,133.28986097009368
2169,-66.56194229243124
2170,251.54611504201998
2171,259.2999632651002
2172,245.88970877620397
2173,132.41770364477776
2174,174.10928596340813
2175,119.522110706473
2176,11.948483566705875
2177,-74.42097584177841
2178,-58.55506495535303
2179,152.75739038599687
2180,119.15867537460792
2181,138.17410826906138
2182,254.2907288646922
2183,108.88777553297017
2184,107.86153306438669
2185,82.58964669178944
2186,245.83496305887445
2187,270.1865253112978
2188,34.315588054035146
2189,114.17152398964008
2190,239.82170176439234
2191,82.26929127817901
2192,169.02541910223354
2193,61.52900293447765
2194,-37.90416036861984
2195,53.437106309390856
2196,2.6332039745223454
2197,83.9762001249472
2198,256.91829104014096
2199,91.91558221692826
2200,129.41037184845666
2201,248.4687325076431
2202,-2.5786496289752847
2203,-9.88629388941257
2204,185.24021585565055
2205,103.30770766085976
2206,266.65279904868225
2207,266.39104277698107
2208,14.14163227952271
2209,130.8360689904638
2210,251.73346652066385
2211,-15.41850517904038
2212,-2.377419252005623
2213,124.71337828268922
2214,122.52412914284757
2215,258.7055005157542
2216,-13.521519731750544
2217,248.11907465777193
2218,127.7491827398807
2219,167.38051600412314
2220,101.79373484240888
2221,277.08385604861303
2222,281.9491009264377
2223,238.60641792972655
2224,-30.719956242340245
2225,270.1959517537313
2226,-47.801927769434926
2227,262.0200140542354
2228,-248.594892741393
2229,-36.9571366413591
2230,111.08393747676324
2231,247.08655378800785
2232,165.53305807407176
2233,11.775092552316522
2234,184.25559168071968
2235,105.85032419677903
2236,128.09843977107678
2237,5.8830857988982075
2238,179.5590979541097
2239,214.8830504886635
2240,271.6009539410178
2241,-22.308544888390614
2242,1.142232519121194
2243,115.2122502696135
2244,196.408869224584
2245,67.32658813709617
2246,122.70450800489874
2247,240.5683301810327
2248,250.80509329470516
2249,-74.640620982859
2250,122.48590926833128
2251,11.974170604441738
2252,226.54143089640706
2253,258.4066920747375
2254,-195.11175117745725
2255,106.7306859691133
2256,95.55930225898257
2257,11.924245857694473
2258,163.94894631886214
2259,53.21187091560517
2260,263.5875027488437
2261,276.08133966869764
2262,170.1900964208985
2263,-46.88916893385398
2264,151.509496642941
2265,86.5210588520259
2266,37.18689382997448
2267,220.80184130381227
2268,237.1191997298106
2269,223.39874717703893
2270,275.72868827248294
2271,140.5534681320612
2272,131.06171926855586
2273,-16.991591123734523
2274,267.0234624546196
2275,-28.101435237912213
2276,85.1028913658719
2277,17.99794558512056
2278,7.589860987901702
2279,145.28111343184662
2280,110.47096014236035
2281,172.86429957977447
2282,153.942183867226
2283,146.26534195892663
2284,156.62633694699002
2285,261.41313678375036
2286,182.31076116559737
2287,60.583187316547885
2288,85.49469888130585
2289,-310.34460557056593
2290,244.69921484840762
2291,-13.113440761210242
2292,274.9793289351524
2293,178.44514913767404
2294,288.3490106483688
2295,22.835318855797226
2296,109.01017471845273
2297,284.1951946098184
2298,271.5953708889076
2299,164.77286079675127
2300,-43.631627556064714
2301,-79.6325011539709
2302,144.2459280633388
2303,109.35488176563112
2304,-25.935053121188645
2305,222.89636106518037
2306,-24.455984216027574
2307,4.450622617110653
2308,98.87768823257954
2309,84.20495930053373
2310,135.58319306855373
2311,49.231548368893186
2312,273.45046725049474
2313,125.0133985154149
2314,231.64499385846045
2315,259.98914039103823
2316,250.68022978608818
2317,204.27011849706366
2318,52.31516855721084
2319,41.16521563590044
2320,156.7939302701293
2321,35.20772884293569
2322,9.818659981363453
2323,29.03102107113611
2324,268.7110460487696
2325,155.86076201755753
2326,33.27051231552556
2327,-53.460568576361396
2328,18.89099045666319
2329,287.2491604736648
2330,-9.763507356891665
2331,-32.49967005809562
2332,114.18236779689258
2333,127.15693512272777
2334,85.7526547226355
2335,137.3557968638002
2336,87.68065497904244
2337,18.724288360783333
2338,-84.30383145752316
2339,70.10894133421614
2340,176.09526227665756
2341,155.81798642405408
2342,-13.600457667022269
2343,120.18228698193539
2344,-40.28840038687191
2345,50.94823793091956
2346,255.3949892455147
2347,85.28234051988304
2348,269.13320867096377
2349,245.48321511082537
2350,264.5178696579643
2351,99.06652863855803
2352,149.19332997989272
2353,14.970219890935994
2354,149.84563844642994
2355,176.20507325521726
2356,81.98393040400781
2357,202.87736498656957
2358,58.02504311399289
2359,147.41521339269687
2360,232.33169146672503
2361,-170.51241411965265
2362,155.65589397706276
2363,84.90741434009178
2364,118.96899511727982
2365,226.24352906880242
2366,-77.19733899153036
2367,55.39975983435504
2368,131.74484949103277
2369,91.14260296255662
2370,157.06024657782604
2371,-66.16062748862419
2372,-11.021497486819726
2373,-26.685101140576748
2374,-106.95156793395098
2375,250.32271668230993
2376,95.53964133725374
2377,117.3484944116827
2378,46.224433829225134
2379,254.62892428795666
2380,-56.40987438966579
2381,209.103601100974
2382,-6.476130791046302
2383,126.38655688926119
2384,88.36905856950101
2385,97.03401979849069
2386,94.74597701193237
2387,82.54377450758655
2388,274.100750386375
2389,253.7213352694738
2390,145.34772847845886
2391,55.74354721971261
2392,-9.388627107982174
2393,242.04924076764368
2394,281.0865584457607
2395,-50.84544066384723
2396,-16.84771468256072
2397,128.28531717980658
2398,32.88295663580408
2399,-92.09093126660946
2400,-54.25621759824625
2401,119.2875408455757
2402,-12.005323441533918
2403,137.0123009116699
2404,-51.391442826206294
2405,104.74663458089341
2406,224.83454491235216
2407,18.995944875900733
2408,95.8811924339165
2409,86.09035244131331
2410,67.67704561999395
2411,-7.691948022565882
2412,179.9266350028656
2413,262.0829634084558
2414,-24.69650638733546
2415,228.39729883960885
2416,-43.71736760186764
2417,59.055353762368156
2418,128.00348600984083
2419,-20.37249585215713
2420,47.94146649652019
2421,-6.115610682946183
2422,-37.498922991400775
2423,175.86210320525672
2424,114.36549695793336
2425,286.2006428319905
2426,255.65362704121762
2427,235.76903764721186
2428,284.0450562038789
2429,-64.3939095556911
2430,260.05135031884674
2431,132.62204298982067
2432,-82.57501105163304
2433,112.43477257270305
2434,94.53594860712917
2435,133.3181129249835
2436,-13.450007615669591
2437,-18.058869391007875
2438,230.8409348074316
2439,186.2855260416182
2440,64.14134858108531
2441,67.46966199476074
2442,-7.319961586592868
2443,-21.66371490708842
2444,271.875614111144
2445,-85.73191666165891
2446,121.86425705673348
2447,101.13094098098315
2448,265.6709944617858
2449,124.36914782289315
2450,-5.155292380779926
2451,6.072804451164728
2452,112.14709978224906
2453,84.16414030620058
2454,124.26771665210282
2455,-3.4215722638073345
2456,105.5979823479199
2457,120.49308402126776
2458,93.68026565115416
2459,169.75210542490942
2460,135.82972560138828
2461,168.29419156802513
2462,72.98726147403022
2463,107.50198347601926
2464,153.1488228669008
2465,166.95991776327725
2466,-23.77934804328369
2467,130.53835676762904
2468,134.94691374061523
2469,232.29389797210453
2470,127.67742814411007
2471,260.5202931873247
2472,-123.19692894514267
2473,124.53379963196394
2474,249.10250274484096
2475,124.41265127786106
2476,-32.78668790827871
2477,-178.99452764309783
2478,139.2113432356374
2479,68.0068240366105
2480,89.88058398715242
2481,284.60932693178916
2482,147.04808460348343
2483,248.10577257899172
2484,78.79587234351322
2485,47.91035273620953
2486,227.0280778296052
2487,96.28928064083436
2488,130.41803106897993
2489,246.09818017656409
2490,148.28303340572904
2491,43.770277506928835
2492,-5.359218853251718
2493,245.5520525244038
2494,28.419150138157043
2495,27.465718573149402
2496,154.11786545913262
2497,16.811450506236568
2498,32.054373868881385
2499,144.8984408375693
2500,278.65876551486554
2501,-57.165544324588126
2502,256.04956303991514
2503,114.08912684716252
2504,130.99885136242884
2505,235.57680653298985
2506,262.13630291153106
2507,105.37411939328587
2508,158.36334626996674
2509,135.89671009589773
2510,-16.079966981231763
2511,144.66451041191814
2512,155.63987045913655
2513,256.6629425408819
2514,197.1506505584817
2515,129.14802695096748
2516,271.93715508559325
2517,255.61788208339274
2518,144.3378875243027
2519,101.53804946765358
2520,41.560665386275836
2521,48.7873803726304
2522,171.16192475442486
2523,149.13160036477078
2524,-5.1740267705853284
2525,124.72361587036559
2526,212.89347899337605
2527,82.77686139101958
2528,111.85238651957012
2529,276.10279044608046
2530,166.74956019867378
2531,285.5693709689748
2532,139.33672024544782
2533,33.51152051653668
2534,132.3281013616167
2535,156.66784580678308
2536,93.99726722834556
2537,128.401212182834
2538,104.76369919050839
2539,112.56475205168422
2540,131.52426896229542
2541,149.28277275499065
2542,14.420410584243868
2543,-91.00377408844392
2544,57.49852912229497
2545,-96.7743004684324
2546,178.49876776166872
2547,-103.88479905189257
2548,-16.226694417409504
2549,235.84762692359618
2550,190.83927346740296
2551,236.85053157544243
2552,85.56103901640718
2553,-0.2228828807056118
2554,289.28339796520675
2555,243.56603514660026
2556,147.95044875811755
2557,-51.485037885268554
2558,69.00505147986745
2559,266.9355450756067
2560,33.102356605402456
2561,253.57068154266915
2562,154.68304341285446
2563,267.4770320823227
2564,217.82263472792735
2565,268.29341967873927
2566,122.46641770189794
2567,-32.10295964240086
2568,-171.5224932078226
2569,120.06946058661846
2570,220.3589335385755
2571,255.60548334003488
2572,120.39728519368205
2573,232.91323813255127
2574,89.94103553483772
2575,292.7781690635071
2576,175.54760220359617
2577,7.6361607921561045
2578,175.97714836162888
2579,268.6811001510988
2580,-11.325563842254383
2581,-44.60287602139436
2582,277.99444863383
2583,180.71038597528874
2584,-45.79830652938743
2585,272.35765844793445
2586,98.08237079815248
2587,126.2373268241371
2588,158.59357299081714
2589,46.95959284058236
2590,134.87541807618095
2591,99.8914231458382
2592,123.2431166230335
2593,91.47145956908255
2594,281.76536191174097
2595,184.73903692527327
2596,73.17438259939523
2597,201.1744248190023
2598,229.96344979641296
2599,6.33762593135674
2600,-54.67585099176212
2601,-15.410400918870835
2602,-82.88791197481227
2603,-31.829174743878312
2604,107.02247751614567
2605,174.86381296191976
2606,119.84779396621958
2607,145.46347711028403
2608,269.25325236039015
2609,84.99834146793862
2610,158.02991038970464
2611,-24.52274687876657
2612,94.82875340570817
2613,96.71456621400148
2614,195.01919160531543
2615,197.80455485584486
2616,253.12687528622357
2617,146.76585834991718
2618,235.82968487131333
2619,179.2354330008321
2620,-34.40718261326104
2621,105.861154732608
2622,-249.6387484951653
2623,275.59616317125074
2624,-0.43766058785352513
2625,74.57601033862313
2626,272.179356533485
2627,133.79281697807437
2628,196.48532497925663
2629,181.01631728907273
2630,-18.423904600558856
2631,95.65279891258226
2632,-23.386721853133665
2633,64.34449000687978
2634,93.61896655703744
2635,268.62447816623023
2636,271.72769207625004
2637,12.16800135558016
2638,5.267495970567694
2639,-19.896623454652556
2640,141.1465077058384
2641,115.71390145518023
2642,-24.94927792981305
2643,243.04120744681475
2644,131.6361136084014
2645,13.428218299834938
2646,66.17141659135162
2647,104.23503521817173
2648,-140.91948503431294
2649,110.27361607498666
2650,279.52355654146385
2651,-17.140032255087746
2652,91.18952501846803
2653,105.05796549618454
2654,104.66807781951914
2655,98.58210486299112
2656,135.30243422045956
2657,165.87020361748228
2658,165.05856454603727
2659,-44.35057277470426
2660,109.69461332462495
2661,-23.84783936736413
2662,244.3499784038399
2663,129.81659689574872
2664,102.67587929575133
2665,-215.90276928938107
2666,3.00771181352313
2667,-57.199393653888166
2668,286.8562908081701
2669,280.54623257080254
2670,-69.7618633005136
2671,24.406069049098534
2672,147.92975452371223
2673,114.2161885578165
2674,168.0822769831345
2675,-63.11883819880332
2676,108.9511789841857
2677,32.411797130909775
2678,16.853407763051692
2679,129.62978809699598
2680,54.22635596630924
2681,110.28184361776695
2682,253.99555918178118
2683,172.6862936865731
2684,-185.70769599943407
2685,89.11164586995243
2686,-52.624401202407576
2687,286.7601589555594
2688,183.02269480350245
2689,125.07231758409725
2690,207.3478745914051
2691,-47.323572373567075
2692,69.67392278575669
2693,215.51313695094268
2694,-5.705701722327888
2695,-13.098346487054314
2696,0.9858357536338076
2697,129.31587030895716
2698,-125.64175134208331
2699,288.4762031340488
2700,15.520873633203408
2701,125.03937998381
2702,102.3290589127395
2703,140.5245940782907
2704,286.2324772843947
2705,151.59409375335207
2706,-23.388765027611157
2707,184.93144160384912
2708,260.3946050491719
2709,11.256791018711525
2710,224.83630764663422
2711,-84.90830555584047
2712,226.1597215768148
2713,102.66913552027553
2714,-32.322839984135385
2715,74.50873432902237
2716,95.39585351576056
2717,269.5775942141486
2718,-16.62630810594034
2719,99.74697681179512
2720,168.57907245550365
2721,269.90427232107857
2722,-22.67213655884524
2723,98.13217572184715
2724,147.89554301686752
2725,101.01914799251918
2726,237.5989738685137
2727,-189.5193582582637
2728,98.28562766660907
2729,149.10983988773071
2730,6.652547973412624
2731,234.1097702779177
2732,-56.11054768927262
2733,-17.94084497165906
2734,98.29447868717243
2735,-22.12660440263538
2736,-23.081074553434675
2737,242.9717500434812
2738,103.10014947135049
2739,229.59070176552027
2740,101.28128533550094
2741,19.125106456257342
2742,167.80868453551074
2743,195.35490095641865
2744,-41.05455653502564
2745,275.94895122300056
2746,280.7859908531492
2747,241.21445032275736
2748,105.59701227343672
2749,108.61626489131508
2750,-58.84767716059787
2751,99.23792844569873
2752,251.30459740532166
2753,82.9355821852069
2754,15.809414383017867
2755,-218.585404049747
2756,192.69574017427993
2757,92.78598313327744
2758,254.47772407750278
2759,73.88735954109112
2760,-41.738369353194415
2761,65.28491071875935
2762,244.82010615018567
2763,285.99219343874677
2764,70.97797363368535
2765,101.75705684910383
2766,144.76310784761324
2767,125.87168823762401
2768,264.20701604957617
2769,-39.399713301690184
2770,-294.4978525801457
2771,60.76636162658701
2772,103.50683472740462
2773,-37.770422537377684
2774,128.5915217512183
2775,-34.04934559330192
2776,180.25075962692716
2777,256.6329937808926
2778,77.95581793494142
2779,-29.484835266696862
2780,149.4007274413638
2781,227.45177000056128
2782,247.41722723433864
2783,87.84215007438812
2784,283.5242391106064
2785,112.17112801800715
2786,202.21614247550156
2787,261.00595729121704
2788,-22.51392222127798
2789,283.3650943488412
2790,68.74634288032813
2791,174.58101013057686
2792,55.832601976910766
2793,178.5227807425721
2794,197.4250002133566
2795,90.71687840790813
2796,112.55128429334488
2797,164.4387009294659
2798,-25.496918012900267
2799,229.29460736219863
2800,-24.767142068990736
2801,-15.878571170688161
2802,39.759831909168156
2803,115.47560181528141
2804,7.856476147145344
2805,-33.661298132948446
2806,106.89038716886523
2807,32.184658498008645
2808,-50.86330071985452
2809,25.593543435072974
2810,12.671991171162773
2811,153.53340143648032
2812,252.24639246519027
2813,285.08259258559144
2814,116.09744889800233
2815,-212.84023440881867
2816,224.5824856589195
2817,160.2018921201188
2818,-41.261066147347975
2819,183.91231160642826
2820,-44.223366758850986
2821,257.19011361360003
2822,184.7972626608194
2823,132.23890112795476
2824,148.44465666866398
2825,125.81776799850604
2826,125.8877884741583
2827,16.345578913321845
2828,141.7772250531575
2829,164.7811882943958
2830,-14.346462349964781
2831,-2.8557770242415472
2832,110.51600643201279
2833,132.7259015449908
2834,287.2687158592332
2835,-30.780584185653808
2836,-90.71507326835902
2837,231.10864917912673
2838,46.106786770387856
2839,-118.58106586696586
2840,9.884642834546469
2841,264.96836123354194
2842,259.81128824305506
2843,145.798507169994
2844,88.07378501411743
2845,147.9238989718449
2846,89.26061972043792
2847,195.12950444376878
2848,269.0639173362
2849,86.9734248927062
2850,96.72097974982441
2851,144.08151020873663
2852,169.45064279804387
2853,281.4847269634734
2854,165.93344853468602
2855,25.594021630959347
2856,-19.53094921155001
2857,281.2691483712261
2858,142.72062086163933
2859,158.1569451889666
2860,-28.966465769414555
2861,-18.740221137592926
2862,269.56349903547687
2863,127.41109623386892
2864,-55.12903091107507
2865,291.3696331555615
2866,89.29208009063925
2867,159.3110434329794
2868,101.98671594745568
2869,-60.08699940667192
2870,-158.78796924633093
2871,-51.329154464143656
2872,-59.250984575766424
2873,168.55592623265701
2874,54.69645606614969
2875,42.99309619607928
2876,111.06100757752381
2877,197.83936489867529
2878,41.81791035637943
2879,144.02744352228072
2880,-4.930797745297099
2881,32.720989574261296
2882,19.83395589625563
2883,69.10330116218502
2884,147.86140303529734
2885,122.7609992005113
2886,225.5249542765689
2887,11.053160314267771
2888,135.8957065175196
2889,272.6877487983529
2890,220.1045179836109
2891,-47.17820895607833
2892,14.542175630557978
2893,-103.17145538802879
2894,160.88015300948095
2895,-50.68508782264793
2896,-24.259646152425816
2897,87.64327770258338
2898,-9.45773431234926
2899,-81.52283193262707
2900,-24.021908510625124
2901,274.3177304640259
2902,-115.82633020485994
2903,234.6108828669001
2904,244.26211100264882
2905,-32.67348327778106
2906,256.1310604689502
2907,127.54651632795748
2908,278.54666523498315
2909,194.2365818640444
2910,135.90824655391572
2911,-88.75322989012173
2912,102.53975811746483
2913,211.61985901236963
2914,73.03264152212478
2915,89.6851208919634
2916,155.16688391761934
2917,245.3295302395932
2918,201.1383359426587
2919,-32.4006234558136
2920,251.05500549282348
2921,36.026741884110436
2922,-161.57848352816723
2923,182.34353195029706
2924,265.6321341890528
2925,259.45128414127544
2926,256.4358722367498
2927,166.37751769729053
2928,-31.21476599761378
2929,262.03525706970515
2930,28.110726129068013
2931,156.598284332466
2932,-115.60614395248821
2933,253.59333982850677
2934,162.55348895792037
2935,256.7057535275903
2936,167.32509579092374
2937,2.5697750947233686
2938,280.7607228183102
2939,-206.37541746601835
2940,284.5435296317979
2941,1.0059986184249539
2942,135.55692262959
2943,-52.8551583024737
2944,-3.8293263801776902
2945,261.62204651477407
2946,161.16891395633866
2947,287.3252802350803
2948,142.4900590913522
2949,249.4536250367794
2950,225.78913101139904
2951,278.2358343079385
2952,265.3856431107678
2953,-33.19376181137554
2954,130.95190676119708
2955,-34.676160169866705
2956,5.96752641819981
2957,146.75452436821507
2958,104.15161394790678
2959,143.2315619906038
2960,-3.4521305530338253
2961,25.084114158364386
2962,137.54608007065917
2963,170.85820185572865
2964,82.35546290670801
2965,109.49355788699214
2966,256.0333553440978
2967,136.22124311119282
2968,-25.586712032758157
2969,28.285229528852994
2970,-65.88849251665798
2971,-4.97143726249233
2972,96.75759507506616
2973,267.28659136765464
2974,-20.397244827022902
2975,3.0245498866305667
2976,102.48367184359671
2977,157.59708258545155
2978,254.06902738126797
2979,-27.42341960259627
2980,-33.56891427879275
2981,233.62564872468192
2982,-78.02733910054835
2983,173.86396258256528
2984,135.01011317002138
2985,-26.180782887082927
2986,122.87588467838867
2987,128.30872703831224
2988,103.58067674006156
2989,31.57890173810557
2990,125.72723891084718
2991,133.43611618156098
2992,103.45108497463791
2993,-23.953649349682053
2994,-22.642503015000614
2995,-157.23743469467993
2996,12.393767570504565
2997,126.5894769518076
2998,251.38542163466238
2999,243.79939180221993
3000,76.84614916386306
3001,96.02847637529877
3002,-13.458869377210235
3003,286.56257323117677
3004,93.76305576224959
3005,113.27602278716523
3006,216.64366365040195
3007,11.50955726100932
3008,-57.619294052401074
3009,139.03707374352717
3010,102.47287727163176
3011,257.79120833679593
3012,241.23173197632767
3013,29.511927991299075
3014,-23.922893856882183
3015,207.2546251672274
3016,272.8040938350845
3017,250.94526135205936
3018,106.08238474144173
3019,131.71913033419716
3020,29.42549484259237
3021,-42.12062743297808
3022,85.13560184686058
3023,261.13291804562346
3024,249.2277824315621
3025,281.32708817536377
3026,-59.5614869779278
3027,290.4260596175234
3028,141.19680212279434
3029,83.36497774918996
3030,13.61727333249155
3031,266.09133805741135
3032,236.45766497260536
3033,120.37743473255227
3034,-12.197396561328588
3035,149.3611063703095
3036,248.68258343432802
3037,-78.62799939034603
3038,-2.445543802130487
3039,-16.97219557037772
3040,274.90826602775286
3041,243.98761119607917
3042,253.5512435514784
3043,241.7483317051539
3044,117.61542047460625
3045,-48.923918519617345
3046,-67.01818924829604
3047,46.66255052542819
3048,-28.07477832025276
3049,-2.1305033864662732
3050,259.4755578442879
3051,185.95317355020978
3052,15.1014636162501
3053,110.83921300036266
3054,128.56613368893338
3055,271.76218083208653
3056,-8.017027481305348
3057,191.34451448039957
3058,91.2026760106155
3059,216.32130268683989
3060,239.01427282294418
3061,288.343786660134
3062,-11.110440920590435
3063,-52.683813303860546
3064,116.98415877048835
3065,95.60650329744595
3066,245.26504141793484
3067,-61.31255610750948
3068,201.17733370044022
3069,122.3785243091398
3070,111.80272311528208
3071,253.99496016216517
3072,-24.847722867579506
3073,300.72929490604247
3074,139.02323559551033
3075,6.2373749987912674
3076,-13.364180488469472
3077,153.45483757739535
3078,246.19218318242426
3079,-47.39653177060721
3080,194.05795895793864
3081,14.685519382189256
3082,107.5544180130275
3083,-38.35297460889362
3084,1.909574940228623
3085,97.60070691941928
3086,164.13588322649144
3087,283.62988254717015
3088,72.00217653714009
3089,-35.348335049357374
3090,-2.472948600426936
3091,271.09087283283617
3092,228.84659514214366
3093,-37.58115641174737
3094,108.84762897719723
3095,56.69635245594233
3096,45.81433529327695
3097,-3.6749834964728763
3098,11.560843994078468
3099,-17.936840239512705
3100,-31.97487211097011
3101,161.73283187473965
3102,92.06720895441869
3103,134.10323261729275
3104,20.18212682761805
3105,77.16178619297006
3106,151.16172025555161
3107,94.8205567583597
3108,128.81195845047745
3109,265.22095363776305
3110,246.32422899885904
3111,111.5535733680085
3112,280.60358588462776
3113,91.64528414594736
3114,136.49835938560784
3115,183.75282538280567
3116,136.81210123082667
3117,-32.983143907008454
3118,294.60442661359036
3119,181.20473925022895
3120,150.64466495220944
3121,159.1716090774623
3122,253.0038569854753
3123,246.96923973944666
3124,289.4913875988391
3125,231.94643365102093
3126,70.8739050749799
3127,-8.290480741859483
3128,287.5282519986452
3129,-16.886736866230436
3130,173.15089522692443
3131,247.24957396176285
3132,257.99255453896626
3133,134.61418901699633
3134,103.04387142887188
3135,-109.63129470072855
3136,290.3847672549375
3137,248.6479366758334
3138,-47.90756568072747
3139,40.02623265150302
3140,151.6683796741864
3141,-48.408065594011234
3142,145.71346146216294
3143,260.26871576528555
3144,102.21016727202752
3145,224.9181236974535
3146,3.2013116441963234
3147,-7.170645108727143
3148,261.6112909272605
3149,252.15249726457353
3150,-13.675870841322961
3151,-56.00513378052853
3152,51.83275075428591
3153,10.862997799365445
3154,260.88438311811893
3155,13.685420421271616
3156,249.28658574318743
3157,0.16154772816249494
3158,118.93563915055914
3159,257.53121634939725
3160,102.69862992716389
3161,163.28314689784202
3162,263.70134022570767
3163,104.20165916499482
3164,127.04966542098309
3165,263.6645872965877
3166,0.9461913257442234
3167,25.30391035538875
3168,159.14542657100694
3169,99.11528000909725
3170,244.5982465559111
3171,-3.8691404498666486
3172,308.1024493863921
3173,248.52276769474105
3174,237.4370492420919
3175,120.04707675121197
3176,118.11339303228476
3177,165.3024696862435
3178,183.0704106013141
3179,224.18644727132215
3180,-27.906563180711643
3181,135.79462080788042
3182,176.1084930098059
3183,90.76745659301504
3184,123.33604446236265
3185,5.9503465926491685
3186,-16.465818290298515
3187,141.07198157804763
3188,196.88705788326587
3189,34.79491200169011
3190,125.59504381288501
3191,-4.552634870856352
3192,126.67698092546668
3193,287.8054636554985
3194,178.79129442687517
3195,296.2259844821123
3196,296.2343211513911
3197,242.99344408525508
3198,186.04283846131187
3199,272.97618335906077
3200,244.52726719403555
3201,259.5736580750888
3202,235.36876596360509
3203,21.319471845890945
3204,291.02045325083765
3205,298.3397126588803
3206,276.652039543098
3207,245.694348842365
3208,204.85914431195948
3209,120.39593575283678
3210,299.23736257409155
3211,-48.96239309136914
3212,123.36652226459421
3213,159.62533637487232
3214,226.37570786245885
3215,19.01526361588175
3216,-55.85533941734404
3217,-13.49343392020495
3218,241.33930653644933
3219,245.5687756450627
3220,149.16121579852526
3221,246.15484948705554
3222,279.3341307190067
3223,7.999669408965062
3224,213.07767430837416
3225,252.8889052999641
3226,243.97067530046044
3227,237.16577600429173
3228,252.22939941304972
3229,286.7661265475869
3230,139.14442454192368
3231,277.6754189371545
3232,134.1171683857164
3233,104.37375639426949
3234,256.6418462154394
3235,162.7339474574403
3236,115.1949551495317
3237,89.27659668960332
3238,58.62858638789509
3239,274.0618773191421
3240,247.8093811370481
3241,237.10832583164716
3242,172.6822708972701
3243,266.4701594265106
3244,137.03521374289852
3245,155.47950919481036
3246,20.786703515039633
3247,67.81536176281026
3248,1.2430737014268374
3249,275.5408377041041
3250,162.24192114910136
3251,225.03961691681002
3252,274.0920476218849
3253,283.09455798782835
3254,106.75085148582099
3255,-151.14266991607505
3256,175.57794506428942
3257,295.7261654705896
3258,254.39204912454127
3259,141.19622401250342
3260,138.15912977465243
3261,-224.67858719102492
3262,281.11007127830794
3263,-83.20226644635368
3264,-24.715410678681778
3265,268.8162247641935
3266,91.27888720322677
3267,86.2834155002257
3268,-63.60570603853866
3269,258.33536985620594
3270,239.0966623244308
3271,155.5144558574555
3272,144.57929686830528
3273,91.36840316984737
3274,253.87728102751151
3275,143.864257913095
3276,207.4464831918907
3277,-31.466899837033992
3278,255.6103069423335
3279,221.7721032439338
3280,286.8086759725506
3281,123.07716367460677
3282,109.064258269571
3283,276.7421005237003
3284,279.8655232517225
3285,281.6895496884049
3286,-32.35822576787713
3287,-32.89975127016068
3288,226.0825775566862
3289,263.9830241713713
3290,280.38258199403606
3291,239.38750220979924
3292,115.52734489119618
3293,109.12535360525901
3294,42.928668661286906
3295,250.11287324688385
3296,264.4094448196842
3297,124.48734105150224
3298,16.75618429857532
3299,218.79844012240787
3300,249.98120051056765
3301,-63.298251570301844
3302,17.686899092235677
3303,14.687798079709594
3304,-48.442953307101064
3305,-1.2599752826568817
3306,178.6888432774325
3307,112.24824664782288
3308,-9.625147500317468
3309,152.3799161962076
3310,93.74591943043006
3311,178.10062445896807
3312,90.56121915382023
3313,116.29552962526448
3314,189.11887212007682
3315,-52.639815032890255
3316,20.21985112376244
3317,155.51645226498303
3318,126.25968860548848
3319,45.704595402949195
3320,12.2541422025148
3321,80.83330478967807
3322,300.8090915227207
3323,-14.009658065336154
3324,235.78002440220246
3325,229.59794530798965
3326,8.721385520256291
3327,156.4759635546288
3328,137.06524718605522
3329,274.5969239451156
3330,-39.29082779812295
3331,-3.5593142820075485
3332,275.8681806423829
3333,259.2138209859283
3334,93.59153212387751
3335,233.70089155363925
3336,275.0326748669194
3337,110.57447596273595
3338,122.62669635778856
3339,-4.673205837156999
3340,124.52639901566332
3341,236.03673127955594
3342,249.04784702202636
3343,-179.19301817251386
3344,-2.091435822582568
3345,193.7283418970473
3346,92.26840660364893
3347,257.5302434124767
3348,31.916302679522744
3349,214.8189677550208
3350,246.63606331782862
3351,113.06282127725093
3352,-8.842759386057608
3353,-6.118977395652848
3354,248.0346802865003
3355,114.20614024936462
3356,223.96943655380903
3357,-30.57817476468405
3358,154.58137510848977
3359,115.42525315037686
3360,115.03708589126818
3361,159.713275746944
3362,119.47738915974764
3363,106.52655282866105
3364,191.79974560109403
3365,-33.414500146762336
3366,206.38895461083717
3367,163.77681445946746
3368,291.87887011085144
3369,182.0904411056486
3370,101.42856349422144
3371,226.63013866599354
3372,238.238989257527
3373,159.08568418414728
3374,144.9514161766042
3375,86.40750587706967
3376,3.7070005280554454
3377,96.11053007192326
3378,292.23526794838375
3379,131.21027608371833
3380,35.14279525104982
3381,264.80726684423615
3382,260.2232888497756
3383,128.23707840535073
3384,279.2634569128068
3385,126.5463718136362
3386,159.37884876805225
3387,83.33561817196357
3388,-3.8543865550622343
3389,274.2269435496113
3390,53.98070274246555
3391,-59.88839298509392
3392,240.89152337216598
3393,171.87567930956044
3394,131.6960220754976
3395,292.55465048512315
3396,31.592374869540976
3397,86.84855618760344
3398,274.3226856933091
3399,-215.31932562823238
3400,144.8758196884454
3401,234.78716380055647
3402,-30.005554124706336
3403,-33.30823538871998
3404,239.8680546335409
3405,150.54135395711262
3406,141.72669244897784
3407,237.24405241064147
3408,26.4852086693447
3409,281.1567173425724
3410,252.08968957215103
3411,295.84119235850915
3412,77.92961880231148
3413,-26.40201664124801
3414,285.326051332597
3415,-17.952329427124013
3416,-2.471715978121736
3417,110.52079548105743
3418,219.90190595592355
3419,227.18892904208093
3420,164.54186967444397
3421,253.04877421245942
3422,263.65984863660833
3423,99.39790067420988
3424,2.801059611107476
3425,161.87651570192924
3426,218.0568172452003
3427,101.86252986594486
3428,260.09814337994527
3429,104.93622519717255
3430,215.44776471811335
3431,252.31780177572617
3432,240.40625759304203
3433,263.37657657725117
3434,301.2697993195243
3435,2.6820413982872964
3436,140.22260445171858
3437,236.08815728125234
3438,254.12298550762395
3439,117.19150998916567
3440,206.85976541014344
3441,240.9163147927654
3442,95.26804285778611
3443,207.17863458828833
3444,28.818754430883786
3445,243.91621965363277
3446,215.15411467915746
3447,19.99458845875637
3448,-12.854825174703805
3449,137.71004421189878
3450,234.3335253876559
3451,-38.23975042340156
3452,214.08134335404304
3453,141.95471406037584
3454,-19.377998145157363
3455,-36.59828617847732
3456,190.99004283654028
3457,184.63711101065377
3458,157.42307010269917
3459,162.95348389831756
3460,-42.00008755141117
3461,287.54266433756476
3462,73.89533231885208
3463,162.41115246685254
3464,111.46546400365834
3465,148.48294144712915
3466,-74.11443350543799
3467,-16.754186756433967
3468,71.76751470143316
3469,263.64227301560777
3470,109.94583858255295
3471,-266.06784570666866
3472,165.35627112399905
3473,255.66848668884984
3474,-79.5187457379003
3475,273.95357876715457
3476,252.98854406644196
3477,117.32662641693182
3478,-25.894789789720168
3479,198.60497494062201
3480,163.56934623566724
3481,139.09095480264108
3482,235.40041729695366
3483,29.113670487832678
3484,87.88444345547927
3485,146.86581822657843
3486,73.12814499913816
3487,141.27714987741763
3488,127.53394816732418
3489,293.49868417097446
3490,-259.2596399518087
3491,-41.77314568635502
3492,246.69462136777872
3493,202.62116888890515
3494,-4.479729651744094
3495,122.39056741866268
3496,123.17182201296086
3497,263.8533959255201
3498,274.48662482999447
3499,150.81651670928636
3500,249.00667788494215
3501,104.10615793785756
3502,132.29151316290506
3503,256.01753828572095
3504,228.8064310384203
3505,155.83405258408956
3506,83.24448344974786
3507,253.73634363335643
3508,-32.815556304896774
3509,109.32248784522343
3510,-18.510273101536228
3511,133.5148657153006
3512,229.91218709528795
3513,-4.020352701336648
3514,-134.57411513945976
3515,235.4618485666618
3516,166.12330865835938
3517,271.6002564900259
3518,-136.74892025991068
3519,101.94516446088336
3520,278.86851198844425
3521,242.6389287878119
3522,213.61942847434528
3523,1.7124325165662952
3524,213.47557370586736
3525,149.36413119687373
3526,-29.00758841653483
3527,102.09036851887085
3528,274.9205122333802
3529,164.91123135981442
3530,251.70194853717354
3531,233.69506619781896
3532,100.2844067710484
3533,130.374955593835
3534,31.6018462635777
3535,-83.85493803889574
3536,251.53617762398952
3537,4.162387406920331
3538,276.88082239568473
3539,278.05530968277094
3540,-12.575858647131966
3541,294.1825469619159
3542,17.18719085112214
3543,285.78472385524594
3544,147.74699105773783
3545,289.0504050790751
3546,10.278778025667506
3547,171.55348060112584
3548,41.70566281377319
3549,249.6651544468853
3550,265.16414126283144
3551,111.25000214025265
3552,132.41515754745927
3553,107.99612089066427
3554,170.53944828389874
3555,221.0235216323378
3556,97.6645873196409
3557,-77.61454645082352
3558,258.9982212935371
3559,109.50908803228319
3560,112.43880604773028
3561,244.03394327206968
3562,236.9501542005077
3563,217.36459517770095
3564,167.52515811916663
3565,12.77246257851462
3566,21.904644949556154
3567,-251.28345862295245
3568,58.230271126999924
3569,277.5237037631943
3570,131.86936950145449
3571,128.71552583215896
3572,116.58985330004293
3573,-33.685998287716146
3574,134.6118901870016
3575,124.71475815024853
3576,257.9213315986832
3577,123.43198094988009
3578,214.59792137976928
3579,125.60161375873595
3580,250.62947181742183
3581,281.96337560413383
3582,268.54503705805143
3583,166.83762697748426
3584,23.809069845667167
3585,277.84218086302496
3586,301.5493824179746
3587,46.23614374743474
3588,61.416020058913915
3589,-16.31528459510561
3590,150.53869778717666
3591,106.49713083834322
3592,145.3905661756013
3593,114.45661990731655
3594,129.00336344675478
3595,255.03772770607165
3596,140.10388501350945
3597,158.46445839579445
3598,284.22009399625074
3599,156.98701985979065
3600,-19.058420668711207
3601,65.38574278540486
3602,16.316290561767843
3603,291.312337286857
3604,-44.06698052710869
3605,221.79356830377696
3606,269.29640639465185
3607,6.634035194766938
3608,25.875113070596427
3609,259.10616920646106
3610,176.395069168794
3611,234.6468059787801
3612,158.0270047899891
3613,147.6085144488006
3614,175.17391444473424
3615,264.3432359399866
3616,-26.822546912898133
3617,262.3485856734739
3618,145.82559540665247
3619,160.85483540676398
3620,-52.3288197856772
3621,250.27370760290793
3622,-31.25076139061798
3623,254.69311702521722
3624,107.79257592375545
3625,198.73826463667388
3626,253.97212815484238
3627,279.127898909364
3628,117.89959517314672
3629,295.04818683649034
3630,176.90813779487428
3631,117.91629797139714
3632,-48.070963463377794
3633,97.80270951457757
3634,-182.96861624222333
3635,-9.773517904597185
3636,177.67952894633652
3637,107.73399913329254
3638,262.1809394636281
3639,167.08730412878006
3640,231.8373325699131
3641,111.21079239058932
3642,-9.556943317203547
3643,-240.6565342194846
3644,20.328181506393307
3645,115.79808175658864
3646,64.62007349816338
3647,117.60356203608677
3648,-0.5213073364351288
3649,241.11202583294502
3650,235.61946228079933
3651,133.86608555225789
3652,260.31018739456647
3653,252.10105337608684
3654,164.6761203701881
3655,20.556595062471132
3656,119.39597433422554
3657,89.0455278321984
3658,283.05949174046947
3659,98.97353555557919
3660,248.30439288386282
3661,268.73267674485066
3662,114.60555606642312
3663,84.61406285736551
3664,173.64382570480603
3665,131.98407200717813
3666,225.2256654748815
3667,56.98771074580149
3668,123.40803265544838
3669,264.49509925151904
3670,286.2803013164093
3671,210.73814115153135
3672,274.4865947431906
3673,125.86879750655127
3674,4.587570751316605
3675,279.41901610052827
3676,-155.95952005844538
3677,-10.233619203841883
3678,87.90985256563707
3679,284.1011580138353
3680,132.350046712536
3681,124.05340494666186
3682,246.57277571264848
3683,102.30526066603504
3684,-151.1853470771931
3685,122.03298407406419
3686,128.1231927756493
3687,-7.294720375099317
3688,19.669531948056346
3689,171.93928324855494
3690,270.7616397734203
3691,125.61852689271241
3692,192.12606465380685
3693,240.87722881323924
3694,174.74208386006296
3695,264.3540631181438
3696,132.94916676300403
3697,166.64144798565235
3698,96.82415031969478
3699,117.25501326533642
3700,271.5166154252736
3701,102.0506102193707
3702,262.4152353830418
3703,81.01674773126786
3704,-160.91249645700333
3705,128.4704562370781
3706,93.19154998648938
3707,284.8259671121559
3708,18.314638985861933
3709,136.91587308788039
3710,165.39242568413502
3711,141.74025181578662
3712,219.9582963981767
3713,-67.54765210575587
3714,145.1382755397346
3715,209.39759077301716
3716,-194.7320932518742
3717,12.161475271230557
3718,243.07780285904468
3719,8.609624516691014
3720,266.0181978986012
3721,221.80586898698144
3722,135.97182271645056
3723,118.17336855447144
3724,238.3281249025406
3725,282.31844204411834
3726,225.9329103165598
3727,278.39614334290644
3728,254.07541425866728
3729,122.55915122390394
3730,90.12635484627785
3731,90.41081598775507
3732,137.29404799651928
3733,114.48494460277576
3734,104.50299411413884
3735,251.72178768548656
3736,257.3208890448476
3737,237.13576081335563
3738,219.56379994500605
3739,123.30602695716014
3740,278.1366810731567
3741,-57.480697866205844
3742,289.7531730131795
3743,161.48215441679756
3744,220.4329777928159
3745,131.42419555998944
3746,238.73453415163374
3747,-30.411600629739212
3748,167.4021248806973
3749,92.2729916876977
3750,134.31558818121738
3751,113.89637273398984
3752,137.02378560891617
3753,-13.212073040660556
3754,276.02782506775714
3755,50.00134874468293
3756,117.57395088221074
3757,112.7634780567794
3758,205.9779965435711
3759,22.6552455862533
3760,139.38412025668035
3761,-11.228458221488367
3762,254.8364662955089
3763,2.8619564701275806
3764,32.40966399031146
3765,135.24200335427165
3766,33.753291902033425
3767,246.34332464486258
3768,135.5213146410085
3769,185.9416453103615
3770,159.1191983455047
3771,156.44699211844966
3772,130.64441953615452
3773,236.1373089010681
3774,143.42129260312538
3775,32.067805578392125
3776,122.24003630318592
3777,-29.229650861390198
3778,108.40156740087215
3779,74.87088078352048
3780,134.7004687081722
3781,220.6336608653107
3782,118.88583400261085
3783,158.99316659208725
3784,-40.87110803959076
3785,255.21823134758992
3786,247.71423992890087
3787,13.753327387484916
3788,69.24658811805365
3789,154.21258159096618
3790,271.3621841078871
3791,95.32400999965938
3792,24.207640361524128
3793,98.63014782347793
3794,273.86104649180623
3795,241.96040055656104
3796,76.4545367092369
3797,276.1792483837247
3798,168.36068066532937
3799,99.7551072829544
3800,129.7109612829941
3801,-6.952360310898527
3802,-50.285797031231766
3803,269.81547856429904
3804,247.63538917245936
3805,67.71694654337566
3806,25.22708036112509
3807,121.3247290448108
3808,115.41968989130794
3809,137.8350763597701
3810,147.58562387333686
3811,136.79178538514137
3812,-256.1126984645889
3813,14.183357795019006
3814,-175.43648909911832
3815,263.0185691951561
3816,77.41488508059159
3817,231.53613310449623
3818,134.69961465692515
3819,20.521757145635007
3820,229.89465729985585
3821,99.00803873022622
3822,250.71563926889104
3823,215.52281856050212
3824,126.11385038408284
3825,-167.60650395818374
3826,142.517459327912
3827,145.17571466727523
3828,269.4418906270049
3829,216.861819676303
3830,111.6080575632993
3831,267.8401484798484
3832,-60.29454939996369
3833,277.27677613080107
3834,145.59622286013004
3835,236.1687890034036
3836,-4.263903856555089
3837,141.27287767566764
3838,93.80566320829558
3839,149.88217864123746
3840,270.56050533406983
3841,14.711518447528576
3842,90.4227518750496
3843,265.67124013623453
3844,143.0997800727053
3845,44.349062348312756
3846,76.47953598410585
3847,155.2404326147744
3848,-165.53937515950986
3849,248.89212399087933
3850,-14.503807473377279
3851,77.93281305104544
3852,233.2962829715344
3853,260.3899163815666
3854,281.95295217717535
3855,84.06903203064547
3856,93.29777603496997
3857,244.17386370892535
3858,126.28888418637034
3859,163.89417714656162
3860,5.016025838850354
3861,250.70773968365847
3862,99.31901714288367
3863,265.52453387748676
3864,140.75691851701762
3865,153.742818036977
3866,121.58150497345065
3867,140.6180922408609
3868,-7.243150336257855
3869,256.1661147794694
3870,226.2714633391301
3871,16.111060825020658
3872,259.3878586450812
3873,103.98906545250439
3874,163.22141662996893
3875,-1.193167776814846
3876,151.76131436211247
3877,148.0718667463275
3878,109.98028848923143
3879,292.66372389735983
3880,-12.131750799779851
3881,248.0083037786515
3882,183.1809459088733
3883,42.34290150981661
3884,-28.423852134155283
3885,217.49190517148253
3886,-14.537253230440385
3887,225.25281072509586
3888,236.23203956255088
3889,231.08752178054883
3890,-59.54978937589287
3891,242.16844692788595
3892,138.86737110284224
3893,103.10743596185732
3894,297.93746777350043
3895,34.36375796404738
3896,252.6838779415424
3897,292.19337343326754
3898,263.38676993472734
3899,14.907555600104473
3900,13.127908559185542
3901,-61.536416470734295
3902,70.18497276865234
3903,44.84993738419939
3904,135.90986548500985
3905,120.4758132391795
3906,265.75046269372433
3907,277.53301206814325
3908,173.3231743105154
3909,126.74859167196573
3910,-37.01175001670707
3911,221.96709236919298
3912,287.3988051433087
3913,87.76421214866697
3914,130.80737258779556
3915,214.38209648741372
3916,274.48835135652126
3917,133.01703106220785
3918,139.1425107190424
3919,113.34664099090384
3920,266.4767882198722
3921,182.7892616811032
3922,164.245252213395
3923,223.75489155349533
3924,227.51217515503964
3925,215.6504438282646
3926,276.83004894203316
3927,112.38770784027922
3928,135.11885640919186
3929,75.07305226483413
3930,159.8017539341608
3931,261.1334241273091
3932,238.87223437408997
3933,35.05128038523054
3934,259.92386011630094
3935,-49.12830898225829
3936,254.32224966832632
3937,-4.261420049420593
3938,208.04150313702706
3939,81.44774850772062
3940,280.7999428554216
3941,233.25296154444612
3942,141.4297749032302
3943,256.1892941908794
3944,-12.55562839029156
3945,76.60074209454856
3946,98.46404439449687
3947,250.61209563267167
3948,-48.789609380189646
3949,-21.26252454370635
3950,-7.723063868190479
3951,65.64333708038349
3952,112.06408572123935
3953,65.39202963169761
3954,108.10297674822253
3955,138.46945463872987
3956,152.19249817094436
3957,264.9719091105279
3958,27.113240833123612
3959,246.21193132250843
3960,98.46745701929035
3961,131.34468879555837
3962,-1.1077636824761328
3963,19.922304029844483
3964,292.94996920504445
3965,149.74193877140047
3966,234.3125304821506
3967,239.94746811484353
3968,153.5970433897792
3969,144.69441371136764
3970,248.72811255132447
3971,-41.555014158559885
3972,275.1301293291026
3973,258.9917549871238
3974,224.70896430527824
3975,239.54500246403887
3976,230.76919452427015
3977,103.94453933579648
3978,217.78298868259432
3979,25.826475129681242
3980,113.89470412003399
3981,252.00154979415294
3982,147.4048195088855
3983,293.61668998323444
3984,124.94602756573018
3985,178.61708491297668
3986,223.05372526310367
3987,-33.11996004979183
3988,165.2906140186278
3989,251.2715144271139
3990,-75.35644406331457
3991,33.90232089701203
3992,251.53850667199777
3993,186.0281521484046
3994,219.42698121635783
3995,259.3393692042302
3996,61.01691491614951
3997,95.6261073503513
3998,139.1547105479405
3999,108.72839367372356
4000,168.245175811969
