1,-118.10392094171175
2,-133.273023648126
3,-470.7066292712826
4,-109.94964742261169
5,-48.08027573206456
6,-352.0203873023072
7,-148.24834056770868
8,-219.53277746259647
9,-144.0614638359742
10,-340.0605598195115
11,-94.61705645973383
12,-408.16816424459716
13,-62.70521083162026
14,-132.45888376135892
15,-402.90054783511937
16,-137.92290899085413
17,-192.56833239823663
18,-121.57645651902612
19,-212.64072566407313
20,-206.81789354081712
21,-90.62304793540326
22,-188.56976973235732
23,-167.7263288628311
24,-446.98880040524693
25,-427.96695366126943
26,-146.162152085991
27,-107.62686062026825
28,-125.090179743148
29,-169.22513202655972
30,-172.10397497211383
31,-101.104435138384
32,-185.39267092476663
33,-118.525480035908
34,-333.8206465344137
35,-256.0366800232733
36,-162.66395505521876
37,-54.210887225095675
38,-156.04876049642206
39,-167.05409671684083
40,-328.84934612017435
41,-14.00217463697335
42,-129.98029703064333
43,-216.6761248556786
44,-118.69439678931573
45,-111.2946571284465
46,-11.788764530529562
47,-101.4523447140186
48,-99.89091143938539
49,-347.67540245022093
50,-188.93314497247218
51,-122.30805631105295
52,-278.98972139701993
53,-407.5285616077449
54,-325.2546259772938
55,46.31437774847058
56,-325.8038112190295
57,-185.97010714348738
58,-364.48203057895654
59,-89.03785529772483
60,-164.92192577949152
61,-80.59309353612987
62,-334.0999420178026
63,-53.99547212471336
64,-307.97099080779856
65,-67.5384691732051
66,-98.56869536259262
67,-110.61382271145659
68,-261.6024170685454
69,-404.0142186678957
70,-364.9792547674475
71,-161.91699790523552
72,-449.3927062080341
73,-280.71646068560983
74,-106.18698080373737
75,-269.79718554993144
76,-106.92159972372521
77,-314.763995224852
78,-71.98103733947345
79,1.416765157263896
80,-97.99127348401495
81,-134.12835837298232
82,-303.49552045130815
83,-351.1384937184376
84,-298.69951622134454
85,-373.58892879018754
86,-59.95810716998075
87,-56.43550316644633
88,-126.52429615588498
89,-127.92589050100048
90,-87.62906861044188
91,-126.06283244452347
92,-329.79836965488715
93,-125.93649197704141
94,-295.1860688541313
95,-145.3219977697489
96,-72.28210575807745
97,-349.82462393496417
98,-66.1717168163494
99,-152.28886415654796
100,-406.89508320728487
101,-118.96287604850023
102,-199.38460822322983
103,-108.56208590603367
104,-408.49843168628786
105,-82.951444862765
106,-164.89097787187683
107,-382.04661159192904
108,-60.88891964910945
109,-389.12323842011824
110,-461.06625723062797
111,-86.62719548458514
112,-109.41529994050578
113,-168.59357285707887
114,-298.5560742967721
115,-105.23303086504484
116,-129.19912114512718
117,-81.27725918635974
118,-275.48282787841447
119,-86.8313840873596
120,-346.25086576603394
121,-307.87001204114415
122,-78.31278610808191
123,-74.00620466435517
124,-82.25472035257329
125,-124.50772125297202
126,-386.32744829847
127,-119.46916305402742
128,-222.72510319586857
129,-247.3489100570467
130,-375.51078791326523
131,-90.46042362104166
132,-64.94854461517929
133,-46.720982937345724
134,-495.1413043347269
135,-330.99884825620825
136,-365.1006696559422
137,-79.92199611458614
138,-139.28273690138735
139,-91.61622666057393
140,-312.0613987145214
141,-325.6915713141698
142,-97.87401158017768
143,-133.43974989492477
144,-117.34626301733421
145,-240.57083873582732
146,-437.0586638316694
147,-287.4632690508422
148,-166.3462214325338
149,-194.86624397406928
150,-97.21021634990872
151,-164.01122420257644
152,-122.375759318011
153,-267.4492201447136
154,-329.87693042181985
155,-235.14049012182664
156,-224.7117150358667
157,-471.3198401663482
158,-296.7599285178459
159,-469.99708836675813
160,-492.96939642527065
161,-62.31757812259537
162,-69.2247459617733
163,-471.42782288577257
164,-176.59194917658832
165,-279.6267102728365
166,-172.5893915792662
167,-132.2860546031733
168,-250.17141570740125
169,-154.16876330010146
170,-310.60978326555215
171,-170.594948810344
172,-343.27285325631135
173,-71.82911239342712
174,-448.4184667008158
175,-235.93613730039016
176,-243.05484957675384
177,-186.3656566254759
178,-57.52197903764172
179,-93.80707293226135
180,-456.3085104315207
181,-73.07296124326189
182,-345.34783688406424
183,-286.88760837606173
184,-111.27016042011849
185,-357.34033671163826
186,-282.8282997932499
187,-385.04259639068096
188,-313.9540507389858
189,-94.80870680001763
190,-374.9745191251363
191,-243.00511980805422
192,-271.3976451847451
193,-283.35030854354454
194,-355.1977024319351
195,-101.60289631697012
196,-224.85201803241
197,-231.59416255123796
198,-328.36366450332895
199,-86.07720412659341
200,-443.6809016798139
201,-65.82360968216415
202,-50.559205160478584
203,-276.8500447125674
204,-92.22963924275604
205,-223.5307817421476
206,-314.23563638307155
207,-181.6257810806802
208,-115.90925467028597
209,-175.85067954647533
210,-261.5455715190841
211,-299.3022097315869
212,-60.21697058593824
213,-90.94233784347276
214,-470.53327175498254
215,-203.49345315133502
216,-173.66397900299182
217,-172.5821092443366
218,-92.22262890340969
219,-76.8811664247946
220,-73.18531301841665
221,-18.756462617767397
222,-199.6053722163416
223,-363.7728000967156
224,-332.77190083879145
225,-240.80377188447144
226,-319.92864328853443
227,-25.911373057739837
228,-392.53250998284443
229,-363.6481223119867
230,-379.92108894789874
231,-129.06062597198715
232,-143.07614618864903
233,-301.31464322866583
234,-507.133341931044
235,-403.8031644296504
236,-341.58335650118966
237,-75.76000292286018
238,-178.8862121035666
239,-187.28535066699686
240,-84.09486120225479
241,-42.06118262745323
242,-129.7264383015825
243,-153.2598111557776
244,-206.37198989864999
245,-443.8582938007288
246,-437.7695447813499
247,-232.5270330506663
248,-415.3424044760331
249,-325.9435013321673
250,-194.19680891700685
251,-85.58051282918171
252,-191.1774663993806
253,-201.7710850163877
254,-191.73542583841248
255,-387.64676585836594
256,-372.34665445208185
257,-288.87108161807976
258,-430.87123351156606
259,-496.9099004320124
260,-52.149566072616
261,-89.59401049215039
262,-466.49412196036707
263,-279.2513135307705
264,-60.47330055283396
265,-121.12424703110713
266,-319.07833822983
267,-90.7812335991551
268,-41.58886235508287
269,-337.30819990037025
270,-76.47184961607354
271,-474.0607775616495
272,-286.58511227623035
273,-554.7001637459609
274,-428.7394178846502
275,-285.13517161676316
276,-57.09805312674489
277,-185.1345741481323
278,-70.72639619562682
279,-425.2854585392954
280,-241.87583012726336
281,-284.00470896323975
282,-337.8697399021476
283,-107.09205500062961
284,-414.39869716951443
285,-335.0853367560279
286,-440.4056354196978
287,-373.95405418925526
288,-86.68976821617697
289,-71.5591132469233
290,-242.10336334520102
291,-336.1432803888468
292,-63.2311346643496
293,-480.9891985398078
294,-206.76445760796008
295,-224.73319104182173
296,-324.99590632019584
297,-219.9202142397156
298,-90.54238676536718
299,-85.87340615282346
300,-245.58768027016188
301,-527.3891849755839
302,-157.7821200595085
303,-524.475150443599
304,-319.32664250829134
305,-517.9698189263827
306,-305.3562404052626
307,-423.7455701072508
308,-282.05289233800215
309,-286.70102045694887
310,-231.29753538918126
311,-378.2328804199833
312,-388.0257574410109
313,-135.93196859604896
314,-489.452550483953
315,-108.19206275665626
316,-223.57359499628893
317,-155.81709068946773
318,-208.90747211303932
319,-302.36080842296093
320,-358.07376525401
321,-359.0101290406674
322,-497.19838396670747
323,-424.4832378520131
324,-357.5653006873327
325,-277.2274968826578
326,-354.75885179337513
327,-342.8152551845018
328,-457.17790848669927
329,-475.28882096990037
330,-92.36489952742735
331,-269.49132126983466
332,-413.36879509509856
333,-424.5639436711897
334,-292.37408891029975
335,-178.75767038306458
336,-210.75438082219628
337,-331.55542079192014
338,-434.2312060557681
339,-375.1367339543235
340,-113.54846629836499
341,-405.9412985810334
342,-373.737738911899
343,-437.0127606723639
344,-528.9562063644313
345,-352.7537939058857
346,-272.5202806187956
347,-439.25336035873966
348,-36.38672670736476
349,-253.11583785757128
350,-286.6048052937439
351,-427.77323999991717
352,-349.9725176529133
353,-289.7715968996325
354,-266.04067190479634
355,-325.28574927114363
356,-493.850353525097
357,-627.0978664212948
358,-271.58733406577545
359,-350.1865395065235
360,-381.14468544315093
361,-415.37458114517455
362,-396.82814013510307
363,-360.4690995614591
364,-336.82257212062314
365,-170.52751051664933
366,-564.1507236371403
367,-423.7928007105081
368,-231.84321918572195
369,-308.87754345016367
370,-243.19301470536922
371,-240.02078822446333
372,-342.696451227306
373,-322.08008857520645
374,-498.3457913700582
375,-334.9171414106763
376,-57.229444847761876
377,-379.06849005749183
378,-352.02916593791224
379,-642.7834681867349
380,-395.5375739965684
381,-336.49308018921346
382,-221.11787187873523
383,-262.44881880628486
384,-327.3590846783836
385,-53.2383970509633
386,-577.7024050868406
387,-381.46888214306443
388,-544.806839067382
389,-424.1411347441632
390,-84.86974190366632
391,-434.14351428127856
392,-292.16815379149773
393,-445.7494429444462
394,-299.7359841410106
395,-373.9100421312235
396,-296.64826479358237
397,-260.66695793999395
398,-572.002472513528
399,-553.9088028580834
400,-26.388664794581302
401,-239.49475732633337
402,-98.05124911970731
403,29.447311088369418
404,-297.51474969563776
405,-285.60099230439357
406,-604.1701925955466
407,-340.97595068989517
408,-488.77176612565637
409,-289.8042218929404
410,-232.6395035475336
411,-386.92769751472395
412,-464.0110254517159
413,-425.15301077556364
414,-249.27582403551094
415,-228.94133322225846
416,-454.16324344647336
417,-341.2974447394755
418,-227.56143402624141
419,-345.5411989944571
420,-199.03327777575532
421,-323.4477208304052
422,-524.3898939971704
423,-494.52840755127943
424,-510.75480054658937
425,-353.5885679873627
426,-496.8060157833953
427,-232.3364856286502
428,-339.29967165277355
429,-285.44539124033406
430,-292.5959106991935
431,-304.413880420739
432,-307.31568559579426
433,-244.20339868366992
434,-494.14473745364785
435,-392.19214407039794
436,-469.3259059105494
437,-548.6505020272192
438,-405.74184252111706
439,-289.1681298473867
440,-462.9294735649872
441,-713.0440106990516
442,-570.0309733483155
443,-377.28746177868106
444,-393.58656979036203
445,-468.4225967160393
446,-107.9040704048549
447,-415.0834225020772
448,-342.5636354641016
449,-590.4169185099286
450,-460.06978181856795
451,-376.1672299875038
452,-412.8573642218413
453,-391.0600696731701
454,-366.8906950132384
455,-427.90290257896527
456,-307.28346331279647
457,-356.1396774397445
458,-487.0579251538468
459,-294.6287704912842
460,-408.6374102909622
461,-396.1597012428705
462,-338.52162522103464
463,-277.81451423322846
464,-530.4011832894932
465,-372.08123710375776
466,-179.11739027296284
467,-455.03937763053233
468,-465.20356113812545
469,-298.4995003271998
470,-335.5601923114742
471,-224.18488367629234
472,-431.229217076484
473,-257.25377800052394
474,-363.34887581689844
475,-262.07456290844004
476,-127.8029294317931
477,-315.1395982727618
478,-322.9631889826036
479,-385.5473245009595
480,-393.8083909616852
481,-247.19667614498624
482,-44.58854709538819
483,-347.5694898939262
484,-383.1972253501589
485,-527.0270498596888
486,-831.4373920283467
487,-148.1956385955124
488,-342.764808020524
489,-265.7312193572683
490,-298.3844508448643
491,-330.94977926941397
492,-68.07586102203338
493,-293.4168795561556
494,-498.9449070696713
495,-122.64064413375559
496,-820.3121303785623
497,-610.4585672062892
498,-439.025916427414
499,-436.35165893574634
500,-384.0141179842009
501,-394.5559624787004
502,-340.90339426578885
503,-348.53965166316095
504,-334.471560344454
505,-438.3356151450408
506,-422.64423520296623
507,-293.5220225764575
508,-792.4252586982284
509,-247.73564480289718
510,-275.17838916877713
511,-697.7232134602239
512,-255.78064654799297
513,-379.67722332938274
514,-310.9018400337567
515,-235.91235977609907
516,-534.5809432072195
517,-412.79893697550864
518,-440.7264605241957
519,-331.8717491362963
520,-140.51962056027998
521,-451.4872961994837
522,-315.8493292963946
523,-307.3729692183193
524,-313.12514057365047
525,-369.2054703521877
526,-449.951345587083
527,-293.1922455729008
528,-73.21661271513936
529,-646.5932513350273
530,-207.42689082294845
531,-265.15422077384835
532,-741.5996294432219
533,-181.4267472064663
534,-409.95106932966434
535,-502.3595527555392
536,-611.4495771363685
537,-566.3744177196954
538,-275.72962771723996
539,-552.7115536330084
540,-104.64384716743174
541,-438.5005559088853
542,-262.2603766071774
543,-315.50486504659045
544,-745.0598805168834
545,-520.3657060196583
546,-287.6530795264594
547,-434.58593184149623
548,-465.7338408740214
549,-713.4214872357664
550,-206.90367425131404
551,-663.2808100898982
552,-366.48883861655213
553,-273.1441288505812
554,-667.3507180750845
555,-318.0922706291851
556,-313.0799692695282
557,-1197.0121510791532
558,-813.9339148837488
559,-427.7339957244777
560,-333.1793836781988
561,-675.398272209642
562,-378.8849723530381
563,-491.34700982851024
564,-839.3002893779442
565,-270.06190617709024
566,-437.6954859132582
567,-462.65696624689963
568,-322.68761342304316
569,-274.9163065011978
570,-993.7235878633932
571,-636.7739316569548
572,-288.5192400914216
573,-358.7879987255934
574,-514.2624583624764
575,-337.4419835892049
576,-389.31097623156677
577,-214.31658892830777
578,-205.312839912447
579,-333.8235989984911
580,-263.1412831470566
581,-285.6189155450849
582,-698.3104679236533
583,-261.9174812094585
584,-346.3008376936616
585,-685.9407106390755
586,-138.63263530176516
587,-382.4210915044452
588,-534.8666223377052
589,-195.12753967084052
590,-549.6725348908546
591,-579.0641933359767
592,-239.13470773612897
593,-213.82668236611946
594,-279.900351416368
595,-388.2310513590655
596,-572.6950427270307
597,-592.9770159020765
598,-819.4037380476504
599,-427.56931777760406
600,-307.672288181296
601,-280.21453849698014
602,-294.6617468439797
603,-334.8093451790753
604,-390.913002818863
605,-282.03227796782573
606,-214.9678384400854
607,-325.8534591889243
608,-271.6046061948433
609,-303.48490616338415
610,-131.61882226469334
611,-208.93787000616823
612,-207.20817968454094
613,-411.7224203611936
614,-348.968866922197
615,-536.6014761560593
616,-340.96818413509476
617,-480.5871303782411
618,-365.75319245477823
619,-453.69252568234947
620,-236.76947709746173
621,-532.3226073620328
622,-648.9355884202324
623,-447.4696079875143
624,-486.1076548905796
625,-451.9164125856477
626,-442.3247774335649
627,-453.9724343789582
628,-842.5379441512065
629,-154.77350775969046
630,-356.55215815036826
631,-364.3995634864363
632,-349.6523519596568
633,-337.69120398167973
634,-383.57665907543714
635,-1049.3439152953883
636,-596.6337748785465
637,-258.0090201730376
638,-391.2554928188891
639,-507.3386634989422
640,-202.25791617450818
641,-674.4816842603536
642,-560.4114602519953
643,-406.7855980769713
644,-518.8803116399731
645,-240.58781358035756
646,-301.9794731728746
647,-632.2669038772543
648,-587.3313141356481
649,-70.55537243990923
650,-568.285111087881
651,-588.8543153136496
652,-553.623948244627
653,-418.1976162431439
654,-626.5682642351841
655,-531.6404719471344
656,-45.46376702783583
657,-434.09724383307065
658,-356.1570752834271
659,-689.0924482770455
660,-1416.414216880142
661,-611.6791487397817
662,-323.08069937720404
663,-550.8874141814799
664,-404.64398091114003
665,-427.1616340248096
666,-619.7923342814006
667,-588.6110933150602
668,-641.6424692114778
669,-708.365929427305
670,-795.1533187154349
671,-717.0161545302757
672,-474.74683260128006
673,-332.9739156544174
674,-13.139576992745376
675,-89.70396947430508
676,-319.46568220301015
677,-321.0294650669606
678,-565.7885144406546
679,-526.9791743948583
680,-378.9988942430033
681,-818.2858577120752
682,-387.0355234472597
683,-605.6322236687511
684,-1688.1696336145837
685,-507.8711137853753
686,-1109.5133272329017
687,-564.2522147776581
688,-179.34056883732677
689,-728.9531847986773
690,-164.7861212953623
691,-503.5239121403757
692,-938.5860385975373
693,-91.42652025908913
694,-712.6587024194807
695,-915.9156875777154
696,-198.75593709602714
697,-1126.7965991470933
698,-302.8894086487845
699,-619.5439582050263
700,-487.1815118557556
701,-371.7929577642703
702,-405.90475667266924
703,-741.7253319016461
704,-211.8384466844744
705,-504.0804508972556
706,-641.1269854021446
707,-610.9659522898517
708,-763.3590423545238
709,-61.600590056476506
710,-600.6570106252054
711,-215.00888549853875
712,-556.9912832983167
713,-346.7340399106464
714,-391.3646009320367
715,-356.5430483405823
716,-455.07167003231115
717,-827.9453082396369
718,-598.1975083307315
719,-334.43952419149
720,-78.56131226033294
721,-570.5965403839593
722,-563.0797530930311
723,-790.4748773305273
724,-669.9936868002405
725,-1205.0773732170242
726,-164.7895129162481
727,-157.66028203175242
728,-403.0991024984789
729,-614.8297632645698
730,-399.25440711351405
731,-156.55514281162385
732,-432.15664057547144
733,-237.2513802354915
734,-319.9611870730819
735,-758.9087269415472
736,-489.39946519081246
737,-172.0521086291007
738,-699.5954703068004
739,-323.2643543943691
740,-323.63224322759925
741,-321.52046292261184
742,-623.0387290461416
743,-541.7992509678841
744,-348.96245990847984
745,-905.1922579610588
746,-359.4463999846561
747,-538.8539634397456
748,-597.5839107194294
749,-846.4624084877902
750,-785.4345273337987
751,-1126.3638726888664
752,-267.20543441603013
753,-395.9699422621534
754,-554.4211446330401
755,-528.8074052199713
756,-642.7416120281989
757,-565.8177324821936
758,-571.0877807955229
759,-617.2143571691636
760,-247.10895136315997
761,-467.66991169011527
762,-604.679803463591
763,-203.28648895449268
764,-610.2243333940779
765,-1090.805708337746
766,-466.7290023744501
767,-281.43956809502527
768,-422.856389761724
769,-692.6717118989393
770,-339.68530069546546
771,-501.8370333539596
772,-1067.2998819717723
773,-269.68984077225025
774,-325.10613126487726
775,-541.4585621541737
776,-349.10909720882023
777,-758.7015282710074
778,-341.6823300141464
779,-220.35354031062502
780,-638.8014370939867
781,-487.0527845657702
782,-636.199441918549
783,-1034.4593742503016
784,-244.62695464657446
785,-646.1649037995173
786,-745.488569338063
787,-1194.3340887981824
788,-195.55607459682994
789,-490.0427657794794
790,-613.0583149778743
791,-522.6836153824679
792,-610.0190599676384
793,-545.155628859455
794,-919.2538342229926
795,-688.445936967644
796,-665.7024327771874
797,-670.4368397889101
798,-473.984610336203
799,-1733.9613514077503
800,-540.2825692210436
801,-1142.7264634798348
802,-722.5986731986889
803,-1136.6720776070426
804,-228.69452166969043
805,-571.8951224139182
806,-929.5513391139891
807,-1498.2221965742463
808,-590.6542004141666
809,-405.88389078466065
810,-361.111374736306
811,-586.2976496257535
812,-646.4950749552445
813,-275.4635096086223
814,-329.7954942484788
815,-416.80668654972465
816,-422.14651455443635
817,-307.398596007777
818,-490.64948038254136
819,-435.73706864448377
820,-1603.9031715994436
821,-1211.875663614615
822,-2050.644139358129
823,-251.03660220916808
824,-684.1290875009846
825,-369.52212782810057
826,-371.0324313012841
827,-256.77271169141454
828,-959.2884981658411
829,-639.7628150916976
830,-527.9944436214814
831,-293.643617988909
832,-462.7383782599359
833,-723.5098372127518
834,-976.5960944582948
835,-684.1307019965137
836,-472.6582931020962
837,-916.7336011430776
838,-1062.8874927787074
839,-806.547623890118
840,-533.4460202802122
841,-237.41383297851854
842,-743.7391926682812
843,-251.0613170684164
844,-650.9755603054329
845,-732.5711431069607
846,-365.9401175484194
847,-662.9507591509586
848,-414.5579564130719
849,-538.4164807090544
850,-736.8347140817781
851,-927.7859609726905
852,-849.65468903363
853,-471.37921518103616
854,-570.9155178943399
855,-564.724282701219
856,-475.9136314282141
857,-525.5882325678599
858,-524.9970927519795
859,-223.9905991759652
860,-516.9760228868545
861,-506.75214190075127
862,-456.2133969835552
863,-714.046119147395
864,-523.5150829357372
865,-388.7617760034779
866,-467.7213468494176
867,-780.8943055141524
868,-495.53363279763954
869,-807.4595284847712
870,-585.3526841488185
871,-455.98965216885335
872,-431.4969970548391
873,-464.56975093325764
874,-427.4072260343285
875,-498.0442341350023
876,-522.0764875480959
877,-460.3984460174408
878,-593.7763997216418
879,-486.5769683994932
880,-535.2879853258935
881,-481.845594572072
882,-165.12865281167998
883,-492.05486700791795
884,-503.39182462672113
885,-575.1292408706761
886,-506.4327091737837
887,-552.361575998055
888,-647.7109160942867
889,-164.82661206224404
890,-560.9474931126397
891,-501.0244332852072
892,-259.4390012591682
893,-480.9692202085394
894,-287.62377450374436
895,-98.28352018839456
896,-48.197943418162566
897,-170.3926751478279
898,-223.2331697702421
899,-462.6456599103844
900,-171.71992857435228
901,-488.99438392698266
902,-99.92500210619022
903,-585.1548912343179
904,-242.40174535144115
905,-489.5695125005551
906,-489.62914724520994
907,-510.81244722580533
908,-488.8580025631778
909,-670.8292020964119
910,-232.73139776086265
911,-227.26550734443623
912,-447.88825085238113
913,-367.2698940939173
914,-248.70259020069017
915,-251.50090611685155
916,-173.25432987787605
917,-286.7210894488083
918,-215.21666456710312
919,-247.53672268157624
920,-381.95993883348353
921,-151.5536367509
922,-403.9707407294427
923,-487.3981434325635
924,14.98511980238996
925,-238.52557965389195
926,-303.0405605932873
927,-538.2248888084589
928,-204.86183365244298
929,-402.53392074419224
930,-405.0444559060036
931,-223.01015495214662
932,-428.41667378644496
933,-195.56032356602947
934,-132.71809797741415
935,-461.1237907933859
936,-216.1460754401549
937,-409.56462956230547
938,-149.0976556224939
939,-129.9588830692412
940,-142.3794013496564
941,-231.41633159004436
942,-462.48718793465366
943,-475.2879031620252
944,-221.6856086804978
945,-469.5617532002111
946,-653.4451340235203
947,-433.02828253516276
948,-442.52244770173377
949,-140.02933602695921
950,-759.9581790928819
951,-446.0331428433301
952,-361.3894704797601
953,-79.66532855579254
954,-247.52831551854433
955,-423.9556748984245
956,-571.0566542129388
957,-147.2474243596436
958,-556.4902669340504
959,-85.82249256213095
960,-104.84496287684249
961,-483.3087988588907
962,-497.3137449380838
963,-436.72282294452896
964,-203.67819219420204
965,-462.3344594482734
966,43.495002886601014
967,-507.48540808197805
968,-487.435164243044
969,-265.9794014903488
970,-354.4121156815079
971,-387.5406671033907
972,-294.7762418181179
973,-228.7317730604053
974,-797.7688870156945
975,-420.40415504484776
976,-252.4885874119523
977,-222.34564136830684
978,-453.1763822199874
979,-587.952977121788
980,-331.9225208887373
981,-406.7330842962094
982,-519.8957449781174
983,-549.7259986325246
984,-499.29008072097236
985,-532.0920811324197
986,-232.78748148809848
987,-558.3972820000283
988,-457.6747236764368
989,-746.3149384951607
990,-87.96488457167064
991,-190.99119828188313
992,-467.39050505817204
993,-532.63807797959
994,-695.0475962699801
995,-578.9758493575357
996,-339.2454864465026
997,-908.6362138247248
998,-293.14511227046194
999,-607.6222923506929
1000,-55.76288065295751
