1,132.81127387748163
2,-138.82137806231725
3,-39.57875707117984
4,-36.09705175801733
5,83.25437282240264
6,27.005672400472005
7,152.28301192004358
8,-26.68954507616094
9,0.015680640020079295
10,-50.034659185884394
11,90.33052540624723
12,-51.11913462760713
13,-15.243191912005642
14,-75.9463053545875
15,-13.39254819171991
16,54.55400565121218
17,-182.2711583760216
18,42.02617538514693
19,-95.35810736689638
20,59.20768373495213
21,133.09220961536386
22,88.81931079047884
23,-213.24539270521583
24,12.440946273077117
25,88.77694815457943
26,77.16210770214843
27,161.52829517947367
28,109.57230018655143
29,-44.49766297446304
30,-148.17121840364098
31,10.901577365772127
32,151.28219119862706
33,-0.7579931186604512
34,77.96488868106601
35,176.64765839206
36,-9.16787418334502
37,222.1798162605299
38,93.70907969069847
39,68.25610600851681
40,149.55617989947905
41,-193.72603128820865
42,2.4675600779326317
43,127.47028953896103
44,-199.81313545600042
45,-115.82318056629192
46,28.53826636952582
47,42.94540301222412
48,120.71507750943368
49,-13.71688916069725
50,136.8988367566376
51,-68.6066583210184
52,48.48136604995603
53,177.6158770189913
54,-15.141677028744326
55,2.705808361080898
56,-56.57513727679854
57,111.41452991472791
58,117.47888261866292
59,63.78225548110031
60,153.3906284027348
61,117.47227951177759
62,-76.4347925899493
63,-135.85331786139153
64,1.920998185692838
65,149.02660761434538
66,-101.45920726432583
67,71.20778999812822
68,131.87824696865331
69,-167.65144452759208
70,122.08476661146469
71,-46.16849491987429
72,161.8867305273046
73,140.37079013513426
74,-57.725966583997845
75,24.32531201900216
76,-65.7635866651703
77,68.70901097517424
78,13.805500904215037
79,-42.00624957771964
80,105.01615418219511
81,-104.43084008476077
82,109.28560375026483
83,97.11500199710343
84,20.168725061600558
85,86.53290360941033
86,59.53932556725876
87,152.19547616181652
88,42.01593443909744
89,146.84194328959336
90,-15.173287132788245
91,-129.82271321176233
92,251.36076731811056
93,-86.46907360176593
94,-108.39834022667807
95,-20.99227395439914
96,-254.8745828566219
97,-34.57273272407116
98,161.79270796392527
99,-19.32607215887289
100,-127.56444845984016
