1,225.7675469484927
2,140.12556331871707
3,-101.83265431907958
4,249.5607530642587
5,-56.09096725616586
6,57.16416998953747
7,216.2355782864201
8,-54.82815223294166
9,-58.32071767451523
10,-14.779104631206906
11,144.9952303808645
12,210.68908948612747
13,265.77753258274294
14,169.59422803352155
15,169.831632510082
16,71.07772147808726
17,224.71518080373727
18,-28.812014816805245
19,254.92216570320733
20,268.3062229335068
21,128.95822940256465
22,188.07458665401924
23,166.24100693264143
24,-46.042977356391695
25,255.177115009951
26,226.52095263633728
27,-58.35911495903545
28,203.6633343806513
29,51.77906682905581
30,-41.42606475543464
31,-32.0905442826687
32,64.10004373487459
33,73.6717276012999
34,279.23163521113116
35,-83.81096433496867
36,-71.93417427819321
37,218.18536593305987
38,-7.200814196828418
39,210.75825896029264
40,103.18878009904306
41,253.99212752472664
42,-102.6619737962428
43,254.4537739387184
44,262.23999790071963
45,239.3174137072888
46,-8.865846432233582
47,17.045527552507437
48,-63.24256814088862
49,-15.787916836300738
50,251.27132883328358
51,-24.14186125494409
52,189.72360073200832
53,18.79885237783266
54,211.08478203988625
55,270.028723048189
56,205.2688077492186
57,153.54798946929364
58,-83.88874320643534
59,-110.52590100676915
60,-332.8337518262806
61,158.38910997113595
62,78.38864374204947
63,260.44884357429567
64,190.6065511427736
65,189.5078537231568
66,240.09480903451885
67,-67.55851540747277
68,-158.07478213563007
69,253.57499514052859
70,-39.49165510419818
71,-8.980631536730328
72,241.16334418606334
73,0.5827194716402695
74,112.28737670081878
75,-54.04930558106861
76,227.85004727869546
77,-56.911579819523155
78,188.01130883015588
79,18.503465296555518
80,68.60893786018
81,2.4274550412262954
82,-165.33719455431222
83,256.5229576337565
84,167.40417345648817
85,-43.933615705841376
86,-8.25786121524358
87,-145.18477820035486
88,247.33510430357927
89,84.02638549841807
90,254.86655179247327
91,147.7860517286755
92,-48.494967545135424
93,218.98421894215898
94,-196.53764186317437
95,212.43874150443594
96,223.08734941521817
97,-268.13081277203287
98,-380.4361601999271
99,128.9773122769646
100,-45.13174485059376
