1,-41.882363014589515
2,153.21332362681022
3,206.63196016341533
4,70.73989931368257
5,158.64945238778853
6,229.02866633870644
7,-69.65770538022613
8,233.5511747416608
9,-181.89507756409932
10,189.68390171887853
11,69.66599848379335
12,-102.16812265436101
13,-183.94126312337184
14,-65.4995082498786
15,-163.33563298778415
16,180.34371048619704
17,208.4257721582973
18,213.02990168907223
19,195.94046098027368
20,-59.68862562954561
21,113.8425101249833
22,-20.862498312576037
23,124.81613251724576
24,227.65862447752272
25,63.16496145604638
26,202.53244517729559
27,63.61855786516364
28,22.190837448236856
29,166.72426373330688
30,-44.64439590575819
31,202.9046319771868
32,141.75833797787692
33,93.44472453325204
34,184.21662752831642
35,94.77962611276236
36,188.84431231453925
37,111.12400992262317
38,-157.32370324936437
39,-105.54983313889605
40,114.23157316931052
41,91.26637068629806
42,-32.19420354350899
43,-134.63991960682358
44,64.76527879043863
45,52.08731000514596
46,164.86558597925102
47,92.43013480557705
48,161.5275224654111
49,82.87122586702903
50,71.33256597463735
51,104.0618386383953
52,104.39930124686549
53,166.29514591786318
54,82.8078261382414
55,183.95984550241226
56,-65.08331662063611
57,96.27809188202114
58,172.37953909865135
59,-76.98233031120195
60,35.95372089264137
61,-134.85672715337637
62,13.135229805494696
63,59.72513304674078
64,173.28610578845388
65,240.93877359191384
66,199.58392054431258
67,90.95070350095901
68,145.5986406522029
69,118.5846174205462
70,118.8994220761416
71,-323.7712489133881
72,58.969071739350085
73,92.809963044181
74,159.4977278814682
75,98.3927681150092
76,161.67718459352912
77,-78.3147623581842
78,199.46259390885714
79,177.1765623090759
80,104.89068681664789
81,259.2586852583172
82,115.67659554157146
83,-105.82821522400616
84,176.88272024099427
85,-83.09542341511954
86,-45.32941829277729
87,136.6438730814819
88,-30.734973287473963
89,-42.84841209870959
90,196.08447435192568
91,86.6994499793118
92,219.0396527165631
93,209.80140700517057
94,-15.848065438587128
95,210.83476522026643
96,-172.7908878664628
97,198.1360162275031
98,160.92979491274133
99,181.21598842617868
100,146.9998015224677
