1,-74.11120115409122
2,-68.60349287952161
3,8.038224785338514
4,-121.99287138514184
5,-78.77547248791193
6,-39.60084167838065
7,-60.88640496544835
8,-14.732009052614174
9,-55.73930487874451
10,-102.25051395454751
11,-50.09572514434281
12,12.890194248483638
13,-112.93469152628597
14,-123.25080376344091
15,14.753432947195034
16,-73.64954729778387
17,-5.341359291801709
18,-25.959975475786038
19,-66.99777260221343
20,-117.77178953138264
21,-112.37302779704409
22,-103.80343411188808
23,-66.81402583036106
24,-11.068336162678904
25,-138.79894752010995
26,-121.54302024885496
27,-106.81707981191288
28,-19.21917600083367
29,-49.46679417048843
30,-66.71026068789357
31,111.24739888035396
32,-217.07668427977535
33,81.06602883474787
34,-160.58844695092642
35,-116.56792337053189
36,-102.59917016286565
37,-118.44554105988257
38,-65.58609274422659
39,-158.55829787155164
40,-134.47649519929638
41,-20.988838677280953
42,-87.67612754613513
43,-88.58011102813151
44,-242.35748709557785
45,-91.89017910228436
46,-93.9996121876434
47,-21.5151667530246
48,-209.89363532785836
49,-94.52852768868249
50,-128.77212496908564
51,-248.23825909950446
52,-54.337905703095934
53,-33.13766124633533
54,-117.00871324091625
55,-60.00421256428639
56,-256.02833622508103
57,-76.63494359442086
58,150.68569633576132
59,-196.94037457462542
60,-34.757984881121146
61,-69.2129155009125
62,-205.18082688469144
63,79.40997345054332
64,-67.4265004425911
65,-18.59948416272357
66,-121.38400120771904
67,-89.88672088454695
68,-20.746787414786183
69,-139.96441942379474
70,-87.86927642904834
71,-62.53022891374719
72,-62.92375523004582
73,-75.5153078195727
74,-28.758123021468876
75,-46.27224867542877
76,-180.32663119979642
77,-65.3259469185391
78,156.87464290260635
79,-56.35237852944235
80,-61.425444445280284
81,-213.00638435088163
82,-22.18759804424282
83,-93.22070824452791
84,-63.23105424167864
85,-67.02266489075484
86,-65.62717937199827
87,-146.0831418095454
88,-210.62909602861365
89,-156.282069098933
90,-29.68734571791407
91,-146.55113086848732
92,-8.461341737292955
93,-119.12853169136619
94,-70.28716701438809
95,-42.34291673181043
96,-123.96300240379472
97,-105.66211863384368
98,-128.6103394949808
99,-60.917208416696695
100,-21.88202283127916
