1,-84.68823246420317
2,-133.37170150024977
3,-22.866463491663083
4,144.67629582900324
5,-263.69673507854617
6,12.782119076148717
7,-246.6462197861946
8,-417.68502485921624
9,-59.98636425014645
10,-42.46594729109424
11,22.977368669390728
12,-54.755934052139395
13,-50.67494125326255
14,-121.45620822790119
15,-82.38434415898925
16,-95.13347342021466
17,-74.21538275709437
18,115.76434022927099
19,-176.4015464390753
20,100.86206508132399
21,106.6967981884997
22,-160.03829097024158
23,-34.94485415169517
24,-117.58877532247546
25,-53.87238487070674
26,-65.75097967362619
27,-73.68388851236149
28,-95.45104175221424
29,18.80346363950133
30,7.175101210722417
31,-48.573002904655795
32,-105.23279201740606
33,-170.028367772705
34,-10.838663618858519
35,-99.95119096439782
36,-44.445885231831966
37,-13.857307501958957
38,-132.18677138948257
39,-96.0525800973538
40,-239.26133997486122
41,-76.61370161895417
42,137.32782489593475
43,-30.794855030221854
44,-87.90542962072388
45,-85.87057347851909
46,-64.13413953558529
47,-97.36978397529343
48,-88.45999629971229
49,-90.40098476197973
50,-28.182981256250173
51,-76.5808559149144
52,-42.50821505219419
53,-15.897171491615154
54,-54.67621960498368
55,-57.41321964917245
56,-61.25855884928075
57,-182.8368543432478
58,-62.56342176364823
59,-39.77797500098225
60,-83.913528757645
61,-61.33191444822694
62,-80.26267590586353
63,-64.81240166989951
64,-17.713481527230783
65,-80.12502793015445
66,-256.78318855639225
67,-305.7828046597375
68,-48.182509959166296
69,-66.01189313706668
70,-123.75750577923787
71,-20.655418951762897
72,-18.165848216444715
73,-71.60350152539395
74,-75.66772224763108
75,44.12618824476485
76,-282.93872772695556
77,-74.42287085214775
78,-26.981639955567317
79,-48.80860040526737
80,-52.038253095523274
81,-34.441793680691006
82,-34.93916555999385
83,39.610049182366936
84,-341.3804501099429
85,-88.95521511286394
86,206.38797294771575
87,-11.875965333183203
88,-62.78620759636434
89,126.72752807273363
90,-96.37418293233044
91,-67.6744415489533
92,-111.12097447221855
93,-36.77282221952974
94,-78.68591278307517
95,-57.03352632645314
96,1.5040175735397554
97,-103.31940499614677
98,-220.78485006912018
99,-81.7767159136454
100,4.761182860329299
