1,-195.21566478907044
2,-11.376586746436757
3,4.152289724845545
4,-212.80693043128042
5,86.7333681783528
6,134.40465280444099
7,233.12993391451946
8,-174.22655398663807
9,180.36532589806203
10,69.9447608927133
11,257.68981662390047
12,-142.49434799999568
13,78.4624514132861
14,15.242262916189588
15,-88.35084096477738
16,-224.64133871259463
17,-125.5328001564956
18,214.60881443462898
19,184.78187556798918
20,252.5274022051867
21,175.8304799292717
22,-56.98309936258004
23,-91.85499429067724
24,50.98522137040548
25,27.08126667762842
26,105.73949201068453
27,19.49229793858437
28,-119.94421337173064
29,-106.69630519323528
30,-349.8520477198646
31,-94.72821299553158
32,-222.4134995933427
33,-234.28422226503938
34,-266.7636646391599
35,-216.393092724018
36,26.00561268487597
37,258.5055175206781
38,252.0778641824725
39,221.5752105225488
40,-223.47587529681735
41,-217.17662928958998
42,196.9152987140658
43,143.46458476452352
44,-41.29519484578044
45,-93.45854116721499
46,206.86919292486436
47,-214.74869960230203
48,-94.91655247187727
49,158.04291312792026
50,243.4189421057999
51,239.97134107501793
52,21.153324802451515
53,-103.59756482082913
54,-52.11451268840717
55,207.3403901759551
56,-210.53995057185125
57,230.39916473744253
58,-250.0235374163409
59,-34.45741651416911
60,195.53351200076168
61,-90.0608277015118
62,-273.00609466617067
63,217.2901074395014
64,17.827148098590627
65,226.36247591780193
66,248.82495928714206
67,-328.2832775200924
68,210.09145977939536
69,-253.70316056754925
70,245.2787322223198
71,73.08190048570344
72,279.6893538197928
73,232.42385772095338
74,264.77568289684353
75,-118.59586440532291
76,150.36329778944554
77,-198.06993179388252
78,10.970657173516884
79,14.009792912773378
80,205.27906531600215
81,-37.872262079314
82,-243.0395925123847
83,228.90134778837015
84,237.94074526087462
85,-14.482660807733069
86,199.9955663117916
87,-198.84787239709573
88,272.7819298523008
89,-217.42859101929113
90,-52.46072427033707
91,229.34207405121552
92,-61.513483930237065
93,222.4452047555667
94,-34.62441310178485
95,-256.7589479565961
96,-32.768688119156664
97,-212.77692946257258
98,19.441452235666745
99,220.52057337103446
100,244.71955568110562
