1,126.02823967979256
2,146.23831572751163
3,-10.064348470957768
4,113.77707172227548
5,33.59309451912674
6,132.23699382048125
7,105.45094866562441
8,-80.41155045995896
9,95.0620441269374
10,184.9260355976979
11,147.82659233771923
12,144.64816060747927
13,161.38143378135658
14,90.16496941440505
15,52.75729344631107
16,142.00077204459654
17,92.50759790747959
18,144.4864094432313
19,75.91136183216288
20,221.21732438831583
21,157.8310405377021
22,112.56936660759663
23,-66.41447974111952
24,183.02975644338136
25,-33.667234878490476
26,-40.44995640950445
27,57.6793219107216
28,98.49774890040212
29,-5.175854800254243
30,-63.994481047297654
31,-55.699371907334225
32,-27.776788049033243
33,-17.000281449828393
34,-36.64302001346681
35,-100.00913827878334
36,-60.96105913058203
37,-74.20875728135852
38,-39.07405322306866
39,-13.827645591097692
40,-63.7428737039574
41,-0.7852972783681764
42,62.247728717175676
43,94.14831967515589
44,-90.82387803186789
45,208.03578237517365
46,90.79774170211721
47,111.70062194240826
48,-76.62819093766534
49,37.87685318862464
50,104.26791788401721
51,58.93073404537789
52,-94.05887278510443
53,-56.31442454082381
54,7.259251579930975
55,-66.90271606021486
56,38.75351882272339
57,258.9636221463687
58,-25.813637723051457
59,124.3262746417881
60,83.42551370888333
61,-47.72816476361132
62,-21.958058885266837
63,105.94648538297524
64,26.437802991712147
65,34.01312035785949
66,160.62309136821833
67,162.00641081329186
68,-0.4548709911920952
69,103.52351198998441
70,148.9858764866775
71,98.31862403461068
72,34.3622704737889
73,42.87239255408201
74,26.618445085330322
75,162.15096248449527
76,103.8585874456697
77,107.86478944517785
78,27.752979581802336
79,-39.156506382264084
80,171.9243044125599
81,-68.59454680387583
82,116.20019914173866
83,73.17294616656736
84,215.95695010204827
85,222.14561343038122
86,166.26341081894657
87,160.50696291600696
88,90.38091227956141
89,105.91085076406283
90,-92.93257817766855
91,228.45250321694095
92,93.36937868029193
93,-116.98808480137491
94,56.50305609568072
95,-76.06987522491742
96,-31.771424897284717
97,56.81047637491929
98,107.07617245363814
99,-33.795244834128155
100,-6.87713090640041
