1,8.70817212503529
2,268.70948258143085
3,269.4624269155425
4,44.18990176822946
5,97.25064731186033
6,83.29436988603844
7,181.7598423202097
8,1.8607358679114157
9,46.680172892136596
10,128.85565018043673
11,-149.47114033060336
12,26.934681871291197
13,124.96685455803478
14,-88.14025155894204
15,247.81468877111263
16,-9.687344510694587
17,78.04413844774511
18,226.50590628806842
19,250.1800352328189
20,-273.9611265115374
21,84.4025296683066
22,222.05243708054002
23,38.77367866756936
24,-122.0834658028211
25,-48.06831567821676
26,261.82099398748284
27,231.16092444718404
28,262.0051742850719
29,124.20635744097407
30,-47.057076301296405
31,-15.041240083599249
32,257.4811778053395
33,-89.43780965643703
34,232.18988756831425
35,77.53892611586144
36,-387.6895337449265
37,292.09367757025143
38,-153.5722513887946
39,104.33425364473791
40,86.87327045757198
41,-21.232687334219833
42,165.81560093444605
43,15.425364997457194
44,209.34159860922026
45,178.6660422452215
46,233.03650579061264
47,81.27341355577053
48,48.956035379084426
49,-20.07324030731354
50,175.81017028549965
51,-86.44506383932135
52,276.38025570245907
53,206.57059876973602
54,83.2982608057473
55,245.0073723277932
56,199.86608395495438
57,11.328731999101919
58,270.18785260595877
59,224.72376313983852
60,-0.829528804608721
61,127.16350217226139
62,34.78487281776568
63,302.89910772082885
64,131.60305600374565
65,104.32049870693423
66,217.4477840837339
67,242.90733826033417
68,-46.884962806449806
69,236.77758820580135
70,25.073857480595947
71,194.55132905363007
72,71.94113741764573
73,66.0317539499031
74,101.79883605154097
75,267.4267535793772
76,-42.42084970549534
77,45.95361613065657
78,100.21163287086583
79,-119.1874309419848
80,281.8665904709454
81,85.9467355174708
82,279.4827749914179
83,242.55456823447682
84,270.87440830758817
85,30.117210296362146
86,57.18518427163866
87,273.73842403486015
88,276.94255938015715
89,131.59253223190635
90,87.88557292191325
91,165.64137463774574
92,-3.3034733956638718
93,288.39831869660907
94,7.8900527560387985
95,7.764289492576992
96,250.93491902845818
97,138.56462680700724
98,289.47237502949383
99,92.86577443549503
100,269.215499857954
