1,-86.72283335590417
2,-160.3121485072687
3,-81.14479158567295
4,-80.72401188309146
5,-205.28237086146652
6,-142.06323206944415
7,-54.7158749423395
8,-68.06921197220376
9,-105.77143444324308
10,-173.0421812255038
11,-177.03392100773016
12,-69.36306476105025
13,-147.38585061050395
14,-145.21322924172495
15,-82.92132653310142
16,-87.4730923945137
17,-207.5850507243972
18,-84.4758078362263
19,-79.48068717860883
20,-47.43250771427225
21,-167.94577312742436
22,-36.21003125287739
23,-73.34019621549373
24,-164.52508326768537
25,-331.4946318187598
26,-127.22837298146422
27,-60.50571219735163
28,-60.75215508697463
29,-369.09515350887915
30,-38.40608338166214
31,-184.86063077628694
32,-256.5174858196674
33,-70.16984426750128
34,-63.90932710372976
35,-120.61230913999923
36,-125.32066848431883
37,-134.18761229539842
38,-80.65954497826228
39,-104.06219901687578
40,-147.5015668542069
41,-123.36541327872212
42,-94.77841535443072
43,-95.12013996728878
44,-108.2646470138151
45,-64.87007807410527
46,-127.56533347018105
47,-44.69660634656931
48,-106.09828555066092
49,-75.75691354485363
50,-27.07693654582853
51,-57.518130785873595
52,-102.23940695153344
53,-78.74280609536856
54,-122.31623684980181
55,-107.60999379841626
56,-107.09218175455878
57,-72.10674511129818
58,-87.88176461537907
59,-78.72818995940592
60,-103.57135679368709
61,-129.21596490764745
62,-71.07383615770712
63,-99.60384024981906
64,-64.70756025602759
65,-109.97369115211065
66,-75.29712404716672
67,-238.2669478610374
68,-110.23028671228857
69,-84.44506810708349
70,-46.17284308127116
71,-112.674900455292
72,-305.78711622537776
73,-50.816893756584506
74,-48.79952762960316
75,-289.032300958382
76,-45.84168655248263
77,-8.32734175774388
78,-143.98694903986853
79,-66.49531554907588
80,-14.944039632415993
81,-56.08661681091361
82,-111.73101576508179
83,-99.62326196797169
84,-73.96118971877442
85,-111.36213446398914
86,-105.77705111957229
87,-66.3714671029357
88,-97.46021170292295
89,-145.70900269536182
90,-291.50728887971275
91,-113.47830370193056
92,-135.59163164573516
93,-92.54820427608648
94,-69.3904031924593
95,-56.94102448342945
96,-208.80452435679325
97,-50.098942651675415
98,-46.254268829512206
99,-68.32793395405426
100,-118.5450539645534
101,-65.29180132399067
102,-35.85509852248332
103,-68.00707655073445
104,-18.747361731918502
105,-95.10151563604494
106,-66.69054375734557
107,-21.382785944549042
108,-232.58283360535708
109,-55.87071279375168
110,-117.25817553738278
111,-63.48928538139133
112,-52.88465059764369
113,-118.40756490338188
114,-92.71450640863424
115,-88.91864779637024
116,-81.58721997050016
117,17.561500151407586
118,-24.67697256799211
119,-66.29922970504751
120,-15.972956459804422
121,-38.4098207604779
122,-84.33691244905211
123,-79.55339276681562
124,-33.243858262322036
125,-36.28789053225718
126,-103.43855334004677
127,-45.499287243516164
128,-45.43508376570054
129,-24.83220513667645
130,-58.9774950593776
131,-59.55229725686944
132,-47.37534809418847
133,-67.67973003446335
134,-268.9763586038
135,-53.05312979145589
136,-70.88106778419547
137,-103.55515295333456
138,-74.57946184916153
139,-89.27043541839537
140,-223.85823250710257
141,-22.386864677936813
142,-124.20519534723023
143,-190.84502590757984
144,-66.56543813762742
145,-54.30207797556074
146,-58.716715136550036
147,-87.69280902270602
148,-223.9883874656837
149,-7.88332371704999
150,-86.42490727473646
151,-81.1637035897242
152,4.691625085187638
153,-55.82921366427282
154,-186.76891775143014
155,-82.93471010951222
156,-124.62424336721577
157,-110.54814499835608
158,-30.11023077743009
159,-98.9972614776483
160,-28.86405627358603
161,-57.130277552226616
162,-49.658261924231205
163,-69.5510420309739
164,-11.286854552087917
165,-24.368302147865606
166,-135.13050092462987
167,-244.67888082909806
168,-85.95027666404312
169,-91.997194699136
170,-109.08588630493398
171,-66.22760789867604
172,-79.84300276340119
173,-124.33483969622344
174,-66.90108210324229
175,-37.99743171830046
176,-92.17132962226722
177,-59.93917068784953
178,-120.1393096946801
179,-88.68246608088201
180,-96.41154335396467
181,-278.9186743923828
182,-79.24507316228154
183,-20.84214413434576
184,-130.26076943103018
185,-6.235124179924384
186,-21.872449500248933
187,-52.828216466396846
188,-121.22158304579649
189,-142.43974254639363
190,-81.13467280707013
191,-134.4588140706137
192,-242.43617732236385
193,-51.32707137153044
194,-99.1232306936799
195,-148.7902672871718
196,79.28775396313284
197,-148.24937691474207
198,-62.00119516752376
199,-74.50834725277595
200,-43.27021423049203
201,-119.50359188053613
202,-73.79175721058252
203,-68.18575407361986
204,-138.23618797842852
205,-133.24104155263905
206,2.413570138391478
207,-432.7512617817298
208,-151.8750509231387
209,-125.53485781467023
210,-208.31369669132494
211,-72.04484800220658
212,-78.37040632338338
213,-115.83530063660332
214,-52.25795142872717
215,-86.8928372753194
216,-93.25243088422263
217,-129.64877988389782
218,-44.904275906563925
219,-93.41149618071704
220,-105.56281048443918
221,-150.68151408120707
222,-102.99119486043715
223,-95.93157128346839
224,-106.63441434641851
225,-21.701811537029513
226,-46.83288416367372
227,-87.75473369660718
228,-104.48447062381956
229,-226.0555991406562
230,-40.768238475255785
231,-156.0518894352292
232,-44.80119628074397
233,-90.85570068564456
234,-92.85412923646294
235,-75.72913509530505
236,-59.88392228031644
237,-230.1957897053869
238,-50.10741081753815
239,-109.01968782827718
240,-3.2158565760996822
241,-49.32730029430286
242,-111.00803331260872
243,-117.65983032950382
244,-124.7214947801667
245,-118.64558000829429
246,-80.62545447988104
247,-31.465357895371824
248,-72.28484209907433
249,-72.29492622289726
250,-42.219653792886604
251,-30.320589380698024
252,-154.83822217448483
253,-46.77432306509219
254,-92.79624862674626
255,-133.05436629308426
256,-73.56116535493558
257,-108.68662899182844
258,10.934531845746122
259,-61.006388292871726
260,-39.59005310204719
261,-89.11434406014973
262,-44.18351681082284
263,-60.36728623983858
264,-102.66613386972593
265,-2.2774386222043717
266,-69.03761156688122
267,-97.0497904031852
268,-110.98658013160303
269,-111.21296547468896
270,-22.869483545858273
271,-84.21077381077386
272,-123.46235718160692
273,-12.831567456650319
274,-71.9293623163504
275,-71.79889579189259
276,-158.92296577836441
277,-55.68756062644266
278,-60.88761848126042
279,-111.91027806377414
280,-112.81236664130373
281,-93.9698828780382
282,-73.07739779331547
283,-48.32133212989919
284,-72.95320610995131
285,-102.53442967055847
286,-158.34604897799636
287,-61.36892671243347
288,-40.12072642823091
289,-50.93578206670399
290,-46.68729096297804
291,-131.50895795147238
292,-117.383457404997
293,-48.83285419550124
294,-50.49186591470429
295,-21.93003302224332
296,-20.668562207906135
297,-333.4915157937527
298,-72.75226114731188
299,-85.19405346583254
300,-32.04285223091074
301,-103.56178232348455
302,-65.36294409461925
303,-142.98698218969685
304,-41.06465819613213
305,-29.12664710635137
306,-20.326063636929078
307,-29.18385102114742
308,-118.78953238471247
309,-39.035781132330584
310,-42.7089086421524
311,-55.633970202997766
312,-148.57666488219195
313,-124.41571123240824
314,-114.95866909294051
315,-122.24892923019549
316,-53.68283137935782
317,-109.85191800410435
318,-69.2114752284494
319,-92.92000020808543
320,-49.59112011457299
321,-92.09690739435769
322,-58.64336445611715
323,-30.340865559759735
324,-80.91764390178203
325,-60.07423873186094
326,-20.338497378802828
327,-46.81608682765759
328,-35.64340781304709
329,-47.74673659471587
330,-60.923495695329684
331,-175.32695418007947
332,-46.89298617688132
333,-91.19422886375132
334,-44.219818095119756
335,-58.51666165694887
336,-127.1617734635183
337,-49.22552032105757
338,-30.88981108154188
339,-39.90999233994229
340,-59.73957810082319
341,-57.9341736033835
342,-19.653179004615183
343,-76.67799592171276
344,-45.16069772003069
345,-56.3273457516045
346,-67.7312553375157
347,-9.184346494284824
348,-36.46232979828875
349,-83.98726139188234
350,-34.91572253619498
351,-63.50668934877951
352,-189.62394071047305
353,-86.0624716905229
354,-67.402341408193
355,-53.11480008019828
356,-67.76769346324133
357,-111.8683451056877
358,-113.5460139446409
359,-99.95356498110014
360,-108.85754104817659
361,-77.97412463439328
362,-58.133279908722876
363,-56.04463991445999
364,-55.94797598060232
365,-86.7219576991951
366,-61.0834947933718
367,-93.99257681538545
368,-29.266261206002312
369,-55.45968900721923
370,-57.71599417203767
371,-64.8774800026103
372,-22.82294644840782
373,14.663802931646885
374,-22.929711755039534
375,-92.83405789654007
376,-64.48747871222614
377,-58.71263286949434
378,-65.20853282415928
379,-79.63539598681007
380,-64.60588379210421
381,-40.768847021081356
382,-45.486252035867956
383,-24.01105144380182
384,-331.55771981101924
385,-76.71783667990532
386,-3.309601374130665
387,-36.93253135018405
388,-78.78850625336547
389,1.9868538525686432
390,-85.68388992233382
391,-89.59605390990144
392,-64.89044810627308
393,-72.74113157585047
394,-24.244469903955846
395,-48.23564131078734
396,39.2809084514908
397,-71.58583902375423
398,-62.61622677257352
399,-34.761105139409594
400,-66.37041655777242
401,21.493196185804365
402,-19.49306396264261
403,-33.865685136117335
404,-67.49788664182249
405,-53.39074777638875
406,-49.71566899202877
407,-175.78295995659283
408,-82.56862805169148
409,-22.433813476380863
410,80.30583987616973
411,-48.93843264435862
412,-31.01909805953312
413,-108.92678296484078
414,-53.21692186403877
415,-43.23774481718232
416,-38.50867122305719
417,-46.253230817039224
418,2.163584249125165
419,-13.507712190449666
420,-83.27593916978182
421,-146.6866063244264
422,-81.61977998442129
423,-74.11289651073025
424,29.46908488806818
425,-34.45541846415264
426,-3.6398152127195402
427,-68.55643797665698
428,26.732488740094038
429,-57.417440554429234
430,-17.10858611616007
431,-77.69741123598892
432,-84.6056173656008
433,-34.62629164006451
434,-5.524904749407739
435,-88.838871843013
436,-73.94341260089462
437,-126.96191576294802
438,-53.74732048769362
439,-84.96025918874173
440,-17.436394367609736
441,-125.5331287160761
442,-67.76026406130669
443,-25.972530394532185
444,-48.11557203076707
445,-60.81477703055841
446,-54.94270576776427
447,-90.10731832658482
448,-22.20462986041028
449,-58.74406925826739
450,-24.033493115305873
451,-59.80717082947938
452,-47.93153357659209
453,-52.23180435577295
454,-79.93350219248705
455,-75.89460436762647
456,-122.26981647155856
457,-51.57614089982816
458,-160.95975866985424
459,-261.96503912827666
460,-44.270464115736615
461,-47.88981019551611
462,-24.744259514128373
463,26.616373424076812
464,-51.879690623200226
465,-190.33541228466004
466,-53.37557827267657
467,-110.79470455864228
468,-277.71355942743367
469,-46.64519263407715
470,-10.330094633740643
471,-70.26612530402997
472,-34.12900830204252
473,-29.81798073362252
474,-31.583425004514694
475,-93.98741494552758
476,-25.36812509488776
477,-106.16386849130518
478,-82.69333359273043
479,-90.38181146955858
480,-76.11229241569767
481,-270.00010692822553
482,-59.975353172150434
483,105.23664936891221
484,-72.39375171468672
485,-10.24971908616169
486,-74.8528856665097
487,-21.86286628681097
488,-34.943020720835975
489,-24.819002114435634
490,-5.181382766449573
491,-19.282461806290996
492,-84.26254160896504
493,-83.52185731094978
494,-3.0040760104947566
495,-26.980955155477744
496,-38.15176981440702
497,-48.58208939621589
498,-146.18779382017487
499,-46.361329965414654
500,66.91585673928988
501,-112.6171354219698
502,-33.337887896311514
503,-80.37996863295392
504,-17.686976328620347
505,-44.08008271852715
506,-79.99957987067492
507,-59.394560394880955
508,-55.5255839343705
509,-98.1406590354845
510,-26.977037823089717
511,-106.79662589398463
512,-33.696551319934784
513,-15.6853013920244
514,-43.40772034679324
515,-44.77108558956691
516,-120.88717016445615
517,-18.43127437364845
518,-82.30532646404993
519,-19.65034185989562
520,-121.99861391429344
521,-158.61097464518446
522,-30.464582714726276
523,-168.83492469921458
524,-73.50296141845426
525,-61.41346831500965
526,-17.566907658983624
527,-15.80029608556056
528,-40.59272189226664
529,-50.42578500890457
530,12.410391881079269
531,-47.39286475119488
532,-125.6435551826255
533,-6.348351563845981
534,-81.23057565887144
535,-38.28175749262253
536,-114.33952823372962
537,-7.971111494062882
538,-64.9725266225455
539,-56.24864395224226
540,-70.96840011523796
541,-154.4001526303255
542,-62.79214559432338
543,-12.518178835994803
544,-15.805687642278741
545,-22.46090769017499
546,-30.020501454439213
547,-29.235644203661295
548,-77.7466321950479
549,-34.82461711968986
550,-158.07525670043043
551,72.74070580885153
552,-32.31527657999425
553,-52.56373185555262
554,-26.476248115428447
555,66.44229904046927
556,-28.3710567236908
557,-80.9421874890449
558,-97.26542303130172
559,101.56985813298009
560,-67.05938641581352
561,-82.53805380713666
562,-17.251956489134358
563,-81.99693837437343
564,-56.58222450222764
565,-1.1669751212487682
566,-57.72843610893757
567,-36.029488413544854
568,9.361675165440744
569,-8.018530889539946
570,2.247739698661647
571,-98.50591764809609
572,-89.2546644039197
573,-53.511618828244714
574,10.109681032684733
575,-30.28957073738033
576,-161.0373645804012
577,-95.47266521711705
578,-40.86078089652938
579,-17.581178243482498
580,-146.68499913246313
581,-145.32785279593435
582,-27.54091640726304
583,-272.39047823712656
584,-5.59832652353731
585,-22.629073729227727
586,-47.4327410964824
587,-75.40066437806283
588,-41.46860908152401
589,-87.98812315567012
590,-164.47426268000845
591,-65.0612333079748
592,-25.950884820512925
593,-33.00698454382582
594,-8.83178002401209
595,-84.05129737558742
596,-27.969476401435628
597,-27.447540293051617
598,-22.52810406814234
599,30.561390730649805
600,-46.707709594780454
601,-102.2479243303573
602,-45.199686730565645
603,-29.228059202736887
604,-36.73014379798306
605,-261.83061495678464
606,-37.73929529877661
607,-63.6470694872663
608,-23.452173808585215
609,-53.09945609727484
610,30.524110892190095
611,-17.89853351076684
612,105.23316054308344
613,21.4157280780164
614,4.798084797678328
615,-19.222913748649518
616,0.8780086918007868
617,-50.957386093859284
618,37.34177922149365
619,-20.383752910981983
620,-27.271844958533862
621,-44.9803392329898
622,-241.46487535360643
623,9.451228077196845
624,-31.817080197254455
625,-28.13546892782682
626,-14.182646682355823
627,6.257917424638052
628,-18.27195473749407
629,69.77764610085536
630,32.17698685235817
631,-30.67487581838502
632,-27.15753694167155
633,-34.34764328138502
634,-54.54376373310585
635,89.48702640152302
636,-36.77200762860194
637,95.06934865900396
638,-6.632250994567258
639,-18.692279135571653
640,-68.62392400566428
641,-90.39473156847126
642,-212.16177516496623
643,-29.766376608205093
644,-37.17893518418535
645,1.3928638545321377
646,-80.9747201685184
647,-90.17533783636138
648,-7.594183110901213
649,3.461824132116419
650,58.569555397965516
651,-24.962309516783137
652,-257.44784192055863
653,-14.879302909177994
654,43.86096665769762
655,19.527548473255607
656,-42.586813173083655
657,-68.56747970484807
658,-38.06115466073226
659,-6.33600884988509
660,-15.306207242238926
661,-38.47526577797521
662,-38.426833839023985
663,120.46257952170662
664,-241.8853802867855
665,-33.705485440085866
666,-20.930705712746445
667,-45.14276351507549
668,-0.37745230744970115
669,-35.78968192465676
670,-16.82037775002543
671,-45.10268365917226
672,-14.090464202656435
673,-116.06083454736061
674,-24.19662038988089
675,6.351913154982967
676,-198.63485646410268
677,1.5624274660782618
678,-16.686164193461664
679,-0.6479459632124502
680,-6.615293211384284
681,-18.217125801094866
682,3.3741308905942304
683,93.7560498814311
684,-42.972554057425924
685,-36.190616409099995
686,-49.80881345363568
687,-16.200779646948277
688,-38.94570832105039
689,114.68686797841609
690,17.55871663048302
691,-72.64586898329333
692,17.174317011851997
693,-6.843837257569547
694,0.25696529231788645
695,-49.3477548220604
696,-34.02605645844541
697,-46.61290961121176
698,-258.6709105872414
699,-17.883242786083855
700,-17.945581705100068
701,-81.04670210495033
702,-61.10622845359085
703,-32.41178777940429
704,77.29602952753761
705,112.07843817229207
706,127.90583125385575
707,11.538795145571015
708,-8.834264089215935
709,-29.31455452854094
710,-85.13405680697302
711,-10.469307475800733
712,137.4098542343221
713,95.01440162859204
714,-68.73807430235814
715,23.77186346483589
716,-49.51634161162936
717,-59.055725422830946
718,-49.51462222395554
719,-33.26777466394921
720,106.14988244563823
721,-8.903085046371146
722,-57.50032306591572
723,33.05464409204754
724,-5.720552191042387
725,59.72148377393383
726,-0.8324190828203228
727,-73.62360904345879
728,78.33734542897238
729,10.925043853176959
730,-42.720378962715145
731,0.08032071411248864
732,-35.61483575244458
733,-31.716029433555562
734,-35.78599767615199
735,-93.81982344422003
736,23.282664137164502
737,20.267921549406793
738,-32.6933170865622
739,-37.674624644920655
740,-2.756665431561018
741,-61.34361746618882
742,-37.37298714333138
743,-228.6042877551231
744,-21.447856774937435
745,-33.21692687216063
746,15.774307251943483
747,-11.955703961500575
748,-223.13300183206695
749,-1.0381916462781504
750,116.26497061365765
751,-21.294434164720798
752,-67.15102051368021
753,121.52793786118406
754,131.81883789782952
755,-33.11286326005062
756,-71.63243354587141
757,118.88040907327235
758,-82.62140461560645
759,-75.66679027652322
760,-9.023743417482734
761,-38.338449687407916
762,17.689965969067828
763,-45.759494673287605
764,-49.04465227260606
765,64.03290759827001
766,-16.31654712481405
767,45.460644262972004
768,-51.898487886390356
769,-250.50519211587547
770,-85.52533996151696
771,-36.00305957139922
772,-56.78262431277609
773,-47.71287872852476
774,-0.4827317622477807
775,-32.30175254001831
776,-29.046546270222677
777,117.30694248190058
778,-44.38674982969193
779,-148.52094369399595
780,-77.20989786929576
781,-15.214421494099255
782,40.603207060039985
783,25.869212078183494
784,-2.4863331376433138
785,-68.06457324534584
786,8.33662720314652
787,96.2391447760594
788,-30.711591807953226
789,-25.390105522787906
790,-33.55350869259921
791,10.541921842180002
792,21.19635998107414
793,-48.881297738790494
794,-145.9014161101076
795,15.715711319113765
796,-74.12631493680198
797,7.510089493818612
798,-67.70308225901823
799,-24.366308594647194
800,51.814952610738146
801,-21.109543056531734
802,-18.39336590437192
803,-43.15286336559444
804,130.17755424583535
805,8.302998793152554
806,-46.37460897630824
807,-39.72137211459733
808,106.48663471065059
809,3.3062144678960834
810,6.763485877492954
811,-14.073852708549438
812,-30.22321427270836
813,79.35373583118799
814,-43.009078908702335
815,146.80738293821634
816,15.05334096477813
817,-0.25075406969779124
818,-37.89004864361604
819,-10.819327031182056
820,1.2444143595930797
821,13.860088710106865
822,-63.9725537199874
823,165.51782047433872
824,35.74384753956787
825,-24.344471020055906
826,-102.75989108143446
827,-21.28867476192285
828,-72.5982879423987
829,-12.235346050833144
830,-1.1104479013389295
831,130.25977687424862
832,-44.76820426062198
833,55.676924702016784
834,16.09249235460183
835,98.82133667797852
836,-93.88308502323682
837,43.95979880434493
838,1.0132624840927775
839,-32.635234819483685
840,-13.381003965869908
841,133.7880553689581
842,134.1255123316988
843,-30.920209585057833
844,-60.553383083665224
845,-15.953273559256274
846,9.265351432888139
847,-36.66754753131583
848,-6.6449849684703395
849,-181.93229370211196
850,-65.60483097163936
851,16.05352327975018
852,110.62277376641386
853,19.584952249834018
854,-30.810211897803057
855,-4.939832496658411
856,-90.21893546524035
857,-24.55651403381188
858,67.95652822631294
859,22.320421338328266
860,34.07952991639595
861,-102.16318952131954
862,-12.807183966977817
863,-26.92888387626978
864,11.306919261893341
865,-8.760223335321385
866,122.10195023195247
867,-214.10899853699487
868,5.0155506182798035
869,-25.433777345396066
870,1.809520500938845
871,-49.566665935001744
872,-68.29401309248443
873,12.364964795934341
874,-60.32167402985141
875,28.731351870764854
876,28.96687708071144
877,44.28450526136109
878,135.31373460403634
879,12.474403522209613
880,-27.332218426766985
881,-41.62030594378845
882,-14.56948768370468
883,25.283793534031304
884,-12.347818972309796
885,-22.15340828368653
886,127.98724547346558
887,19.506799238461795
888,-23.162388221277396
889,162.63509928264128
890,36.025016214165746
891,166.66195792630003
892,55.39085565612157
893,7.623954919928295
894,-68.97114124612835
895,82.02024539322062
896,-67.18460456960054
897,5.467322285932667
898,132.04060975183435
899,13.120473474952618
900,3.7567433145767097
901,132.26502723944674
902,123.77096659210778
903,125.9560263676091
904,-4.415693875801068
905,-24.70279498059695
906,-57.877440839857215
907,139.66893260559874
908,-6.100940221639462
909,-78.88619567730562
910,-48.907859944996815
911,101.6313919456264
912,-36.513461098757645
913,-82.42367263276594
914,146.01564252241133
915,11.219794328253371
916,-64.34507251394453
917,-244.74139907208968
918,-73.32485708536136
919,-56.26659543522821
920,-28.551775968742533
921,16.193188384644017
922,-43.84723562845835
923,-3.385230996389879
924,13.536630980629653
925,4.365854492055277
926,-38.04955310808187
927,25.881059479427364
928,26.824267893555685
929,-2.8664557339423595
930,-23.684017660959654
931,-8.70358886990482
932,-43.2835359906885
933,-39.950474940835974
934,8.18310876972059
935,-12.470323431502791
936,8.280779621280985
937,122.01112620407903
938,107.63861930662634
939,6.268923609083586
940,-94.60505645982269
941,-13.020997335840832
942,162.45724221112374
943,-51.74977787046966
944,46.16889408689218
945,8.933718679645693
946,-73.2793549191629
947,43.56645481569393
948,30.919557385586387
949,121.90775329694145
950,22.387046012501727
951,-24.676543193432252
952,-63.589830861450366
953,73.30975463732615
954,66.54094191683616
955,4.4606339443390794
956,-10.368360763312111
957,8.384089783470088
958,141.20200538223625
959,-19.5855914084633
960,100.7072087374163
961,-21.298356485092583
962,-31.575392316695996
963,-50.58161822052794
964,94.48614785213417
965,146.59034683000425
966,8.851689344171248
967,-56.55312520277742
968,111.65049273071521
969,7.5191780401956265
970,119.31017745272081
971,38.05744140899458
972,16.944473573946794
973,145.44469646905952
974,20.29392099009003
975,-97.56166502654554
976,106.44135483987833
977,-34.83765607133414
978,-12.571090020281773
979,58.09369827544765
980,135.57323212202508
981,-25.962446305101636
982,162.70053252590952
983,33.83809472793132
984,46.57671502159921
985,30.259742929551663
986,-186.40036922460195
987,-7.983287165141093
988,122.17026359181185
989,157.59787444692472
990,56.50861989701835
991,138.31642020676728
992,23.94902987052255
993,5.605756317100244
994,-17.771905730571945
995,21.601463883982603
996,15.440058028483563
997,-79.5412149602405
998,-25.595125047623014
999,-161.1115637320804
1000,33.21341360202322
