1,224.91077117617976
2,-69.37008686095662
3,120.36805714005379
4,71.80419831773564
5,-277.264976230981
6,164.04239288321332
7,-29.59146540776905
8,-43.16365424034569
9,259.77035271315754
10,-158.85651339953085
11,106.92340399713791
12,148.33208628483348
13,-40.40684773119395
14,171.15984263862214
15,314.6841124468939
16,-89.49671224869346
17,83.2342045575081
18,231.53818533827481
19,213.33481241164253
20,-130.56715287348212
21,-1.467147011683295
22,-80.88670666016341
23,223.59917731070635
24,-43.214955134189466
25,167.5082367514103
26,198.74256230920838
27,110.35762050557024
28,163.7672103883654
29,243.99385975267273
30,209.09619418159195
31,-97.88224896148117
32,229.30603058798567
33,89.35517722626004
34,113.94326964296074
35,-7.886410159920288
36,7.861777215180183
37,-23.07191217322351
38,-43.93958704304866
39,123.92431076934893
40,87.86594890817013
41,257.62881495864127
42,110.80514535028243
43,136.1467478735332
44,124.02192038490173
45,18.64422565081405
46,-9.46276508379674
47,-30.782453975215844
48,-39.68909963678544
49,-65.76522727490523
50,-197.1352435051077
51,23.214987426577352
52,21.68716352129539
53,256.6769486034206
54,-66.3922532164711
55,-70.44990222413158
56,112.4283901620887
57,-46.608816911786676
58,32.25637267635827
59,-101.87707743476882
60,233.44876337528285
61,226.65078953315117
62,11.835153302568642
63,66.39879184317414
64,145.88715099265426
65,288.0071253760495
66,153.18570836145497
67,232.59431981651187
68,-66.0686074256466
69,190.0209696533557
70,228.2488120646048
71,-85.7657076476012
72,298.5771369106693
73,156.8811323196404
74,245.28187420379396
75,134.43349746404294
76,210.60638659810695
77,-51.65617433094401
78,247.28680476067368
79,170.3856527677254
80,92.48440583606501
81,-56.83447335862825
82,243.16180780518692
83,164.6961842875134
84,-239.21365609273144
85,134.6884572495339
86,39.368905890358285
87,212.79801004697256
88,222.84815011369054
89,-127.37558364358344
90,189.3158966739416
91,209.9702382704368
92,181.97661846943384
93,-249.10848795982434
94,209.1775966162603
95,266.80255694447885
96,247.26201321410383
97,184.17855397790623
98,-120.04315192259139
99,235.84238738863027
100,-11.537483327637148
