1,-19.103993514276002
2,-34.273107220793996
3,-371.70641762095613
4,-10.949505186220362
5,50.91975352366243
6,-253.020140677645
7,-49.2483410657146
8,-120.5332257646797
9,-52.14820777776011
10,-241.0608203865463
11,4.382886476316872
12,101.48861018848272
13,8.35119859792256
14,-47.670859988775476
15,-93.14434455138858
16,-157.87163578624697
17,-14.731860056170659
18,-108.31728602028187
19,-30.477911503472725
20,-149.24627951497214
21,-13.24940489266832
22,-66.66695182887332
23,-174.98806216798192
24,-241.02864156759864
25,-87.61920071772062
26,-45.465187827843565
27,-216.54434467873457
28,-38.33957108370498
29,-7.66240074948179
30,1.8413163971425952
31,-161.78225063006803
32,-178.5286582029457
33,-9.21580542780864
34,-23.08353289657893
35,71.51547600802695
36,5.08291178167967
37,-79.21019588777719
38,9.534151374714916
39,-46.971170586772004
40,-242.0096559236832
41,-12.87260889146901
42,-12.250146672272582
43,19.779230519181286
44,-157.8110870229813
45,-29.40572875072387
46,-1.8507173982181966
47,24.23354023872486
48,-195.0345762984194
49,-89.5000409470845
50,-15.812728365458817
51,-269.62422113694817
52,70.94647727431074
53,-39.599403057136406
54,-2.5355523382603558
55,42.176131813635294
56,21.357038968494066
57,32.71238887682575
58,19.483218462559492
59,-61.155176407487446
60,-40.94468723613931
61,-45.206973820862586
62,-38.79198821198395
63,52.48338801211244
64,-22.521225834656214
65,-265.8196717057165
66,54.964996784377796
67,17.19086772618246
68,-193.6664431180037
69,-272.04421190728516
70,-10.796712787036139
71,-10.226731200910987
72,-94.39661268151261
73,36.41893661419968
74,-4.274432887171686
75,-133.24396857445464
76,-165.07877164662753
77,-37.9047004894193
78,-188.17913610842695
79,28.93223061321271
80,-97.19331166410794
81,-63.45562015281017
82,-275.11513596610615
83,-7.755515005201068
84,3.265968265673761
85,-8.61557700160229
86,-46.624054728936066
87,-59.49392917821885
88,-116.70911877105938
89,23.134691373857002
90,-133.93270821329105
91,-74.9742725548786
92,14.292476099526528
93,-59.204935897487985
94,-88.47746204768936
95,-123.15343482601733
96,-62.661644607284444
97,21.086513282241302
98,26.489013934104698
99,-176.0997660502801
100,-40.769142763722385
101,-44.62528175381907
102,-1.3197919258297923
103,-30.872455591884957
104,-24.217467071359508
105,35.43295752711114
106,-23.181280619713686
107,-227.33699306326452
108,0.4927902815091776
109,-264.7689908783733
110,20.572697841951538
111,-79.21879084792118
112,-1.473530218196636
113,37.3542182326586
114,-39.31755595933879
115,29.685982426086582
116,-19.96490228167666
117,-49.829090189825706
118,75.11512082643985
119,-94.39286034904588
120,1.2466378214471296
121,-47.18857672625258
122,-226.27509194057953
123,21.13072894385769
124,52.33854176080965
125,-49.09243181516612
126,-95.14200079303559
127,-44.788083937365606
128,-148.7154944444762
129,32.16800778094599
130,14.156087371776326
131,22.447260147652372
132,-13.48888298289426
133,-82.39278774580268
134,56.72409373106248
135,-21.34912933687665
136,-15.236681848355305
137,15.968352956883326
138,-28.34399268485941
139,13.346383847356062
140,40.66734671224572
141,-5.012445776455215
142,-10.767268407883588
143,45.26523371144209
144,28.57115501092391
145,28.999904901714658
146,52.18065815461873
147,7.514659950773691
148,-46.14636188156624
149,7.566559368520327
150,-24.320978955550885
151,39.633596912347805
152,9.844730873238841
153,28.25478083038509
154,-24.45349990744973
155,42.01314912642165
156,-220.7371287739795
157,-22.321822053920407
158,-58.07333951229536
159,-96.22189109285185
160,-26.468973811577456
161,-0.30631332204819595
162,46.66670487890378
163,-22.989678524097627
164,-24.57507874516793
165,-38.22710108312394
166,-59.09396860591664
167,64.67189373942163
168,-0.24987806198456153
169,51.09955731874177
170,-19.112966773096378
171,-132.684321178662
172,47.97301459950354
173,-102.4937435926929
174,11.846287014578444
175,12.079944644682485
176,9.794207284897638
177,-40.33722833416233
178,-122.96281403095901
179,34.167734810917736
180,-38.28601191798562
181,5.967573686407788
182,-34.11323534216018
183,11.323631750405099
184,-40.2055184440283
185,1.9362711674462858
186,36.63830873938548
187,-127.86855069462888
188,42.65366785796221
189,-4.660274514765891
190,-46.60374622733775
191,-43.36689559520747
192,-51.39461929960851
193,20.656205537621496
194,47.992218789797185
195,23.45459108627469
196,27.398688664182767
197,-4.365198878027745
198,28.322714000196143
199,11.29182512788893
200,-10.103886114633292
201,16.178932621475777
202,47.353976492466245
203,-19.56671875962911
204,42.77273687091207
205,53.51459493914396
206,50.04118613625211
207,-128.3060604099572
208,-6.019338817083258
209,-14.918599961906164
210,-11.876779451049323
211,19.80949778857565
212,3.898868000856262
213,83.25181936700524
214,-169.50610323058953
215,22.429006569305326
216,15.456174825466217
217,35.578274502549895
218,-45.654332975581184
219,11.953945504762636
220,49.46644352898453
221,-76.87401686718094
222,54.49556093225051
223,-28.8869910788438
224,-80.52988879752544
225,-20.492528287365133
226,4.538453955160937
227,22.42030949413694
228,-106.61351402517674
229,-29.27920457596986
230,-36.80649983035275
231,-108.89995307489862
232,-74.53435209107202
233,83.69347742337376
234,33.74323927583617
235,6.057228190558334
236,51.615360118280776
237,-44.123669296085424
238,26.127528503666937
239,-86.6431264505552
240,-4.548840662963427
241,12.183271760738092
242,3.1874392171275234
243,-18.21960678341534
244,-3.246854227269689
245,18.99927383523071
246,38.583659039919525
247,5.503462644329191
248,38.557543158673724
249,69.07410739747452
250,40.357387894720794
251,61.50637972569402
252,-60.39021040355365
253,-24.208442752218147
254,18.468714018242032
255,-34.59851130527656
256,50.841221613003405
257,7.750400723487594
258,50.851668549292384
259,-46.34617256209398
260,-16.0874902144252
261,95.21978904074405
262,16.04522606506697
263,37.83581889315482
264,33.07727737063382
265,108.43806012431429
266,5.195475878836129
267,-19.082931350888302
268,15.83082685108809
269,34.82315840602527
270,41.7472485203578
271,27.847098123980036
272,-188.9105714761521
273,26.54236833422419
274,2.515449521126828
275,33.47323818811958
276,6.537031693559401
277,-15.807781011419392
278,35.42740072893895
279,68.37072818031879
280,31.56209482200567
281,2.8299762814453686
282,3.8928468322268897
283,4.484324200760807
284,4.142671695160228
285,-5.010519481368629
286,55.23944420384133
287,57.52237123878936
288,-109.71049895752186
289,4.582657096729653
290,54.152908141846325
291,45.5898330634893
292,71.98858251199903
293,28.06854715878489
294,-1.0995983106853267
295,120.71788971073687
296,51.092203630365574
297,42.57034163590144
298,57.15364964292486
299,35.681782322906585
300,-17.12583019104677
301,14.022787059816386
302,44.00255000436918
303,7.641534388374897
304,34.75305969994098
305,32.067810036230505
306,30.95628251882588
307,18.924008005365376
308,-26.201448442620645
309,-32.28276500594039
310,8.330302952462018
311,6.548714266859886
312,-5.390044646468541
313,60.18724854623125
314,85.89957772292311
315,77.6202276918445
316,-16.745855550149425
317,55.49921073443451
318,83.13011325846789
319,-45.51312062254275
320,29.45436898214595
321,-170.359458335587
322,47.94458684064921
323,45.365262275403055
324,38.119583129645775
325,14.319558981716295
326,-19.211487204967305
327,-5.3757365912173
328,12.516481513008832
329,-82.17106812879732
330,-14.655494040499
331,64.92877522221231
332,92.13905958280772
333,66.50416457265263
334,49.808124291618
335,-10.230526936125592
336,-74.17128803202796
337,76.44606871163381
338,123.82915986890357
339,18.783565707227034
340,49.18696570946756
341,-5.219381036516581
342,12.38695272285139
343,-36.455131577122685
344,16.534691938305016
345,13.90717427211366
346,44.35977522004808
347,91.64049182857892
348,-11.056414167200945
349,-15.18419232465983
350,-191.84845206353808
351,38.33019976600578
352,30.541281498820865
353,-11.605375893103595
354,-3.6076457213828625
355,116.06596150378164
356,7.809950964527609
357,111.0640008848695
358,-0.8815138104020164
359,-62.22933846933479
360,3.4612001384713045
361,47.757592492019796
362,25.12857003220018
363,29.561016935673372
364,65.72532596890832
365,91.3108956708233
366,-34.867619177817126
367,-154.11524404180045
368,51.45275158251083
369,52.13825930782612
370,78.74885474682667
371,82.27603888152497
372,34.36947093515429
373,-3.299605221622153
374,7.131322193222601
375,82.92239104969649
376,11.971296681142466
377,30.06195566755911
378,19.014350023218853
379,17.333466521835266
380,58.77885152718396
381,29.704098130750143
382,38.2870131648375
383,27.297589646315345
384,-33.04011615663692
385,-50.87168163247206
386,-22.704698782211317
387,-58.58455375888647
388,55.30805304845774
389,18.761375684134467
390,64.5677153676565
391,84.88016830791898
392,97.73561968059238
393,85.3218280511833
394,2.8174625661422708
395,32.63404469156043
396,64.8412888747488
397,59.02504645532747
398,91.87554091436917
399,25.431097102686863
400,56.604329509507146
401,0.5720195851355434
402,62.242215713685994
403,65.14547164441406
404,5.643392668259826
405,6.975515637293407
406,4.990279568012529
407,-6.622330844891004
408,18.55443636456211
409,52.38337993240904
410,27.902000747055055
411,41.330588927962864
412,75.32775834675896
413,36.0307544917919
414,53.4024723175455
415,-90.00952816069672
416,2.230256112389352
417,92.2914147934484
418,77.56013398610823
419,21.587218923429333
420,84.016909192155
421,53.3458858311233
422,-29.210166096001203
423,20.26361887572352
424,65.136375779316
425,35.378637694681665
426,75.80829926625124
427,87.10538655122477
428,52.54156619919482
429,59.73942007532908
430,-88.28150192806066
431,-23.575604515471532
432,93.988662794201
433,19.50120542269749
434,78.45048662742013
435,-43.158730371404594
436,40.93001700828335
437,74.67753881508939
438,137.7234205431785
439,72.60775839130123
440,100.86826578696305
441,116.79411007102053
442,26.335113125257877
443,93.81243770153928
444,55.96702927193277
445,39.64436319466482
446,61.7133001827149
447,71.98858606769504
448,76.87671889562516
449,5.835636403873275
450,51.06245943238612
451,116.96214271813488
452,63.852037676515266
453,85.72957802207165
454,-13.394563372462626
455,100.91343181080134
456,13.656759176185524
457,85.75578809936678
458,101.64201108948001
459,89.31076147981616
460,105.78867586725347
461,30.494859472114648
462,57.530385248693264
463,83.27584319458146
464,74.70025136244155
465,125.34552152973164
466,87.84813853378235
467,32.636414954552514
468,84.97608141497642
469,76.00738586648338
470,14.594696072206055
471,87.542545718289
472,92.62821672663024
473,59.68121850266496
474,41.277993135000806
475,-12.339369715585708
476,72.65176859853781
477,97.86566134082369
478,67.18178834629856
479,62.76385114866345
480,76.6388386581601
481,62.68227594299984
482,50.76889099774076
483,-51.37923176424259
484,149.78297890676077
485,71.07190522061366
486,59.75672803912167
487,35.07518379182855
488,49.5224784474281
489,158.27925055092464
490,100.59599208547178
491,69.7486842376231
492,95.21464488496238
493,119.04604439381167
494,34.68652349293247
495,25.319747383085918
496,55.435259108840285
497,19.73404225979716
498,76.08768969401149
499,96.03561732139927
500,75.47245299600164
501,78.86260120096735
502,10.890499475447376
503,33.35521765523724
504,87.67359825255195
505,78.42288769624336
506,27.2758485405875
507,48.417668984080294
508,46.59574125285211
509,93.46913290977311
510,95.81004820028004
511,88.3312072349756
512,46.044388280705135
513,100.1646830878547
514,66.26941319144785
515,81.22107265455885
516,92.44523773658165
517,79.51664882026223
518,93.73371761066062
519,22.225167885579182
520,109.50798769568001
521,38.69105170542548
522,119.0022050503817
523,89.10354504602623
524,113.1295188896473
525,121.81145773292772
526,64.67950874126728
527,47.85754756694793
528,92.96615647187521
529,64.78820051710044
530,101.08973808811994
531,101.40423576578216
532,25.732884613740932
533,77.70946239250323
534,74.97859174038294
535,81.32878780896216
536,4.427604764860012
537,114.62036830106686
538,17.57708434689107
539,63.41755924895432
540,112.06789534165256
541,59.26756290827052
542,-7.508823514566826
543,59.801064613534194
544,97.57600819673081
545,89.48159526454198
546,107.96538399819545
547,116.15230437915568
548,105.22021831578344
549,110.13575976161948
550,52.35535939736647
551,122.26542062836779
552,132.32941818431357
553,138.59777950639068
554,67.22249194991322
555,75.9844508750992
556,67.12684949429442
557,42.99964217250229
558,56.13334143929042
559,122.85672238276075
560,76.76624068535776
561,96.16239603154827
562,92.5111385261213
563,91.68830087552833
564,94.9809132897188
565,110.63822811174755
566,85.70994496590166
567,-28.850322175064296
568,110.64047551176607
569,42.188283639747134
570,64.28173854021222
571,101.25858986199515
572,99.19809255901782
573,79.32730765648704
574,98.62860918838393
575,110.94417390411262
576,52.67741543600452
577,124.52086731077968
578,75.70357757367306
579,78.05035130731763
580,80.37472341637601
581,135.67783565436736
582,44.073616302533466
583,111.67005817044077
584,125.97678692231385
585,102.94238882537128
586,114.81042088902831
587,60.63805329421673
588,28.78421625146151
589,72.35044219234841
590,122.00682696196795
591,12.376579866078842
592,66.47883696494517
593,96.83647146070092
594,111.82349844604981
595,103.2061310340623
596,101.96258690637258
597,87.65534744653621
598,159.1849849653281
599,97.33954553527025
600,109.41007202846973
601,111.97104310674467
602,60.38685037313695
603,116.43991227327761
604,121.43997719643848
605,120.20667729484757
606,-527.9855160174369
607,124.7201514337192
608,125.83794350684747
609,74.52379091336151
610,153.6396324319602
611,127.34047738736336
612,118.43526317864959
613,48.55726190525441
614,103.04123500672708
615,77.99906941142038
616,102.87323431171656
617,69.72873429310347
618,57.80932884341489
619,91.27659958625473
620,94.36160854865825
621,98.24357962880046
622,136.48004209875222
623,106.45705432765314
624,123.69634797632891
625,134.2828636646193
626,85.17450363687418
627,99.93365133420758
628,102.3975545915492
629,-87.37769952417224
630,98.02625603935734
631,65.31132324279967
632,41.50413164071428
633,119.66775016841869
634,73.42048841061812
635,72.13520205707387
636,126.41587452738081
637,55.86544359960591
638,54.69916419108148
639,86.22650813233693
640,117.83098426878605
641,-91.2212917680708
642,46.9831932041391
643,126.97618575407064
644,141.20524807292256
645,69.59398311192612
646,152.0869980599338
647,44.65635977000787
648,71.67647261391753
649,74.10483496898372
650,75.40825618676635
651,138.9862373958395
652,-176.03809585695282
653,32.82508165268554
654,113.6245256841082
655,109.7074981189632
656,142.85023435214111
657,127.34835212829606
658,101.99221594141612
659,18.98766641682419
660,25.10657816518344
661,142.15415056672987
662,77.24432080237187
663,76.0047032799887
664,-20.91472678145374
665,70.84767434041486
666,-123.68981000661547
667,111.70308604680237
668,132.64277197557863
669,47.33632341868271
670,-137.69318293998978
671,-20.935196329276124
672,68.01356407691637
673,-159.342554670879
674,114.00598396631591
675,139.2858609433663
676,-66.304074460461
677,42.69328738515122
678,121.62964510496658
679,125.55062060031112
680,-113.64682699264598
681,83.63655543157385
682,98.75140518489756
683,133.42057741991118
684,97.55002293955087
685,43.52352266487259
686,83.70980281339462
687,-67.42399144449726
688,56.289064527254936
689,96.00540784971386
690,99.63795302354195
691,-102.17671994584126
692,-249.74771197555805
693,98.53271025647281
694,74.71497319188398
695,42.301283349866765
696,-80.54540564782756
697,90.28932920808096
698,131.2861823912988
699,-58.95574947018125
700,125.04302360578036
701,-3.8848072729585827
702,124.63707707947388
703,153.3160117294884
704,53.22892501071355
705,65.6929263275413
706,34.16423546018303
707,-33.4141416694423
708,48.9000191834883
709,84.23239222992466
710,-44.89100271597104
711,94.92336491009797
712,101.23398286577536
713,64.25710736499764
714,100.06919591944153
715,118.27069681477826
716,24.55565787922015
717,111.21431289037562
718,84.34536989032983
719,81.00005060776118
720,107.06724272721041
721,93.35162501162026
722,-11.204603905548332
723,105.08848825811174
724,99.2293653715734
725,133.26319499357942
726,129.7640035498569
727,157.83730129143223
728,106.69959911950707
729,63.07210875027866
730,57.68605233775313
731,113.67979232594614
732,135.7694313375106
733,144.29432111564074
734,155.71134277881737
735,79.83371265883005
736,-45.997449558860254
737,116.04548703770298
738,90.34638785381374
739,-93.26250803520058
740,93.89919180908433
741,37.62607959273932
742,98.89956449380205
743,93.0166352561882
744,70.5130376726514
745,117.44847248986282
746,-78.56845904845169
747,169.35668613101308
748,140.16011484774336
749,137.66574801252608
750,100.0273521311521
751,75.92400793800594
752,127.34399699629702
753,124.66535995080861
754,145.11261980195488
755,-101.95862471393357
756,99.13444952896663
757,95.30191909466386
758,181.57321973110132
759,79.3473720998273
760,46.464827068144814
761,111.02823783858364
762,103.85849492329075
763,126.40044790381688
764,70.47914603115545
765,83.29932855686714
766,-96.08850576727498
767,100.76852695691386
768,77.59082379806809
769,103.27200939426645
770,70.32520786724722
771,150.71512234922642
772,90.34391611954871
773,170.84331773703673
774,141.75566286705777
775,121.7327781383579
776,138.7621074203516
777,23.659585419997892
778,132.7314045923544
779,146.13911862058305
780,137.022091123677
781,84.05273852293713
782,135.41600474512336
783,104.97633090192
784,109.11706904824494
785,171.14517705703128
786,94.56365062289659
787,139.36486459530113
788,139.1133292347422
789,-30.251303946419068
790,122.14044415477368
791,109.77559674142253
792,126.46240385310388
793,137.61319778342627
794,-183.60273924215366
795,168.886418092926
796,-163.3078502235476
797,179.03891874240654
798,116.43642119511037
799,78.70348965203934
800,119.78719301659635
801,-155.77154926586206
802,5.961340195621068
803,139.42138832859044
804,142.86115273600927
805,137.3458591928153
806,78.4546819834688
807,164.52824882929937
808,113.53671441892877
809,155.52619520605265
810,123.83207236298112
811,126.41717413109208
812,108.7310083490318
813,138.3776150160733
814,-44.92512092158755
815,131.39773759473948
816,71.24033477272121
817,-20.917638587264413
818,-43.40112422819965
819,114.18072725377303
820,-326.51574840683986
821,-298.5218013116305
822,-1042.0965654855545
823,-245.05868983791405
824,90.77123216700431
825,-21.27652206457115
826,-170.4034576801983
827,90.60695018693835
828,121.10721253387675
829,123.25874221458201
830,145.37903277863526
831,142.02944823757716
832,-202.95412471972722
833,47.69350831640166
834,18.590394103612482
835,125.52545497125789
836,69.29265732592455
837,102.39992570232558
838,134.7860755286536
839,111.42247594729689
840,72.22972756375353
841,88.35867231962611
842,125.9735342197537
843,125.14996038447913
844,107.90042426651694
845,105.30092022990077
846,87.5204724587049
847,138.23012820233112
848,48.483320230864116
849,140.18437697483782
850,-113.75659923864015
851,52.492934981634804
852,108.89560462416875
853,145.4695873021989
854,152.78104746604134
855,138.9091008157854
856,58.82724842479118
857,131.5502830595965
858,87.33530996265229
859,55.537399933329155
860,214.931638235611
861,117.12264339618496
862,104.22437611248068
863,160.51291586293732
864,1.9899401750710082
865,129.33170342761235
866,143.57935203118308
867,102.87520201813962
868,129.6297601773085
869,96.74858899061763
870,133.71118129427313
871,66.58982083365112
872,67.66526916889697
873,42.89187094994813
874,62.87486448423236
875,109.45817367331117
876,113.64802541249725
877,179.8393513539914
878,121.59809948137969
879,138.1899570328925
880,147.69603823909034
881,136.7105703828633
882,136.34303568949545
883,128.05472364038164
884,174.34091275081553
885,164.20316140797618
886,113.79505754295089
887,62.12538296791733
888,118.12941638962289
889,120.05680582115168
890,111.00111987074807
891,102.2283420640268
892,126.29580769863247
893,130.2425629328154
894,129.46853477457898
895,157.8747980665261
896,177.9098248166726
897,108.82787306674261
898,139.43815312258204
899,115.34441625795482
900,155.69259907167665
901,188.28531304086852
902,144.61364314004265
903,-117.43824847413441
904,-114.89410664257414
905,121.69802507533022
906,156.9092554375125
907,187.9721849917626
908,120.5244261187053
909,58.98847499851307
910,164.3794313099964
911,-290.9440656751639
912,123.28450852347522
913,118.46570995838192
914,98.03821270703445
915,171.69444819312545
916,186.19537281233204
917,137.07199388405152
918,120.0884147147408
919,138.59672412208621
920,178.59205873876832
921,124.36826762147976
922,178.2382083849281
923,110.97215839304647
924,145.52461758341707
925,126.12418064874598
926,97.19944822874146
927,188.1322117061034
928,174.1632314845342
929,109.90546544038855
930,107.01564481590792
931,148.0189990405362
932,131.41245070950163
933,159.00231908437172
934,137.91076262822327
935,182.50229580018691
936,158.1648163341295
937,76.54048850091318
938,82.84255456493383
939,145.04282447097154
940,175.26317917347532
941,160.04222485711853
942,62.61830522084102
943,147.72013063255832
944,-67.35884698534578
945,150.3159063456378
946,105.48242662122112
947,114.85511278265662
948,126.14768387903482
949,74.3395007270332
950,173.1557646290579
951,165.2108864918028
952,142.0445704589879
953,122.57822766456367
954,119.50358429651116
955,43.94351150384765
956,135.3534406375597
957,128.48144929910268
958,191.01152367804508
959,90.08088181391645
960,128.35832809425466
961,60.186624337788146
962,85.14526437247369
963,171.50296025986808
964,80.58690785226125
965,159.39846592260267
966,156.11315073225384
967,117.0873697528648
968,135.17839298581183
969,106.27283554957643
970,139.10483833411456
971,107.04514303481584
972,36.51831862687923
973,137.7258048932222
974,176.480115548312
975,144.06279242472735
976,150.17617639216132
977,151.64316425440262
978,188.43112011086282
979,148.0178646440172
980,144.42870952478575
981,164.19892948612687
982,132.94701458195584
983,185.314593194356
984,148.92905485369963
985,146.026042516376
986,170.4385281026201
987,-116.38602460304647
988,184.19449653904985
989,169.30058470587434
990,115.29089107045672
991,152.16634751871652
992,11.6486257689994
993,169.08244274223273
994,127.28898260515345
995,179.47172481652092
996,154.5414183671084
997,181.74509641818312
998,147.2989230510851
999,196.35974896838087
1000,188.20842695664334
