1,34.133865544430336
2,-161.38777716087515
3,270.4387840806759
4,19.087734820955717
5,47.529837997231084
6,52.16975608215037
7,234.13973409027093
8,-6.946187677094741
9,199.87374771298477
10,241.23602652587707
11,259.8848098882282
12,266.7094271979814
13,52.0401695527687
14,251.97711144131875
15,242.92032219879945
16,-40.38673860099195
17,34.12489284543116
18,44.64910096230474
19,13.837363101835436
20,229.0881489715253
21,25.994404939117914
22,51.01713764989432
23,62.424692624260445
24,260.54600148757453
25,31.971345155887633
26,-9.327482596966192
27,86.70667463940694
28,13.260124283307647
29,-6.369510492292633
30,-24.041673036481896
31,25.599561256983378
32,56.56928518078311
33,257.4729593653409
34,14.772189109808508
35,50.31708566347203
36,52.72301201753899
37,193.30751488698303
38,251.55263668021632
39,-55.26729315003368
40,23.420338505979416
41,49.515861711363215
42,18.57125989488371
43,267.24462067353295
44,315.62506708639296
45,13.147978870491016
46,273.6319797077899
47,-12.864559697425136
48,48.028901852235464
49,55.248711283261116
50,39.24860471769267
51,270.4419628109594
52,54.72206162908745
53,39.510774417104216
54,52.47129170398313
55,219.55917924436397
56,260.9898242046438
57,221.47592660217828
58,193.93870827102756
59,244.8625046568672
60,-246.3974515109119
61,263.7641627978984
62,248.08052111134396
63,-3.1910928077559078
64,261.51919866412186
65,-7.77560101355968
66,228.30495068976583
67,60.87152590170956
68,23.233952384142952
69,244.34598370722307
70,252.10199111540163
71,40.591812266593024
72,-269.9533756986209
73,-35.66504203592456
74,299.7624779311388
75,258.67326229786227
76,211.4382768478902
77,294.29923936952235
78,2.0705735763318245
79,-277.3198990710664
80,15.00473007558061
81,255.53710249343263
82,183.4405242362485
83,212.8035941633413
84,76.9552460320167
85,269.55766710386865
86,-2.08451513097242
87,59.93701334192781
88,53.195180962835394
89,-2.1291120417438947
90,77.1558776561956
91,252.2943728201488
92,222.5081238735423
93,254.12437343791933
94,17.481293396426622
95,266.50100814058294
96,5.785547892452044
97,244.60009684739418
98,-35.81948683826498
99,8.026691685593178
100,149.2006924945876
