1,109.6423367950557
2,101.75028706594583
3,139.95352405357545
4,-3.659753906022587
5,178.11181377790572
6,9.913722079583437
7,-66.01292779201287
8,164.83504319612365
9,220.1997295285442
10,25.320801244779517
11,75.59265294100534
12,100.01234500219408
13,44.788238157461734
14,94.13003409511383
15,-66.93971205465816
16,198.4560345354373
17,-72.15718921277326
18,4.749462846014069
19,-47.086883482525096
20,259.7133888938283
21,-76.65377402848195
22,240.9399089604379
23,-6.405451061927735
24,86.35771479867071
25,-94.05496522607328
26,-2.5714194095606757
27,106.41975691280676
28,108.24479550754945
29,-88.42041750843036
30,95.47177635234193
31,11.443277336453818
32,-6.472348164797324
33,-56.329142831352584
34,-80.20588694270046
35,-284.23929741138556
36,-43.90298197502329
37,-32.112287598842926
38,-41.72754437899954
39,188.9774897758747
40,6.653843601943123
41,51.60069083557064
42,242.7884413211976
43,-17.525092197100278
44,-121.8795034927644
45,93.56894250212503
46,-39.541403574770825
47,-77.14634822659886
48,133.20974861064786
49,-8.173514238952649
50,209.45033696466382
51,269.61520794423217
52,145.26272541325136
53,176.98120577462134
54,219.2430991453622
55,23.487627358959596
56,-183.28315615907286
57,121.25792919213805
58,-119.75010900721709
59,49.772116779140745
60,-41.84017587137275
61,-47.6994381970444
62,-2.6603907595946623
63,-32.94860609850447
64,16.56019937012742
65,-38.37632337680772
66,23.856492100484246
67,1.3384093005509274
68,207.73340406489024
69,-25.87396857026991
70,251.90637705415398
71,252.58246111313403
72,99.26460264252663
73,-26.605065400788476
74,12.772978068597993
75,248.53857467019597
76,28.264376057628454
77,23.206937165151842
78,-40.520320073831506
79,239.93898293287953
80,-94.3006337369916
81,-37.86717872701577
82,-34.20928732868718
83,-68.28542964793206
84,172.35979642152478
85,93.65698314552385
86,-27.01314180806102
87,-9.82334216553734
88,162.44180867048055
89,-35.298182664068364
90,123.58142363565652
91,135.79337190930596
92,-19.39091840696318
93,-37.12899662367005
94,-70.26141074030797
95,-27.828671071322518
96,-70.87856441785772
97,173.1120990141012
98,-79.83909741634774
99,243.52877232503604
100,-52.23461586630408
