1,-49.1475927832477
2,181.06603283136826
3,97.36136879255515
4,207.3817362851932
5,-102.82835220507152
6,-90.69200508426668
7,245.86409577249935
8,229.34387716359038
9,-107.98770247255668
10,-116.99558773716629
11,236.21951117157622
12,180.02474570905105
13,208.87287725856766
14,-2.0825065365745132
15,-149.4935707209025
16,217.13402092431818
17,-19.16424323476143
18,-87.26474843106286
19,201.6698596844574
20,-48.14102126777201
21,-26.65363079162853
22,247.83915351442516
23,235.43013031819933
24,134.97997584838276
25,140.1254762601602
26,242.98760908795592
27,-74.0025416404628
28,136.24877327937517
29,191.06226288110528
30,117.30881001425011
31,-75.25975026208017
32,267.2537886997055
33,-145.88668726236978
34,26.069869863849576
35,186.3260615474525
36,-237.03847698293404
37,219.39259848475723
38,-89.82327646626652
39,229.292846727459
40,31.74548202864105
41,-90.06597862979348
42,231.14202208570015
43,164.24016786975227
44,201.66114237613323
45,219.04236732546443
46,-59.75618201251277
47,-76.93114622157786
48,151.24418633232239
49,265.5419297074968
50,-60.52282148380496
51,-111.83521630553159
52,95.02849482753787
53,84.7470320230316
54,222.01559365862295
55,80.01096364592193
56,-77.71466328454885
57,-90.3813086458387
58,-86.27599087693609
59,184.59432218769007
60,-9.073398262241582
61,258.21041325834557
62,-112.08131776662414
63,219.19518336734035
64,-104.16266237156194
65,211.97677094454465
66,307.902904097658
67,5.074561470828144
68,-76.33266369196855
69,183.38684397325574
70,-108.40709447269403
71,174.25312154623438
72,207.1991143911165
73,-58.129960881946175
74,219.4692801525549
75,-135.1686705829394
76,149.6661107370539
77,185.51652546205025
78,-85.2937156104135
79,56.64998678920588
80,211.60016683569012
81,-38.105000105783844
82,-118.45800072636288
83,254.16792017995988
84,-71.23719602861269
85,154.95942453211222
86,138.79416904414416
87,215.79438858076162
88,189.7489900036367
89,198.40457445357717
90,99.2613345150294
91,-6.607221482982794
92,-51.212460916168126
93,-32.9301066099887
94,262.849721081642
95,-45.8294593457684
96,207.32801612794293
97,-123.43117693777315
98,-77.04004825611705
99,-64.13498286301107
100,-41.691259121661176
