1,209.83626848158758
2,119.74815706736548
3,-110.40774487925104
4,90.32871495726135
5,163.02666925315788
6,0.42594743700307447
7,-125.40891781445953
8,-70.06627014392153
9,-65.6488898079794
10,-6.936812427556859
11,93.8626376687515
12,196.30192069613935
13,-79.3691720152101
14,159.32477759074317
15,-67.84830252909137
16,-69.65678468789534
17,129.6545420035191
18,140.73539749869394
19,-71.20429751067603
20,-247.00786591749892
21,170.35827791724682
22,-79.27113151872958
23,98.7669487749026
24,216.1225487909757
25,-37.936977387298924
26,-207.97308383470642
27,-47.50729577525601
28,109.66467005635259
29,124.90884632154369
30,211.92786668438185
31,-50.793931317908246
32,77.82399495096773
33,-50.764476497844846
34,160.67134956674485
35,226.54185805484485
36,73.5526207742771
37,216.62055900922215
38,-111.72857887389594
39,-200.50062999164578
40,110.22738875795027
41,133.52570841768232
42,156.09224874613636
43,121.46055726604973
44,173.31128186944898
45,93.86538018279063
46,-46.81157720366413
47,194.9654490749371
48,234.64247144202238
49,228.26144850076764
50,-17.61454977837242
51,-89.29070051058278
52,-124.22864297047438
53,142.10665861403055
54,-61.97446169707319
55,66.90945935290787
56,-108.22833837022624
57,209.5154386439823
58,224.87232791414976
59,-107.07373008114965
60,202.00217488852167
61,14.082339135689537
62,-19.189098536364877
63,136.7858682232589
64,-78.03844823529091
65,-46.68930800870241
66,-113.35815776774707
67,185.88105995130127
68,-100.6731761448729
69,251.74911822154118
70,-1.885035603378114
71,-108.72628817350784
72,261.00844466983204
73,71.93307002894879
74,-23.811895441365152
75,184.4614245051661
76,128.6461880637803
77,26.59109502771203
78,92.48281100421707
79,-104.40992044306697
80,13.839002613014157
81,131.28535986235798
82,-98.25620315007114
83,54.421732009532185
84,76.7771578363904
85,165.838920745864
86,-148.92881394370892
87,193.88591810219336
88,-59.72856865869747
89,126.87866586291526
90,261.3101317822475
91,-36.40084244234332
92,-252.56613010670287
93,118.86575355818111
94,-113.39580488594906
95,-26.983788287850373
96,84.41140642740788
97,150.44359739476286
98,-19.48097925121185
99,128.95252928709453
100,12.057470111826289
