1,-116.61797933065455
2,-102.80325243469944
3,-98.35556631077087
4,-96.85811226477242
5,-120.39042585442948
6,-122.5198954319292
7,-112.72648741758928
8,-119.46637781520914
9,-158.5219337384729
10,-127.32644147673885
11,-139.0941092490059
12,-107.71950529071928
13,-120.90208788422477
14,-130.78988346516581
15,-116.44171744031267
16,-122.08723046603602
17,-229.62534331654211
18,-69.9291889512363
19,-103.60545078703366
20,-149.184244045431
21,-27.15601069412692
22,-172.29016313475296
23,-83.09291237664164
24,-104.68620572552793
25,-92.95988296401957
26,-45.4987714042574
27,-258.5027548957715
28,-115.39930924458872
29,-87.89840555083973
30,-56.25794162494473
31,-97.46293395222341
32,-59.24895564117992
33,-54.5992894297747
34,-87.64927284947875
35,-248.66942269308876
36,-137.67357488554
37,-83.23770224276146
38,-116.24156099845496
39,-51.08446620474306
40,-117.0454386436589
41,-134.13100274187116
42,-190.22053259520413
43,-185.25533112900052
44,-227.2826946183677
45,-167.52257448163158
46,-59.57826775197333
47,-99.47328503952569
48,-96.4675363198095
49,-96.3526194228184
50,-215.97097470150038
51,-34.41012142705807
52,-108.13711049946069
53,-100.2011373869888
54,-68.61018205321197
55,-92.46390121775919
56,-125.70230937591964
57,-268.5475229980116
58,-106.67747134467486
59,-97.84445458671858
60,-126.74716565227554
61,-94.5713218706259
62,-40.70856555679273
63,-117.9712051737938
64,-72.05733370099608
65,-111.57511336387039
66,-119.46625762179873
67,-90.98437676796422
68,-92.07281661129511
69,-43.62357217019269
70,-173.82420385717825
71,-66.48923550851946
72,-125.23092395172225
73,-33.35465369324126
74,-146.53796832713394
75,-73.35603827139212
76,-196.72864443790453
77,-127.47755807699441
78,-74.0002042578745
79,-81.67018983498153
80,-40.78864357371819
81,-55.329814384632606
82,-81.58397076648296
83,-79.34563456578182
84,-129.62626506554074
85,-70.41338396850065
86,-97.22669240648786
87,-105.36661659649415
88,-123.43033928453335
89,-28.52733313532225
90,-73.21686834586542
91,-71.50132336813249
92,-75.30948992650387
93,-36.26928437828339
94,-70.33009346245194
95,-34.918259251212405
96,-105.0909378338352
97,-85.37513401600599
98,-143.42573962591428
99,-77.17500483151171
100,-88.06903036201322
101,-32.96899988617034
102,-67.67592277870683
103,-54.419041977833814
104,-139.72157703928212
105,-74.00000279825363
106,-209.52766925796894
107,-97.03152562033266
108,-72.34672611590163
109,-100.69990204965636
110,7.068138772686893
111,-86.7080663697847
112,-74.71753905890492
113,-95.07584406375351
114,-51.375216289790096
115,-75.34150922014763
116,-81.53869998692737
117,-118.77303004163934
118,-202.191418911048
119,-106.46831842463716
120,-88.41376806074285
121,-67.41742809990174
122,-14.46910537397605
123,-71.0533968069878
124,-76.34542619531499
125,-126.20659282437366
126,-117.0380283866762
127,-31.21237163515562
128,-205.67568725603792
129,-5.620645082515864
130,-45.95659488985534
131,-108.52747643083417
132,-55.631192574528704
133,-85.2084652176016
134,-63.328562736553636
135,-84.48971269153323
136,-103.19199056265754
137,-69.00483163010813
138,-101.78232379723458
139,-186.89607915496248
140,-92.55213298461375
141,-87.40069862260114
142,-82.32891230281157
143,-113.45823531563656
144,-72.39610702948482
145,-14.709364700261347
146,-93.70686911273766
147,-112.47905951262753
148,-93.34614260136478
149,-47.40828586057447
150,-112.13676593880436
151,-75.74031331914262
152,-78.73822499820659
153,-64.01526572681863
154,-85.72137217647087
155,-90.0568074937083
156,-57.26157434395161
157,-89.80952983135353
158,-57.31090362712079
159,-31.13859321365298
160,-118.45006691701273
161,-34.44372265779563
162,-52.22566568551312
163,-100.87986702125895
164,-38.93789719716624
165,-152.3904147924621
166,-112.90777441885325
167,-92.71555438658238
168,-80.6049048334882
169,-84.31189302116077
170,-71.6997593057402
171,-81.13745270695797
172,-68.77864627873277
173,-55.14044760438793
174,-27.398742518774952
175,-87.03810707958597
176,-21.01072007490383
177,-29.223273193689366
178,-152.8110643168639
179,-45.3512552284984
180,-104.31227133044924
181,-29.2358279586428
182,-15.888513012663054
183,-113.9059290955638
184,-44.54917532334966
185,-113.01806409370604
186,-257.3882634432107
187,-32.31559802400305
188,-184.45645133981537
189,-91.11441157608442
190,-6.146468597171406
191,-46.723101437299476
192,-224.378444606857
193,-101.73722340527937
194,-44.87160276469508
195,-115.27045513878019
196,-83.20939109366427
197,-55.616480666320506
198,-37.781497470638286
199,-115.07831714929358
200,-53.72423746566029
201,-74.22038989827465
202,-101.20135916989118
203,-85.04572332297727
204,-88.85284572846167
205,-54.52687113114783
206,-65.01598238908633
207,-70.830497570341
208,-100.41889036486052
209,-59.84178495708865
210,-98.92075237687612
211,-85.73727420614914
212,-208.16738507528055
213,-98.52721585824379
214,-98.4274003791666
215,-155.31205814678884
216,-106.68442197063868
217,-0.46985533511053745
218,-386.70864848978243
219,-106.78674425866585
220,-122.15153667853357
221,-62.65337997303212
222,-109.684807487774
223,-23.52455008616289
224,-110.91537367186768
225,-74.61597780657618
226,-27.346806071732942
227,-44.41820280713881
228,-52.001403301603915
229,-27.09318655873318
230,-98.67544581376984
231,-3.7978753489732213
232,-90.04321463852453
233,-79.76227577777236
234,-23.491018706342004
235,-75.38938960330424
236,-103.91292148816052
237,-52.965328769046856
238,-100.37741730016171
239,-128.58265571545692
240,-13.471205681627154
241,-75.38089043299374
242,-90.171332933079
243,-82.5194783292905
244,-64.79948981257701
245,-79.39345785537661
246,-21.909700508525916
247,-90.83726825033422
248,-98.48020331990925
249,-111.70000583324213
250,-104.30854709629693
251,-221.7666734220873
252,-60.552919251034886
253,-81.0335318631351
254,-94.70394768894371
255,-76.85725901781592
256,-116.78910331273318
257,-82.88018471767728
258,-133.8148235506907
259,-82.21293924552776
260,-50.99614402863391
261,-43.99948986240147
262,-110.34401219954448
263,-85.9803482084733
264,-103.74735671482252
265,-58.594431803578885
266,-90.76027198095193
267,-189.60935313900217
268,-222.93489409113286
269,-132.9373377841961
270,-82.54829495269779
271,-31.112522183399292
272,-137.77147974497512
273,-152.43311499289473
274,-71.57736369053293
275,-85.76118002497498
276,-154.13159328647856
277,-76.33770759988022
278,-76.07572925221965
279,-97.03893854796783
280,-72.5226013617069
281,-48.097858261993714
282,-74.86993859008763
283,-81.8329428264526
284,-82.69642160787825
285,-45.9941890038655
286,-45.43102012875134
287,-67.57483855646635
288,-114.01310984171145
289,-101.7370959751248
290,-24.513311328289973
291,-72.00656915725662
292,-89.33834764010152
293,-88.82655173945345
294,-114.37089847575685
295,-53.11479107645767
296,-51.6338385205013
297,68.4537710088852
298,-75.15110525395599
299,-34.72179638311354
300,-76.72543237860774
301,-74.14217697422947
302,-55.91814603559862
303,-48.57609234173055
304,-115.37004750268707
305,-112.88849288963753
306,-66.5692383159641
307,-103.90602501019751
308,-76.22604047869314
309,-88.96764478728784
310,-85.08176231751943
311,68.69849135597929
312,-113.22850497241262
313,-176.50338324834632
314,-102.93437931150974
315,-41.26417393570203
316,-40.02807877262928
317,-125.24871767122187
318,-111.59975513981391
319,-18.944376476209953
320,-22.513408374346497
321,-55.86545223946899
322,-117.61304429333995
323,-23.237257330639068
324,-12.392766787246387
325,-38.30078990097668
326,-74.8643958257598
327,-97.49579202953036
328,-30.21823589459646
329,-43.27363527685837
330,-81.9814848485171
331,-61.47691684114234
332,-90.62412532782221
333,-129.24080619008197
334,-130.7543225109187
335,-82.57182250822024
336,-85.38653480319083
337,-199.19098385909754
338,-9.187830957162632
339,-64.75143601908565
340,7.253331150845511
341,-84.4658795111252
342,-29.073511780880096
343,-69.43360521346375
344,-134.42073049510458
345,-50.862466197520135
346,61.2564591469169
347,-50.98979699073048
348,-5.458130598480992
349,-98.43889371952076
350,-25.460397884323868
351,-108.1682007823101
352,-41.69598637313847
353,-107.78067852582893
354,-101.02334466278991
355,-92.43845665392523
356,-85.02995516695039
357,-58.5591241506762
358,-105.51499497065731
359,-22.448349708008422
360,-38.88700864524647
361,-107.42605810469541
362,-15.082770354738926
363,-126.08148815797404
364,-100.63297493205322
365,-74.42205252691058
366,-30.69935959848773
367,-83.60793580791926
368,-104.33409808621101
369,-81.03283319654439
370,-52.940308113770115
371,-50.36104546133894
372,-45.34150934922896
373,-136.08567078368802
374,-74.180858792805
375,-263.29594339870056
376,-67.50603641679325
377,-46.65543181664698
378,-19.965375456467683
379,-41.955264207090806
380,-115.04641650757276
381,-44.90093838871047
382,-15.716816563798574
383,-63.558089650820214
384,-24.834317991810366
385,-110.11849653247798
386,-77.35020771054788
387,-147.72642800576904
388,-119.69739570994447
389,47.717680268009524
390,-126.0687398990206
391,-23.165543141872107
392,-125.75893810966886
393,-94.82313280827793
394,-66.85006641453516
395,-71.47787123586856
396,-91.46569408615082
397,-243.1137912685556
398,-115.07237509123463
399,-74.19745018759882
400,-100.21095920488906
401,-33.04400449980048
402,-54.75615537113406
403,-119.97802933589404
404,-39.22488097792714
405,-84.4131383702489
406,-99.10470312751707
407,-190.20999209551383
408,-155.49608107276123
409,-79.39852708394449
410,-68.67113267928616
411,-96.40903347879029
412,-69.01024039946273
413,-2.9982708639257964
414,-49.69234081187193
415,-163.42182400082788
416,-91.65282412783442
417,-170.6193706394834
418,-72.65444735701513
419,-117.71975094344413
420,-147.332323269301
421,-35.690140706717145
422,-42.333981574662246
423,-134.60640540074695
424,-143.6744425550646
425,-55.29984846047435
426,-52.4832540383423
427,-94.60893756385698
428,-94.0832274768106
429,-57.22064450756662
430,-97.72488690260329
431,-82.61171242042113
432,-120.99597778984047
433,-3.695880757123211
434,-21.103791079636338
435,-99.48899318569497
436,-3.6440449193842
437,0.8816357618920563
438,-158.74795948661256
439,-71.05690192604902
440,-171.51536687265585
441,-67.4776906062421
442,-52.85941516368172
443,-95.8677993504391
444,-141.3269597989408
445,-151.88321606254402
446,-144.4062630386381
447,-79.0942974427865
448,-52.61587347224494
449,23.171298932486195
450,-129.3285198468365
451,-142.6191692062922
452,51.60175104489995
453,-70.48333926367596
454,9.97575895614412
455,-55.70190828730142
456,-88.76614021065139
457,-106.29477694279345
458,-64.20283104820169
459,-37.5274522571423
460,-106.84485420074476
461,-106.26463712739309
462,-157.09484169491907
463,-81.18916879510358
464,-12.912600589478544
465,-38.153183927060525
466,-104.36421836041987
467,-49.04877186244592
468,-58.41067459333338
469,-43.85911642161559
470,-77.18450938808496
471,-111.44068360004655
472,-85.66197885670508
473,-10.363155905552134
474,-107.52438300469747
475,-77.52281877363865
476,16.99899099763533
477,-129.62213491300722
478,10.043884014208473
479,-68.78005257812214
480,-28.36666293167798
481,-164.286984517093
482,-47.71288687497008
483,-68.20951803590852
484,-56.92010178099473
485,-46.70917884206477
486,-53.81231042694405
487,-76.3571156162275
488,-168.9350727525358
489,-290.308364134919
490,84.88239056257156
491,-17.208845091040658
492,-106.44916863094674
493,-97.11054056256289
494,-43.687339929491806
495,-294.40049345379947
496,122.57198325090647
497,-250.55177545160515
498,15.711604105366945
499,-91.44837909752141
500,-51.263749679348464
501,-23.194903888579972
502,-3.636165184483872
503,-72.06848818865416
504,-2.4879300404932394
505,-92.09820782094162
506,-68.45282419506972
507,-45.88681066776073
508,-78.97264305242136
509,-99.86210189999647
510,-52.10794266423535
511,-109.96510332448605
512,-14.772549702638443
513,6.736075256767066
514,-48.05599686948228
515,-50.22827215538604
516,-87.1578967140172
517,-95.79803199753908
518,-55.348242700491696
519,-77.90332106213425
520,-24.071085403745556
521,-207.45462703014852
522,-88.75131818059808
523,1.5980323438812718
524,-61.980371952956816
525,-16.96661309483669
526,-56.215622566394984
527,-27.50113261694429
528,-81.22599374723455
529,-110.80160096897087
530,-38.424663236547616
531,102.29359185035152
532,-74.16833113800578
533,98.51719182190425
534,-114.50901011908711
535,-54.4945208766529
536,-39.56975448683896
537,-87.27899270786146
538,-97.89804695031061
539,-81.6489331969617
540,-101.02886724586659
541,-112.06090794585475
542,0.6552082286506646
543,19.445437529648274
544,-46.896284547744884
545,-148.66337055080507
546,-102.75724242007291
547,-70.78099784571238
548,-58.652755458785236
549,-49.14107211933134
550,-18.976723715290845
551,-48.29389802060811
552,-46.06066030221065
553,-34.67561974239172
554,-30.875638256061976
555,-3.4003551560556105
556,-60.02734546451211
557,-71.48551422911157
558,-40.428253067368786
559,-111.78423843032289
560,-72.27230471309544
561,-35.32308619395579
562,-248.07690431697134
563,106.00439779572268
564,-67.39303464910871
565,-48.345461354379225
566,-244.2482367028299
567,-85.15129562964388
568,-154.0324077550955
569,-44.362049597996915
570,-67.40089265146992
571,-75.7051514772184
572,-44.34353046525261
573,-74.04541496281178
574,-72.45504538757142
575,119.58343856988652
576,-87.1275486684054
577,-48.47072955844683
578,-78.03605816192015
579,141.79315341954205
580,-76.72422002146001
581,-61.190230969959615
582,-50.47335437423186
583,-15.773254459640967
584,6.149594040829683
585,-77.61463873306343
586,-100.37227425503052
587,-152.03582050836735
588,-190.32530153192678
589,-75.44238550890034
590,-26.789980921952875
591,-93.06680246179995
592,-141.39389103142372
593,-30.691456353323545
594,-66.06207857933083
595,-29.73891457024189
596,-80.87282965975876
597,-24.019083086628115
598,3.2114715059363306
599,-26.969493219656457
600,-62.19200988531327
601,136.1938967252921
602,-48.249138734159075
603,-31.84446777950025
604,-48.68057626709215
605,-68.29666110309785
606,-138.5166637971856
607,-76.07035568423046
608,-281.1518488957539
609,-75.19483766952669
610,-37.47429425848442
611,-129.0994350983946
612,-56.50325511729005
613,-18.848227622077445
614,-63.44494961649646
615,-43.364557345609796
616,-50.47323507358169
617,-49.75653757481372
618,-24.7646528732389
619,-94.65345091123216
620,-22.6378625086966
621,-87.77794005390534
622,-97.13831011198755
623,-66.75069286101011
624,-28.490733051771343
625,-60.44637811189203
626,-87.00507121687497
627,-114.994268741721
628,-43.10692116414017
629,-80.09797795739657
630,-47.109191296954876
631,-67.1668836005403
632,-33.1281796521927
633,-214.71393846631264
634,-67.06143798177295
635,146.54979369507498
636,-39.80697176756448
637,-128.81421975689565
638,-71.17140058383761
639,-112.60400219015159
640,-33.20143584149706
641,-103.1617201695812
642,-64.36238162887531
643,-113.22107420915943
644,-22.601571664738913
645,-111.5175004306713
646,-54.793778623775744
647,-237.41112087583042
648,43.22586039774947
649,-59.32669155993709
650,20.82499492714294
651,127.43695926292021
652,-48.31154056977347
653,89.4320769409698
654,133.0276086372947
655,-31.273685180716626
656,-42.86214217793463
657,-33.296258674110504
658,-109.88043111882678
659,-87.7921188494506
660,-22.19959558059125
661,-55.78315553108182
662,-37.254124102841075
663,147.14469236277034
664,-26.438489275824807
665,-41.860021976803
666,-40.19584518322711
667,-73.55982690318676
668,-142.2441359095634
669,5.490153138721794
670,-58.73514956961708
671,80.1417669778227
672,72.47642437260754
673,-1.218599669541561
674,-27.522454842257616
675,-11.392878583733747
676,-12.985880895370016
677,-80.71927247072418
678,-48.51471426636053
679,-51.675795873261976
680,-80.80013622630679
681,0.7977992755220811
682,-95.96611394496185
683,-108.44828738265173
684,-67.10525419218085
685,-55.038043853389695
686,27.831501893669845
687,-85.08922483291033
688,-22.37724174109708
689,127.73646585445582
690,-51.20128522483668
691,-9.189739389824254
692,-52.36875075902978
693,-20.876258413054742
694,-87.48116122945531
695,-39.408595226121705
696,-8.581787413430519
697,-67.74952804966837
698,-39.05278499256684
699,-80.54592515021918
700,-58.9020140807267
701,-78.86832348990964
702,-90.2957204070491
703,-77.10628467313917
704,84.78824179709133
705,-24.27636635378269
706,-64.11379501787326
707,-99.63587751282843
708,-35.659397953220974
709,-36.29285884801034
710,90.4283916815837
711,-62.11961270002273
712,-23.269992496077066
713,-13.38046076553681
714,-71.1454922808864
715,9.7626627452008
716,86.9573918506051
717,2.43576771943137
718,-71.38150447088213
719,-63.58550832783311
720,-45.153233326902026
721,-78.19886876353404
722,-28.32006204026399
723,-2.8698149962029476
724,37.34373116036588
725,23.19878642866567
726,-44.79662341975906
727,-35.43619285997741
728,-34.00725303402166
729,-187.07194874859547
730,-25.513169265675955
731,-59.53933767205367
732,-33.29371660794453
733,3.7015672491448584
734,-205.13288524025663
735,-55.39100957179983
736,-63.21792880173146
737,-20.158004720900223
738,-29.191316593685258
739,-71.39326601557192
740,-121.80830679567347
741,-91.46131196851675
742,-90.17476185667866
743,-92.13934499293902
744,-198.35794602614033
745,-88.63155964803819
746,-87.75868044760436
747,-53.02645768782169
748,-6.982117767085597
749,-12.526980380701914
750,3.218478517163973
751,-93.0904985810393
752,-94.57484460281293
753,-70.52830919369096
754,-80.17110544940685
755,20.68676499917659
756,-7.368976207673327
757,-246.07034434629307
758,-65.77096838123612
759,-88.4720268992534
760,133.04195292493714
761,-93.94341353614986
762,185.39659374419568
763,-77.07897631872385
764,-30.754294567254348
765,-56.88474069183986
766,-12.843455440605979
767,71.16418940538875
768,-137.65478582725257
769,-88.4123891593544
770,109.7992458568305
771,-122.44751630580315
772,-97.63511943397913
773,193.66027387897424
774,-17.15807194667302
775,28.841063284376673
776,-60.07576297095261
777,-40.506610040098295
778,-11.605337984966354
779,-8.09489668438242
780,7.820992081710671
781,15.40164320860626
782,-56.54589245307855
783,4.468208470339164
784,-89.48869486331597
785,-25.065730576265437
786,-54.25780465469376
787,-124.50988361477752
788,-17.512378522725882
789,173.91004268148285
790,-8.334921361038951
791,-65.38842418252707
792,-54.39418784703854
793,-46.987595572840554
794,18.558350497781703
795,-81.8174304769055
796,132.2658098180318
797,-54.730443103212636
798,-141.92727989692952
799,-27.832904642527538
800,-77.68123879891523
801,2.492513858700079
802,-61.32016218559099
803,-52.52737811855563
804,-29.14437109221356
805,142.0892630488399
806,160.34970749623227
807,-22.051786810750855
808,-105.47359524417763
809,18.46813884176059
810,91.4545898426194
811,111.2018500886257
812,-61.59133930170199
813,-47.251653698790854
814,-104.91429797163501
815,-20.658447874576993
816,149.56058571376116
817,-63.937510998961535
818,-16.57092406852871
819,-224.08697300983096
820,-58.66456525234875
821,-25.152559335420207
822,-67.99499705978198
823,-18.083346866502666
824,-23.807490307180316
825,-35.13889169944832
826,-36.26016625156768
827,-57.04665602269607
828,-60.75952851141989
829,-38.51480467052245
830,-63.39272268099344
831,-44.389917555774886
832,-47.85291552251992
833,-99.82220137255908
834,-56.581807153769475
835,-11.261990790711948
836,-110.76707428798636
837,-84.35754101586309
838,-44.147722196402896
839,-94.27392530536581
840,-52.752840849469266
841,-38.53594924505521
842,-2.1363821276187878
843,-67.9739850783745
844,1.8791858046173502
845,-74.57387737996663
846,-15.960226456086176
847,89.4945763234585
848,-155.08884158217634
849,-29.20276695246855
850,-16.787568746055086
851,-47.0978842772339
852,15.672024025835228
853,51.21553955601543
854,-20.21460316288804
855,12.199062658725154
856,-59.881226448766554
857,-52.75629819389097
858,-24.900852154181123
859,-64.78763156898441
860,-83.9681041554773
861,-42.6514520777568
862,-188.7544642519179
863,-132.44004670273827
864,-44.75895444411303
865,-57.09852572035529
866,-42.08892159774312
867,-1.9214500705656832
868,66.01739265683477
869,-87.943686660151
870,-63.28717980656474
871,-65.55183391356286
872,13.16096149441185
873,-75.38857277720228
874,136.24248517897922
875,-197.3634793746263
876,-233.2844003312765
877,-38.78818222352324
878,-97.43860105607988
879,-42.277752184405486
880,-61.5864612758353
881,-3.275059417904913
882,-88.52495555437486
883,-27.406690107369926
884,-55.35371719985541
885,141.09701853833866
886,115.16635803051916
887,-57.98339530321461
888,-33.19220292872201
889,-14.02981371736756
890,41.79787213349297
891,-8.3797908587551
892,2.395982681963318
893,-42.67406813206793
894,-42.60033561324842
895,-93.26794104768123
896,-105.8934024724756
897,-29.246806924072303
898,-52.989236231918625
899,-78.99252497466404
900,-34.13941642049025
901,-108.10847217719221
902,-36.896504876953784
903,-51.432799388449126
904,-60.33746526465431
905,-36.918253080737216
906,-27.215468955865532
907,20.52981980103597
908,-25.539744725507745
909,-472.34043682610644
910,-107.53489650273995
911,64.04310848111204
912,-29.44093050994435
913,-32.53156468535539
914,-73.32410211451703
915,12.582379123521008
916,-86.35102595941196
917,-72.76222339201975
918,101.37762154211578
919,-57.23682572707366
920,-72.65958866556741
921,-89.10654470188388
922,-15.44804012043582
923,-21.772385990406065
924,-41.00970224195102
925,-76.01924726144313
926,-104.57133714571277
927,18.48488415708661
928,-2.3813387386494753
929,-75.73403738117068
930,-166.88782140451622
931,-90.74642834620735
932,-86.87915631927841
933,-33.77650398007587
934,-10.813369837672141
935,-28.715057414877208
936,-78.93663037248655
937,-1.7921426515843422
938,-95.25146905709687
939,-61.063318104637645
940,45.43164609025902
941,-10.880675662626402
942,106.80657631333277
943,-22.40987413560019
944,-85.65210490547247
945,39.686334934249786
946,149.66868006757204
947,-17.632072560643863
948,-22.82966774924037
949,-39.18865451105392
950,-92.29663616628189
951,-10.338618975993498
952,-83.80830929424503
953,-51.34946783224156
954,-11.747664052128684
955,136.02216095356965
956,105.24829139745464
957,-24.70856836300416
958,112.88569652511107
959,-341.6144735218895
960,-87.14597732765196
961,-62.76217731003814
962,-25.39776050011035
963,-45.84016301127831
964,30.395252178482565
965,-41.259959477442166
966,-17.88778944103909
967,-25.760781300834935
968,-42.769483147155896
969,20.955748547924316
970,-88.82735552955958
971,-57.995055281863216
972,-108.04141039280036
973,-52.33450641319632
974,37.76211759410016
975,-7.479126496357637
976,-96.8802006918092
977,-67.15459503979245
978,-56.104451151668485
979,-242.7746026248074
980,-55.746823741383594
981,-115.80608842466735
982,6.342712355302666
983,-111.35516967031218
984,113.90716109139336
985,24.94149421645516
986,-244.33017839247157
987,2.27033552031169
988,-44.22650498968041
989,169.7555916701608
990,-40.175382501343876
991,-95.38979549191252
992,103.07576608668055
993,81.79197926950694
994,-22.5510899153534
995,-32.601909761296184
996,-42.42871987230082
997,-5.573236435460757
998,-45.059392868139035
999,7.864577375245361
1000,149.25105300785307
1001,96.67235267578556
1002,112.610706283198
1003,-64.1609741068591
1004,59.25408069292345
1005,-86.56394680697227
1006,-45.48732630512859
1007,-65.85909599115597
1008,-44.291852424171594
1009,128.63746353939834
1010,122.41653520376968
1011,-105.13361520741127
1012,-89.8962823657023
1013,-102.59298076581322
1014,8.112072565323217
1015,-76.80601128882986
1016,71.44850136166986
1017,-84.65841834757094
1018,133.19456323673754
1019,81.76813272729427
1020,-37.171802753443046
1021,-95.20571070989159
1022,-15.897388234698738
1023,-8.794137319600878
1024,-93.38636639454269
1025,-59.2845322201377
1026,-15.197661667998801
1027,139.63071840279156
1028,-61.101336702823886
1029,-155.1483317588316
1030,19.646854777916147
1031,-133.96454724044543
1032,-80.99857280791159
1033,4.834534219203732
1034,-14.778395557706105
1035,-92.80637074348505
1036,138.3942703876942
1037,144.75907361543182
1038,140.4436589438008
1039,142.6669351622081
1040,142.26238459717834
1041,-40.523170019547194
1042,120.48065670480769
1043,9.800025156610033
1044,-24.036563615549284
1045,-17.691673630750543
1046,126.04047063408315
1047,-14.215751839275583
1048,-101.45845574184354
1049,-103.25548543562901
1050,-71.37403900539904
1051,-8.262008407283446
1052,-107.6313081170185
1053,-48.411523456973526
1054,-37.34493782662075
1055,-99.36596821162064
1056,115.05315003154715
1057,-118.84516860468293
1058,-93.23102165377576
1059,142.45825200868705
1060,-22.5789740117593
1061,-25.30390655765511
1062,-239.52463310023862
1063,-32.445566218445435
1064,-101.63617041746981
1065,-77.42188380434547
1066,117.27982578426655
1067,-45.19471807739269
1068,-72.84421457496765
1069,-19.957534129707213
1070,-84.96110784047963
1071,94.00728901441762
1072,-9.674133282065654
1073,-323.6372990438111
1074,-265.97137259012743
1075,1.55973445793974
1076,109.91795158801288
1077,-25.255997114902414
1078,-102.23179288821484
1079,91.51794299984299
1080,-37.274501504047066
1081,-61.844399986570764
1082,-88.39651013874963
1083,-50.42670422894288
1084,244.9663238953915
1085,-101.33019714147666
1086,-81.38399972690681
1087,67.31678768258698
1088,-18.455073020440793
1089,-181.39347362246636
1090,123.87562766243175
1091,123.24102165865519
1092,-163.68735070021728
1093,-45.76447914564288
1094,-4.6660719890440845
1095,-131.83360763047693
1096,-18.161099224372492
1097,-144.81691942508957
1098,-65.57668393453632
1099,-93.99433076939701
1100,-70.6571865314534
1101,128.78634236166798
1102,-62.54068054260959
1103,-64.01092467659312
1104,-2.2552748838047734
1105,-47.76917984255994
1106,-53.31641805050535
1107,-37.34125483488279
1108,-43.28655548221124
1109,104.16673298749129
1110,-116.18831759534656
1111,-33.82689490094518
1112,24.841128829211584
1113,-71.12788889484546
1114,-20.176854899702292
1115,-96.80887280679815
1116,11.328165318752767
1117,78.49581300534834
1118,143.55530226351226
1119,140.29640807718604
1120,-109.60814032543456
1121,-19.2476127061486
1122,-59.86376926222142
1123,-22.51805567366553
1124,-106.04342737084153
1125,-100.30379152901185
1126,210.35315039983175
1127,72.09586741223117
1128,-6.520083981156063
1129,-236.37792981857305
1130,-36.0608000722867
1131,-65.35774309784664
1132,175.45074573165934
1133,26.684560835494636
1134,-63.8399178919001
1135,-4.970444252803247
1136,-12.09343263254894
1137,-263.8104311077766
1138,75.80445477891479
1139,77.2007440037334
1140,136.13501263606565
1141,7.212360748843369
1142,200.40893836850412
1143,-95.87470778060597
1144,-21.84441494211562
1145,-68.70899886744263
1146,-61.020268718151854
1147,82.38057224745877
1148,-22.190240883094248
1149,22.869536472706304
1150,-61.93314027021846
1151,109.22631059439195
1152,80.22289707172982
1153,96.86576388238963
1154,208.39233747287446
1155,38.92219996533763
1156,125.73807095840216
1157,-95.24837651356673
1158,197.5077488048065
1159,-14.520558445446994
1160,-39.707292553280745
1161,-66.37669956661117
1162,-35.80288244858775
1163,221.73891658870525
1164,83.62393923239144
1165,-25.616153859544667
1166,207.98785313495506
1167,100.13915252785768
1168,58.463164380560464
1169,-54.99325395353725
1170,115.08555831448822
1171,101.08985919054687
1172,-60.785623052733214
1173,-98.51412783522603
1174,-28.482939457255696
1175,4.62898059891269
1176,2.408674081207256
1177,96.5419164373286
1178,-68.37573940343046
1179,-125.33879982142562
1180,-1.0702518377540144
1181,-244.1473807333825
1182,-31.747619730036178
1183,-42.837874399362434
1184,145.2041659322898
1185,-6.324106588073164
1186,185.0551682349253
1187,-237.2031944864966
1188,-81.7194285255481
1189,126.85018397726856
1190,118.15518668619242
1191,-19.63670090184094
1192,106.62021611196543
1193,201.17551678085607
1194,-92.42844184939635
1195,-37.91754742471852
1196,-105.72517909016932
1197,-66.5501067707167
1198,57.43058441585888
1199,244.32146185913209
1200,-46.338408459374506
1201,-321.8482752306703
1202,53.24411845927173
1203,-51.615194151620834
1204,-88.96918984383885
1205,141.34797660341349
1206,-228.79284941687706
1207,-90.03103847864907
1208,-279.82767312207613
1209,-67.30955266061909
1210,85.25381508113722
1211,-35.83610912820885
1212,-71.22047286867848
1213,-79.43763712422937
1214,131.6216090582002
1215,-118.86760808953974
1216,230.42742369310926
1217,-26.78715307729803
1218,111.07942727261826
1219,130.9096999084482
1220,207.82437245550378
1221,-115.6746416629636
1222,-46.85988145253995
1223,-364.1469859416732
1224,-56.14314031698056
1225,108.94058340227201
1226,121.97241568178569
1227,86.58300082100469
1228,70.20470380838361
1229,84.58176026822163
1230,-16.545339485687265
1231,168.9975578830573
1232,121.13918618472356
1233,-42.46938793044066
1234,-69.40870561401846
1235,-77.29228175463383
1236,97.2636679327409
1237,-127.72404347356114
1238,-134.51008881688688
1239,3.460205140546833
1240,-55.08064328928345
1241,93.68077565585871
1242,144.14054179872852
1243,19.02372429178159
1244,-26.531694014624534
1245,89.15166646835002
1246,88.15771179418245
1247,-52.03607202106612
1248,-3.4167419129431806
1249,-206.010516545173
1250,-116.55880602838528
1251,78.5751694721952
1252,176.99175684346338
1253,-64.34540168931869
1254,166.12784114521043
1255,-249.22368561338416
1256,68.34662896656283
1257,116.87493123884826
1258,-133.4232183969208
1259,-4.757492800540106
1260,132.7633598704973
1261,125.63981392529658
1262,-64.39355505722597
1263,-41.64881254950569
1264,111.74662408061415
1265,112.45737354503954
1266,124.25275305657998
1267,-275.90782460588184
1268,-103.93162025606078
1269,-13.491350095349432
1270,209.38507403648183
1271,123.06167493705273
1272,124.28043163781669
1273,-197.4681486151061
1274,149.17398424732664
1275,31.137059756972008
1276,-40.604141482649666
1277,-73.84443378554896
1278,-201.03760835009928
1279,-65.44895810459231
1280,232.2697643376366
1281,195.9477020194685
1282,80.5917298068729
1283,103.77865566904482
1284,215.32823864474193
1285,51.669234724096235
1286,211.8291924428818
1287,-203.10607386665333
1288,101.34829233163904
1289,7.809622734947283
1290,-55.98695583860636
1291,-53.69103751635234
1292,127.88732532111337
1293,105.11958876747089
1294,-76.12754536794249
1295,127.82074743966729
1296,-79.5402694943655
1297,-45.56754345892368
1298,118.73905509764631
1299,117.48851990263913
1300,-100.62994937189852
1301,132.49502877307742
1302,53.56156969487843
1303,126.77743893840088
1304,117.78717269154505
1305,-66.34746617574686
1306,-182.93777432422087
1307,-48.25439447532821
1308,63.40988621087155
1309,4.3735620654479135
1310,97.06768674781408
1311,-45.86319551368794
1312,171.0533419613961
1313,129.0293934571136
1314,8.368022512053614
1315,113.93656795589133
1316,89.27414793970104
1317,-12.857295646947975
1318,-73.3633214770787
1319,-13.040365540973255
1320,98.79348432594271
1321,-86.70289426975143
1322,-205.57926438781337
1323,-36.12892615473045
1324,-218.1317059189333
1325,-9.16012262493065
1326,-181.22365093928363
1327,-83.47778891914288
1328,15.238010437542911
1329,-33.719255679773525
1330,241.31728800698482
1331,20.577656881983316
1332,-47.053523682110374
1333,-49.84865200968768
1334,-81.37986842956565
1335,98.01587915276869
1336,-100.66637181596552
1337,88.46227439701191
1338,88.26325881925331
1339,110.89374157953644
1340,84.49871434131374
1341,-124.74662288481093
1342,-22.414707584709987
1343,-3.8905662968580685
1344,183.79423413856807
1345,9.553352243371677
1346,71.30320130671086
1347,40.68988588018949
1348,53.36360536758755
1349,119.13151958305974
1350,-110.45148845866768
1351,45.600609178971354
1352,-42.874997813547964
1353,119.4128025028366
1354,12.102999631534729
1355,130.26429461630562
1356,140.113218273226
1357,-35.01418738411775
1358,93.6272162986376
1359,102.24842554793415
1360,79.10860793980999
1361,-47.42534710930124
1362,-53.11915477588371
1363,146.07679468903208
1364,-52.547040600014505
1365,101.63320749019005
1366,119.83757277120787
1367,104.72376413297081
1368,104.98229498109443
1369,110.05627435846657
1370,-89.86066514715094
1371,-24.44044949682113
1372,-69.31642389113406
1373,-55.271018738144235
1374,124.70327482751945
1375,-195.56921419776677
1376,-96.52469022567222
1377,-61.9635021307647
1378,20.94881026525377
1379,-215.71520054842074
1380,-19.364145192878013
1381,62.085694609108344
1382,218.99474045826747
1383,-30.65109229046614
1384,118.41541571906949
1385,-123.074769098248
1386,155.46754417404838
1387,-24.958727228775558
1388,100.1130774031683
1389,-164.48475600242898
1390,23.662106193163282
1391,72.94850948713102
1392,94.48711194388619
1393,233.56873472854667
1394,-40.43551920998519
1395,130.94453595026508
1396,-63.12985720249579
1397,152.22973282424215
1398,-25.104365259291328
1399,-26.267967497582262
1400,0.8180186211715039
1401,-42.267817535347305
1402,75.27532560708454
1403,-16.249200979973736
1404,-15.122168966123155
1405,136.73930579686402
1406,-25.134621236305406
1407,220.35566548902202
1408,189.17369929403912
1409,-5.489301301351773
1410,32.602322630019
1411,124.9727387781003
1412,-56.461389478742404
1413,103.11225420961905
1414,207.22521042324982
1415,-19.174040872928316
1416,-39.70297533395414
1417,-6.959685127420016
1418,-28.720104802045114
1419,-49.065091013673566
1420,191.52761686616304
1421,103.27357584471217
1422,222.49924906497841
1423,11.115404194509395
1424,145.82437139726002
1425,94.47306425478774
1426,-47.78523253186448
1427,13.43442461642627
1428,-19.449400211800963
1429,137.2501762824345
1430,114.90255251369834
1431,91.06796410040451
1432,-40.897032277597674
1433,95.263803045769
1434,70.11476562996116
1435,-29.178485683921863
1436,-47.77930932993023
1437,33.526681857640284
1438,-15.684835377520756
1439,-219.67904740280034
1440,68.57278164540213
1441,-14.877925200678419
1442,101.38522824244482
1443,-67.00588020691158
1444,79.23705556573621
1445,131.91304958702062
1446,130.58506477378555
1447,118.54551227438512
1448,112.13507706247992
1449,105.88927959098683
1450,135.27609936654488
1451,220.10606384275377
1452,-44.20227504288373
1453,104.10097666260623
1454,-45.693104376690854
1455,121.45912146309522
1456,-57.71702580338954
1457,149.7101657377047
1458,40.605468779645726
1459,174.8182698744071
1460,132.89067169718416
1461,218.023650297286
1462,167.72583536509342
1463,-63.93372814490437
1464,-33.06523208153487
1465,-40.027193238864
1466,15.511778517959982
1467,126.54954474203018
1468,-19.182556144067206
1469,20.663644264249058
1470,97.9059749097988
1471,-27.557408359100265
1472,96.53725236158121
1473,7.737677152698154
1474,154.66691415591868
1475,-259.91498620545246
1476,-76.62205362250458
1477,-63.74918198315683
1478,151.9043213069216
1479,-45.229054331258354
1480,114.296859480837
1481,-139.5282802601289
1482,-63.52958858420607
1483,213.41555942085506
1484,195.31025400356268
1485,224.18760089143348
1486,-76.0718929893503
1487,-51.35040398858254
1488,-35.46232539540455
1489,79.77409721641922
1490,-61.92581120026122
1491,174.365737069241
1492,-16.423036320294457
1493,148.8619095074657
1494,-147.19543284170555
1495,88.20775096033448
1496,-17.15745533398116
1497,-81.53747801344561
1498,-62.590638579085436
1499,152.00180148829642
1500,-56.96633210408299
1501,26.042922866978614
1502,66.0629306160113
1503,225.61304296741542
1504,-48.4471146158386
1505,-47.38590896076332
1506,202.50477641017932
1507,91.28510849929407
1508,95.68372542338149
1509,118.62318597335977
1510,146.53728806028565
1511,-41.08789229273532
1512,12.976914539806913
1513,137.97431782540087
1514,142.03257409334952
1515,-14.899905214849639
1516,-46.5918265342059
1517,60.19822107379299
1518,117.56906243677983
1519,-57.60713368128046
1520,-47.614526407694285
1521,81.10767980786947
1522,212.24062130880202
1523,80.49178940609666
1524,13.229179618945892
1525,-81.76437549786897
1526,-88.80449797557175
1527,-14.705062911245406
1528,-260.1198273267983
1529,-130.65050576165436
1530,94.52466313549719
1531,230.93230699233857
1532,2.8743367906951107
1533,126.33826558217504
1534,-54.4819824935096
1535,-40.36375854479783
1536,234.67084397450813
1537,20.273103504194665
1538,227.99383130173376
1539,162.7635031969192
1540,198.15414380378618
1541,95.15897628596004
1542,-29.740526850597206
1543,21.876334534442123
1544,129.52000772684366
1545,110.08363249310644
1546,97.17209249090573
1547,120.81469423616295
1548,167.37335232346166
1549,115.65158245256751
1550,111.70340475812992
1551,-6.587127647706737
1552,110.6861907293714
1553,224.701352741407
1554,-52.320636768507896
1555,141.1820809904142
1556,-14.77910639307646
1557,-48.75011735214177
1558,121.9674807422648
1559,-210.19572820902206
1560,-41.84802550231096
1561,235.2328598419745
1562,90.86321501754135
1563,210.1400278056939
1564,88.36935463044378
1565,85.72149293212233
1566,92.49121554024377
1567,-102.13813666407368
1568,85.13538195332093
1569,77.11193195516307
1570,-9.55722663063733
1571,-54.006900952587905
1572,56.09347971765396
1573,-47.122808114507876
1574,-33.514986330025195
1575,-93.69021950893683
1576,-61.409319679249755
1577,-2.030072393863037
1578,82.17488740950375
1579,191.41857144724793
1580,-120.3941528203523
1581,107.51802572623153
1582,216.95391745859305
1583,-101.45298874822616
1584,-39.244877925248446
1585,120.79680549326868
1586,60.88419550523159
1587,-4.064764590021397
1588,-26.50820700542468
1589,-172.3145715515999
1590,-69.85321310887653
1591,11.83764487208174
1592,58.189637424729625
1593,-105.1317916183068
1594,139.5188952819051
1595,116.2528765473596
1596,135.8070961208857
1597,-67.74513377336751
1598,134.22746128196815
1599,122.91375220356974
1600,-17.59336855123604
1601,249.13692123477233
1602,-8.376854149122195
1603,86.11712483347662
1604,-52.54273428891321
1605,108.18966743696225
1606,119.78111233809955
1607,136.680866754179
1608,129.63415870008413
1609,135.60238528820594
1610,106.90175160465287
1611,-44.75952341676154
1612,-8.221388265823975
1613,58.8625018218454
1614,-72.68898790785265
1615,103.75547333968599
1616,221.85851144499148
1617,-47.13026721318826
1618,87.011594144817
1619,-84.9484345278973
1620,148.13238669079288
1621,75.44952805081934
1622,102.22031649889057
1623,210.20470249112805
1624,-54.85004006650533
1625,-92.38956895751123
1626,131.65118861180667
1627,231.7101187113032
1628,-87.8540071419726
1629,15.020085150792085
1630,-18.98058070485783
1631,-0.7670019873352203
1632,-0.821169566548491
1633,108.35397672224295
1634,58.5097141934408
1635,45.24942089139737
1636,-2.0997378224578256
1637,-19.036577669892196
1638,65.0585530034501
1639,122.40296075481916
1640,67.8851743726334
1641,160.08187031055812
1642,225.7236769959967
1643,46.3769480230325
1644,99.32319586375756
1645,-34.64865567765993
1646,162.06835798217196
1647,-17.703374669930596
1648,164.9025887568657
1649,-300.939074328845
1650,-108.4942478088834
1651,-61.728622401561104
1652,-62.726972162603325
1653,116.2862591590552
1654,206.6278235220016
1655,128.54610867674157
1656,110.40597009319147
1657,110.33850580427925
1658,-3.991529157329203
1659,117.56279373028819
1660,-31.032356710282173
1661,112.30084035101002
1662,-96.74460637656209
1663,82.00788105598305
1664,14.57122136647638
1665,172.60407674250897
1666,102.05466637012819
1667,95.6698084666403
1668,242.67130427638597
1669,118.06882236791994
1670,139.8246458899879
1671,-60.01111940498088
1672,100.78934502375397
1673,206.61814554479963
1674,-97.53451560276082
1675,220.74978362285503
1676,118.55879896751367
1677,173.05769260310836
1678,-6.127320315005136
1679,121.75464425675811
1680,-77.20691609337776
1681,-80.68892392350574
1682,226.6023083488428
1683,156.63312137340426
1684,234.50664158924104
1685,-7.603485988564898
1686,93.71461046867891
1687,117.04448592768439
1688,-62.53606613935251
1689,-77.77521890630203
1690,7.172391837261699
1691,193.35723833172773
1692,85.42364356520574
1693,-26.54070655150447
1694,-61.07823914408989
1695,-45.53369643030919
1696,183.0473135138267
1697,72.50623587224561
1698,196.6799530549393
1699,87.32578316652689
1700,128.0240600308121
1701,98.91758864471822
1702,-236.76787867254987
1703,-5.474936189824476
1704,-31.41556778628322
1705,23.709421736072528
1706,84.92914513871946
1707,161.88841049697453
1708,222.81251856286045
1709,116.58872589676709
1710,-40.15547845806769
1711,77.83934383893958
1712,27.231961012215976
1713,138.28121643174524
1714,104.05367507177586
1715,-149.7828984948743
1716,100.26407635300303
1717,71.43491044259238
1718,103.65966822734836
1719,195.11407037609865
1720,115.11286195344694
1721,66.3626960884267
1722,210.47190050234445
1723,-56.34354642431687
1724,236.341857206217
1725,166.807639716027
1726,251.06265229851996
1727,-77.5099159781827
1728,112.75274190551752
1729,1.9768553756727272
1730,24.96639606859216
1731,119.77510025912885
1732,-33.74658309405682
1733,105.9121873423803
1734,-3.1581198760485734
1735,171.94607126598245
1736,48.94905054750123
1737,123.95788537528131
1738,-29.074962204484166
1739,152.69688771616157
1740,-15.941732737784406
1741,110.60139256877096
1742,180.6672319230571
1743,60.05108719571564
1744,118.41557136977184
1745,149.01567112204117
1746,-58.80061996233199
1747,232.76957013465613
1748,-69.25758770775315
1749,-121.20583355193884
1750,117.2344002013108
1751,145.7941302803042
1752,75.07213639474139
1753,212.33145398577417
1754,159.73022080890252
1755,72.0684324468383
1756,109.09517404137071
1757,177.6544479233148
1758,182.07281829180093
1759,18.46067393494222
1760,62.88485352692575
1761,-75.67787435657424
1762,-33.00412968632118
1763,56.37289228025182
1764,-43.730725127150855
1765,105.71708369945547
1766,-141.35984609698045
1767,133.1088044121722
1768,-43.11500169618691
1769,18.57941981001636
1770,134.91937019055686
1771,208.32674737500776
1772,-3.736536768811149
1773,3.5198646608221225
1774,211.23472301955735
1775,114.11551430957311
1776,-19.167162734822114
1777,3.8926755486718037
1778,-37.11823665418842
1779,109.57269901794366
1780,209.7084866779602
1781,134.68899397199564
1782,129.48863589850671
1783,95.54205598925577
1784,208.51248874513146
1785,-57.04565866404944
1786,238.11733029848972
1787,-38.92238700443096
1788,-31.746415193504845
1789,50.92654259619384
1790,-33.27898658688183
1791,-41.93693409367329
1792,216.2604262398882
1793,16.367461677539623
1794,-52.3948974300739
1795,189.38530664902476
1796,-41.63065614252956
1797,-65.98008424719283
1798,239.45760059359918
1799,98.66829064396879
1800,-28.033488337569622
1801,109.01097034423242
1802,21.798553475598766
1803,127.32737833274554
1804,2.9709555512270924
1805,-78.86267003484639
1806,-92.18208965265148
1807,118.43744901702058
1808,114.0735892750744
1809,121.54629848064106
1810,-8.648881989142609
1811,-159.70706107210836
1812,-92.59433661609052
1813,-7.08287064791935
1814,182.96280060268944
1815,-62.66805106239457
1816,227.71696254834347
1817,199.86805745048548
1818,-37.542015710750434
1819,144.29708958014245
1820,144.7874858920987
1821,11.868548245269722
1822,-178.35726039955847
1823,-70.09782649390507
1824,-24.154543758038784
1825,0.03657255508404944
1826,89.84332849258557
1827,122.29984027059356
1828,-34.48265504447156
1829,145.84380087937865
1830,234.90327784307644
1831,231.78949250747547
1832,74.8292019531428
1833,-1.6337216870764166
1834,73.03108546360485
1835,-45.143354449634046
1836,171.18131740142627
1837,158.73882923986434
1838,106.38293833103651
1839,-31.875903765100375
1840,-27.165327173662277
1841,67.91982281169405
1842,-61.70121265728321
1843,-207.15591772881749
1844,122.45589380235492
1845,25.340342826737427
1846,200.24078349402654
1847,200.95765592009354
1848,73.56424431472793
1849,-99.5274021102605
1850,108.50887624200868
1851,97.70129614016413
1852,-178.34905066744884
1853,132.24252875728118
1854,-7.876227364733751
1855,39.47054309520175
1856,184.90173121087645
1857,-0.2040594149590902
1858,-10.250951051158921
1859,133.63505580028985
1860,121.74226788316072
1861,137.96742954747108
1862,225.18794566090727
1863,271.3990195609298
1864,-25.373003734929355
1865,190.41313259966478
1866,-28.530402538957176
1867,105.44637310153679
1868,-124.05732338313135
1869,-69.77831245978142
1870,163.74437798571006
1871,-29.612339504857218
1872,143.4399038851079
1873,-36.7594489169028
1874,-108.1279698812244
1875,-400.3038227230745
1876,96.04677059774808
1877,-29.804193414285734
1878,124.71998105613417
1879,-176.51489529263486
1880,-23.10802930071003
1881,-16.377867305806618
1882,-97.30023596490219
1883,186.53513994839585
1884,-51.13945061176983
1885,145.49619028557916
1886,-62.484497630026084
1887,-35.31781853861581
1888,120.9572078755466
1889,-32.687412839224564
1890,-73.17420891527773
1891,24.121413656223055
1892,79.98912366817869
1893,164.08028033839645
1894,-18.342125768405268
1895,72.66003106802845
1896,-37.46287343303746
1897,-23.39176142001935
1898,-68.99885845859981
1899,-37.57456809426023
1900,-100.86171285432647
1901,-266.02363760026407
1902,137.98988139482987
1903,239.77214327352587
1904,148.98838739144898
1905,-45.148157909042396
1906,222.7116524522504
1907,231.6885958503462
1908,93.8018074823932
1909,208.264760678851
1910,140.8651647897044
1911,-19.094588366517115
1912,140.19114075243533
1913,170.1504354396273
1914,58.583211090535784
1915,105.72613279301595
1916,-63.28534719425973
1917,-46.272673947029645
1918,107.35649347623642
1919,-56.75804119684956
1920,137.1628394899361
1921,-17.330413942282846
1922,119.4158355170403
1923,130.72645928086243
1924,84.10879363140134
1925,126.87048750277533
1926,18.489565393274844
1927,187.8581132984474
1928,102.59626767983976
1929,108.91945138489847
1930,-34.89838029576781
1931,-36.368580975706664
1932,161.7865006692996
1933,90.59332362775159
1934,-119.66271852383997
1935,-59.487796301451624
1936,190.09474031941255
1937,-10.435135142033914
1938,96.35912035870172
1939,150.97189461548075
1940,151.8895302076539
1941,-51.307828812649376
1942,179.952999384912
1943,196.51043014087668
1944,183.46313135046347
1945,105.20928836158403
1946,178.67675164662143
1947,106.62175873466775
1948,204.0340231403256
1949,136.0846792675878
1950,147.31694331903412
1951,-47.10488335692446
1952,-18.83220305573596
1953,-10.091371639427493
1954,-285.868225385969
1955,195.99025955627224
1956,-77.96857167436367
1957,102.25913558264202
1958,125.81992743861434
1959,-33.38812263617132
1960,14.296860115146401
1961,136.32725816308715
1962,109.3561115345725
1963,192.76730325347376
1964,-46.99187576205774
1965,9.598993066147798
1966,215.5472507103348
1967,103.73289715760592
1968,-10.469227174617032
1969,-208.90564477975934
1970,-38.04148712259919
1971,-71.98113999798208
1972,-52.062279222061306
1973,84.4594688486018
1974,152.87582054893772
1975,206.84644502768853
1976,124.71055241515073
1977,-43.17165295202311
1978,87.39858825368174
1979,142.45950713330032
1980,216.64642258779764
1981,-64.19141949668897
1982,108.23852594820168
1983,-132.26252811904706
1984,146.49995526252076
1985,-72.28712646028319
1986,-26.70386909413689
1987,-31.203978287127086
1988,151.4099365186112
1989,133.77982817422952
1990,135.19769872660913
1991,-1.9563146510446217
1992,125.40040770701768
1993,162.32432176362852
1994,126.56639763484449
1995,117.88486697771957
1996,-0.7162612711065464
1997,-38.18503022593272
1998,-42.43826332740605
1999,-256.2692736870557
2000,-53.06347920287737
