1,-406.04450793122516
2,-138.20124819473335
3,-97.91248123831528
4,-135.59287388460453
5,-203.81192343577823
6,-273.7472881738243
7,-143.7205587522778
8,-229.17442734002117
9,-284.4122068777489
10,-163.38135315963848
11,-117.10715226144887
12,-89.5950038242491
13,-50.606199316970944
14,-60.2193901815639
15,-91.69189482933007
16,-86.34976564080634
17,-67.05272056096169
18,-210.49629931417874
19,-88.55083159476813
20,-193.58930741164943
21,-69.55070647688835
22,-63.23054952201831
23,-51.75381944842018
24,-284.3674786531094
25,-89.02882728707756
26,-93.68145768414928
27,-86.17573806731471
28,-143.2977972414253
29,-42.654135727845656
30,-69.7345052955497
31,-108.92871402512624
32,-239.39233768490703
33,-88.2837537055696
34,-65.25656342501418
35,-77.96751850424943
36,-131.88369050539916
37,-80.9179691788982
38,-42.066002436564524
39,-27.222573693456738
40,-62.13261390303569
41,-80.72035774853863
42,-82.60007547186098
43,-12.209672139498394
44,-86.8067309824805
45,-126.49380618468234
46,-234.4993036126503
47,-115.95864757454642
48,-88.05659251392375
49,-87.66606911976304
50,-104.67670717896677
51,-198.89911075133216
52,-16.79111296273321
53,-91.78205832597178
54,-118.6532616573576
55,-113.06485279963898
56,-209.09538567416735
57,-420.4691561375789
58,-40.229894561903436
59,-103.06632363447727
60,-69.59601829675263
61,-142.00942793474383
62,-376.45717328601773
63,-75.90736720457255
64,-85.81707160059744
65,-19.746512023176933
66,-95.55205450781135
67,-53.78989455645706
68,-89.66858257102547
69,-67.36860203452551
70,-114.76809396848962
71,-82.56078395300713
72,-220.9520572639476
73,-260.24664681131605
74,-96.2985993389709
75,-50.418318449285785
76,-124.91751338811692
77,-42.91417744800478
78,0.6258540141590174
79,-106.71423589337975
80,-65.03431185078915
81,-47.54481002556092
82,-173.68096086160398
83,-42.11290488250194
84,-64.42079619889515
85,-94.12067223789754
86,-83.91640117728389
87,-63.29241778019053
88,-77.29211551763045
89,-38.964742293901466
90,-132.42211777695726
91,-108.10111904991251
92,-106.87326891690196
93,-88.58796198132339
94,-101.75985837190781
95,-107.83215321799243
96,-67.11472205311041
97,-39.37884789599187
98,-84.01674941011709
99,-39.10560501126183
100,-67.46249639049688
101,-99.94067529105618
102,-215.02009668497388
103,-35.15801549401951
104,-51.028165777902686
105,-181.94405759702045
106,-82.58672011981903
107,-45.55929195690629
108,-126.36582982134223
109,-103.80658334559465
110,-54.207175243873934
111,-150.93072855233777
112,-237.74060751446538
113,-70.54930991443757
114,-39.348084427083194
115,-54.85867267702188
116,-65.68951595719254
117,-175.91159118312632
118,-110.33973307186923
119,-101.5551374562709
120,-208.57038863401237
121,-54.59539580868349
122,-47.17482956850658
123,-107.92374117973884
124,-82.25001964667405
125,-47.489446834545326
126,-41.23746167559617
127,-119.51477992512656
128,-40.1093104898314
129,-52.46882300366593
130,-50.20270409852719
131,-94.31028011826837
132,-51.786325590738976
133,-60.54657213128706
134,-78.88563638059573
135,-173.75397151756061
136,-16.23105723091109
137,-114.90516902591452
138,-83.31583215502418
139,-87.59225886368586
140,-106.94559519072672
141,-91.30728031627375
142,-103.73504615001437
143,-85.18185663390452
144,-48.50297005736172
145,-100.46423431507475
146,-83.23683166075145
147,-154.60987498385674
148,-60.82498190320317
149,-72.96753105890002
150,-17.459451282658804
151,-21.03441368997305
152,-115.2999398988888
153,-87.66168340601325
154,-60.04620553514778
155,-61.810871306729744
156,-59.65544641968693
157,-58.08587579149347
158,-66.76855461209082
159,-102.55951390648816
160,-57.60794558749166
161,-150.14450612303017
162,-60.23928204263717
163,-149.49865518477935
164,-88.99261877966575
165,-117.39420696780991
166,-25.749603806584616
167,-104.2195485780494
168,-93.01574164688253
169,-85.15938065225998
170,-16.59693164723791
171,-62.96989476423278
172,-154.7908927445078
173,-190.11325317343517
174,-33.88630139492531
175,-77.99987327569691
176,-105.08702452331062
177,-63.01629779040529
178,-247.07097452096787
179,-75.44578468660232
180,-106.72248660732633
181,-53.02648225808926
182,-99.93654272955746
183,-87.78974600211777
184,-29.90720052752235
185,-45.58417619230811
186,-89.23387480792415
187,-65.1025926268214
188,-90.10196194015619
189,-29.60792626237742
190,-107.43040812851314
191,-99.69461697041669
192,-101.02481631569927
193,-118.0254713854819
194,-89.71791942228613
195,-17.545281883319078
196,-64.95050459154757
197,-67.4129415226976
198,-98.94423745135012
199,-40.49719614051257
200,-2.306096541000585
201,-48.53638491855669
202,-113.85557132227574
203,-32.33808590768386
204,-48.45794010338652
205,-225.24952695521506
206,-7.964607999416913
207,-102.06618318914848
208,-43.423796654777426
209,-26.981533526407432
210,-79.58645770505579
211,-86.59195983376176
212,-6.284479238424808
213,-84.07077237781408
214,-115.16407034097782
215,-98.65907463090555
216,0.9322833243635955
217,-164.73968429968383
218,-90.58421024512538
219,-155.83232643745015
220,-88.47259382218249
221,-110.6270707716653
222,-34.58273424647072
223,-29.637553426055376
224,-27.106078905324708
225,-88.351640730658
226,-27.876161399825435
227,-74.28748189711871
228,-19.977348178596003
229,-23.00442980378203
230,-9.705774794518021
231,-82.74105245336128
232,-55.25456551676726
233,-157.86360458891673
234,-9.680931163827822
235,-105.25223315754731
236,-34.85882872938306
237,-103.64784225004834
238,-73.42465466538683
239,-123.84150909202668
240,-205.01029389450827
241,-67.07850125579539
242,-94.24825431236168
243,-67.9108480023234
244,-51.764432967061154
245,-46.66026934908797
246,-25.50956835932091
247,-37.240380223632314
248,15.123894921560321
249,-39.70504621957008
250,-71.76966780458164
251,-160.6234853587996
252,-23.764702406901463
253,-54.69163454858318
254,-75.79465370788233
255,-63.185118706751695
256,-52.079131040609944
257,-28.687284331264863
258,-293.6305261456186
259,-30.507871594528666
260,-74.11204316244721
261,-117.53772930867298
262,-151.18076094593619
263,-58.813581382340516
264,-90.89246526150336
265,-112.98568640970176
266,-25.35960534450915
267,-59.45192414143172
268,-239.94025465927893
269,-66.9504355974489
270,12.197223888613962
271,-67.00809644172239
272,-95.02906947545843
273,-89.77059538172135
274,-44.260149786513225
275,-96.74538546333594
276,-13.404365942094444
277,-74.73354062855667
278,-41.02728096274481
279,-169.82765603884434
280,-95.95837834922779
281,-82.94624826429133
282,-58.155078708139456
283,-40.06205298290365
284,-87.20614655413635
285,-76.85858323021591
286,-62.86628526577381
287,26.13110167821671
288,-76.30862692645026
289,-48.004689862957534
290,-50.0410956512854
291,-109.77984922686491
292,-44.53584202472135
293,-54.82283760426774
294,-45.73425874756171
295,27.997266436280142
296,-63.485775315785546
297,-23.457489241280456
298,-49.874535240928694
299,-25.240864824141596
300,-91.16225400657403
301,-102.44977851409247
302,-22.23479385673369
303,5.744749201829734
304,-104.74033249025979
305,-40.16269982280775
306,12.78303127230943
307,-49.11956967692601
308,-96.67381973994287
309,-46.70540783503712
310,-42.14284982301757
311,-75.28935527912353
312,-517.314796206359
313,-25.255565357800734
314,-133.87042550796713
315,-83.39986383723326
316,-18.960558809756535
317,-51.970917522919905
318,65.41044324190538
319,-88.43490316728052
320,-7.523939789621338
321,-119.45767030409459
322,-109.25416199200238
323,-43.47901377757903
324,-36.28304837685063
325,-76.16149223244221
326,-38.96703878180081
327,-76.76186440704657
328,-54.88368372701164
329,-25.808019092337062
330,-24.908798974345586
331,-38.43737708098348
332,-36.04033654607382
333,-102.98624304389587
334,-12.787884021392344
335,-120.5679593725162
336,-63.58292026992201
337,-22.413036542391254
338,-86.14726530881069
339,-94.23977041417425
340,-239.5607444738962
341,-34.17665877419674
342,-81.05362247883912
343,-97.2014743310851
344,-29.302792837633746
345,-91.93410780736417
346,-113.12056613420874
347,-119.23513641794511
348,-44.766974758809695
349,-57.07410453096735
350,-97.34169955666442
351,-75.34890455351203
352,-78.5812559089992
353,-151.62751780082488
354,-89.71379823844946
355,-42.88221200343247
356,-111.54619830953968
357,-25.750168573488637
358,-76.91448036907391
359,-45.815186714517736
360,-37.5814741112938
361,-118.36267394254608
362,-104.06453031967612
363,-0.6604030777127434
364,-42.56066112836331
365,-28.640303099459658
366,-43.39288284112374
367,80.1090679415468
368,-57.22997621931725
369,-16.113944912935892
370,-38.09383827551062
371,-61.34346465869538
372,-141.8992862956372
373,-94.96707704840298
374,-29.614247713421562
375,-30.68021331241897
376,-21.37491479031432
377,-92.22587226935397
378,-89.02278292084651
379,-4.016762100989723
380,-8.70366619576815
381,-55.35264040591903
382,-90.0723897247911
383,-83.26204541175284
384,-53.476996039131656
385,-19.15089087463322
386,-25.15844076737747
387,-218.79029308009765
388,91.3739291963925
389,-58.968619727885326
390,-110.9181950467245
391,-92.8340202681144
392,-9.151419388768502
393,-56.21553148798144
394,-75.21459139132664
395,-8.783811658930944
396,-46.83302168194879
397,-79.60779798566548
398,-108.32427840034023
399,9.028147828372383
400,-58.721876388607726
401,-26.851832240037183
402,1.597142607391774
403,-28.222106586298153
404,-22.008352727841967
405,-14.17840425920464
406,-66.62566958404281
407,-72.13590426263825
408,-47.095046541806155
409,-9.10448775785423
410,-81.50484812658542
411,-15.196095616966659
412,-44.02525534000678
413,-33.940328965644596
414,-7.056846690097956
415,-110.23205149901399
416,-47.23285793661478
417,3.1747816642577362
418,-113.64358512033614
419,59.039685663033104
420,-66.78511842687071
421,-34.962470960632345
422,-156.401943755322
423,31.31930451107243
424,-50.285614745430564
425,-139.38309654356308
426,-95.36693425602395
427,-60.77924774383487
428,-26.84514733027511
429,58.815674649219226
430,-54.08346288645474
431,-70.39811650561246
432,-38.76066867051224
433,-28.49058374719003
434,-14.063357985764682
435,-97.04296318281314
436,-73.12579274497622
437,-73.15144523592559
438,-79.46414575208671
439,-53.921837823816816
440,-178.9541401702956
441,-77.65076357935789
442,-97.32072522636093
443,-85.83236788973592
444,-48.49539332782015
445,-83.22300346196434
446,-34.90904996345553
447,-37.8653101774904
448,-98.42704811919388
449,-18.229524910947532
450,-40.61805992165572
451,-2.194375519118708
452,-38.737426664963905
453,-62.07993743728869
454,-63.30964230582869
455,-54.89701707918565
456,-67.72258249257716
457,-146.7301018137959
458,-38.364815357609416
459,-150.24172071324548
460,-101.82659321179035
461,-78.28462965475933
462,-80.9168168270025
463,-40.33001644683051
464,-13.183832771703408
465,-29.52242710088349
466,-56.11149394773244
467,-1.8962307512760503
468,112.90201319730043
469,-89.41307647554405
470,-40.339917726314454
471,-84.22196267648567
472,-7.406935319209964
473,20.210854223715288
474,-89.1388492020159
475,-32.465256888924415
476,-63.26289371292573
477,-57.95909068673677
478,-66.10710050461529
479,-82.63256178013336
480,28.36234617420007
481,-3.587055669294301
482,-109.38766435040574
483,5.8378021848343735
484,14.089318957091763
485,-37.44957230684142
486,-117.3918128591608
487,-43.709053942911225
488,10.333048629666706
489,-28.838383696956697
490,-73.81079498246619
491,-75.518840498959
492,-14.035552408293228
493,-98.63442132793719
494,-9.370921624332482
495,-101.99883721967143
496,-75.04859442675013
497,-52.228887888049016
498,-52.051378655270504
499,86.2814337217675
500,-10.697101491487643
501,-36.3878084234898
502,-33.203257971672585
503,-28.439404457132625
504,-92.50852415725709
505,-51.399739104879046
506,-143.00261387862045
507,-156.76206919552504
508,-48.311193463694536
509,36.56469576501556
510,-103.2051291505415
511,-85.53017646263821
512,3.0537936283010367
513,-57.346774571649284
514,-63.68106183104426
515,9.123996006100228
516,16.143506618824148
517,-40.99686215179773
518,-34.04845522849881
519,-27.35861647055897
520,-8.996891647895723
521,-69.8189377710651
522,-56.152162325735574
523,108.6229261596936
524,-41.591001733444955
525,-51.051320721153814
526,-55.005815357283325
527,-18.136959790680976
528,-31.816708940418522
529,-54.85699924452392
530,16.180913857739895
531,-90.75785536236272
532,-40.7925749673524
533,-72.41334505137262
534,-0.8080134836457802
535,8.002971049089723
536,25.180910224800783
537,-29.88392286683738
538,34.61353533115772
539,-100.8485215308918
540,-382.56468557111265
541,-63.078705230018954
542,-50.417548438374325
543,6.913919484116235
544,-82.90115314537688
545,-117.0924185259619
546,-139.76244806802896
547,-43.92358117841418
548,-91.06621073529988
549,-66.85247508558831
550,-138.54079413222277
551,-0.026243264107250752
552,19.50908668183868
553,103.14079661962305
554,-76.7610821564943
555,-15.493117222471682
556,-87.04029218873556
557,-47.7574682034203
558,-85.47875478117687
559,-80.34400443187046
560,-80.98763651740654
561,1.3244073550904147
562,-2.0307318181299365
563,-29.038899475656706
564,-1.753001917635089
565,-94.43822297717811
566,-62.88130133356468
567,-59.1984232964217
568,21.43833025326701
569,-141.82601745232944
570,-48.633050000189385
571,-62.87680286087085
572,0.41280905980612204
573,-49.494489822227465
574,50.42701388349249
575,135.69959392993005
576,-86.0212170956539
577,18.230291596602115
578,-62.289970980781874
579,-109.34741837582234
580,66.80282945060557
581,-306.9168444895763
582,-29.59996622557088
583,-32.760943850943974
584,-49.61394979830739
585,-69.03223427634803
586,-129.62919899602161
587,-45.669702381927266
588,-11.127619558288742
589,-122.79957933880097
590,-27.870124317469546
591,100.76100635617053
592,-40.92958330939457
593,-62.202969817592006
594,-13.704259022840972
595,127.0211321764157
596,-56.99377572177774
597,-87.50402538029819
598,-43.59071380443605
599,-70.93773900111671
600,-49.8558865087947
601,-93.55627663914676
602,-144.51389575934394
603,-137.4302329282606
604,-69.48909500276591
605,-96.1431772934715
606,-127.91346512262191
607,-41.45239595951358
608,-69.06619825956741
609,-79.8430508042054
610,4.599534701866432
611,-244.70321475282955
612,-18.269302882164595
613,-19.621337419779152
614,-89.31999669617399
615,-124.60564139032151
616,24.04664827057458
617,-155.47348529543348
618,-87.94536744008099
619,-96.99835795612687
620,26.464617673624403
621,-120.5910158944549
622,-36.84340769621741
623,-118.85201253718628
624,-33.38595829510375
625,-50.65005569387033
626,-47.58831089215779
627,-71.24510406901659
628,-51.20537680403061
629,-95.593692268716
630,-75.85178020306246
631,5.5589086809002595
632,-53.03562889050747
633,-81.56538388897219
634,-62.17168754544396
635,-67.38849217616996
636,-74.27264881009319
637,-43.89801259954177
638,-221.79943583778092
639,6.430757447846787
640,-90.50777240024125
641,14.330050458935759
642,-42.15044001479188
643,-128.18055017767534
644,-64.28532921624229
645,-75.92670709683246
646,-70.90347756334815
647,-1.009565080011697
648,-50.1878390174264
649,-67.01799294324492
650,-77.4039115460672
651,-28.458640331166578
652,-57.04694899388842
653,-8.025252882885908
654,-19.031713219653682
655,-69.44168196018667
656,-81.38850897519787
657,134.49796492205206
658,-68.6977296710428
659,-78.20775599871996
660,-79.5638593648053
661,-71.40974501614002
662,-22.57456246659008
663,137.58098200456078
664,-99.47200830699676
665,-65.20915432976224
666,-52.15953969887802
667,45.493028509938405
668,-44.0812397574888
669,-155.30511701837546
670,-110.54009880237625
671,-51.85914768992052
672,19.210119442234415
673,-85.54757983830882
674,-0.2561594882273823
675,-48.97906864206297
676,0.17042892855204173
677,-59.733918475429874
678,-62.27138598236844
679,-18.289522831740598
680,-98.62476600476997
681,-17.50572890545574
682,-26.192669974637383
683,-49.894366460485884
684,-67.5035130857741
685,96.68386249481131
686,-111.54931730707587
687,-1.3426643068357862
688,-39.57629160725239
689,-91.87430284246207
690,-84.85031356048584
691,-74.16442565787399
692,-44.80200724474451
693,-123.18979978287773
694,-150.26808431158878
695,-224.3194608538456
696,-54.078227663904116
697,-50.226172053387046
698,-49.07829381954703
699,-35.13238883262848
700,-195.27926035003009
701,-87.0744483857936
702,-32.23410197076933
703,-17.919018665816694
704,-42.84512183478314
705,-66.5630499252878
706,-42.80968954530002
707,-55.626340041327
708,-128.2078441108727
709,-45.406707538953995
710,-30.120254759909614
711,-44.52424310034347
712,-75.35053635805912
713,-12.85989120518498
714,-75.42329462196835
715,-87.50645189317589
716,-20.12279125306685
717,-69.61262618321373
718,-44.15467246535776
719,-210.48709520531958
720,-56.85627215874625
721,67.87301788073658
722,66.64806751147626
723,160.65334953090667
724,-63.17523607299897
725,-111.5568766196952
726,-94.54458624993387
727,-9.966009433862283
728,-15.549154580572306
729,111.22277380152015
730,-5.962490229621963
731,-17.97037343029588
732,-60.475138722862965
733,168.99906449486105
734,-87.08250807771807
735,12.016942567424167
736,-64.97819760440588
737,-8.922228782779484
738,-23.745623213925626
739,-51.67046801477586
740,38.74009840457333
741,-5.504666847363353
742,-284.36329150830863
743,89.91432370924265
744,-97.87899559994956
745,-13.295214726066774
746,-54.81532113668699
747,-205.71687424994167
748,-30.841462887914588
749,-21.140618457281477
750,-105.6195672454126
751,146.82325788590828
752,-129.9180303736879
753,80.00440562572894
754,-61.143328562656244
755,-27.597058726304795
756,-44.305341812498206
757,4.092891058941632
758,-95.08465302494676
759,-67.15845137566834
760,-83.28261325679898
761,151.0916809650762
762,107.83478827310716
763,-3.427344073681141
764,96.21010620145195
765,-43.14038269140477
766,-6.891665275096599
767,-7.230456609323639
768,-113.05247103872283
769,-37.64388588837879
770,-180.19308064776448
771,-71.30815179949778
772,-202.71978627458446
773,-89.66800898950514
774,-70.10130056035922
775,-80.07329528045142
776,-15.7759242720104
777,60.16928160389024
778,-112.43212470306617
779,-29.446259795244785
780,-32.91865654769002
781,-66.94647255853356
782,45.84349629229186
783,106.83199455743333
784,-52.521886547253644
785,-6.340340345707858
786,-17.719458003619238
787,-120.0894289689584
788,-38.252008535183165
789,-33.56182149574741
790,-29.366975930136064
791,-12.02478087256928
792,-84.05771496273651
793,-55.76841705898413
794,-80.82182414819333
795,-44.33744393568753
796,-32.05124834496219
797,-162.9394916507942
798,-69.79671061226227
799,-137.94433605673606
800,-152.8457429149329
801,-135.844074564389
802,-26.097684767296343
803,-64.65829653912589
804,117.31018277797885
805,-52.05261594999317
806,-54.57698026002181
807,-116.40660312974089
808,-39.41687151680641
809,-30.047111787555863
810,-16.966903991125122
811,-38.994357913930656
812,123.86793932050593
813,2.8842513615231837
814,-103.03832355710998
815,-5.6367344041266705
816,96.30271401795898
817,-122.40362631489222
818,-122.49359680269484
819,5.727102727970248
820,-78.23271417916621
821,15.464327856157084
822,-34.806961181484894
823,-40.13679707402079
824,-9.237053626369146
825,-220.94151943104177
826,-5.665748468363077
827,216.23670182203705
828,-32.0515655441107
829,-133.7853872271496
830,-103.96479444450284
831,3.160837521701808
832,-80.02066434226171
833,-6.715993216214088
834,-90.04797783503324
835,-61.11270512344211
836,-50.816023147034045
837,-108.67946756099757
838,-142.61526525351127
839,-76.71630089508207
840,-88.34597843885575
841,-42.054928393980646
842,-8.849498235798947
843,2.6914087048641733
844,-57.72393260609839
845,-2.5537572093279977
846,-105.7020143440667
847,-54.05711177497044
848,-27.00713355420116
849,-46.64241915949521
850,-88.75411827115815
851,-21.151949359291137
852,-60.48052467542115
853,-21.686599974236387
854,-119.5426885728774
855,-5.48855214536421
856,-49.981385706032285
857,-88.45492992444
858,-34.46619102008994
859,-61.599362845537335
860,-86.32216023333581
861,6.286096902884353
862,-51.627740952734925
863,-39.74847707771511
864,-118.74904392577773
865,-93.7116026874
866,-62.54398776494429
867,-57.189802657808926
868,-88.03092773855784
869,-42.92238963947169
870,-131.95676304715334
871,-81.13251893304013
872,36.97144382261866
873,-143.92978133250259
874,-67.72007171439903
875,-58.023752254975335
876,12.353407053372166
877,-91.07162625540684
878,-185.50136833883155
879,-4.301173669634522
880,-81.3831739602944
881,-173.33026777845555
882,0.028086468363639483
883,-100.71003298968844
884,106.05782704651259
885,-106.93651906603058
886,-94.75578361106817
887,-122.68716314629692
888,-24.96597593264606
889,-93.38159399838871
890,94.30053630866371
891,-187.3559882731936
892,-62.70095367594783
893,-143.9227072664907
894,-116.66648745357412
895,-58.770303942292415
896,-16.520993330771176
897,140.8873098550754
898,2.5007845222572485
899,-32.11850765721499
900,-68.53516008591112
901,-71.08525116892281
902,-136.3674100388356
903,225.76421788488517
904,-67.85181314711022
905,-48.69414633984695
906,238.32759631825306
907,-57.604994484709835
908,-27.71992317025807
909,-63.27213126958543
910,60.116317180126366
911,-78.27782106351245
912,1.503368865412881
913,-111.88363957483382
914,-139.46134284861307
915,-10.693846456522422
916,-85.44986281781715
917,-116.10834055584525
918,-50.8149003490359
919,-44.3203883353174
920,-322.7626390007257
921,-93.7268133255569
922,-48.70937755888305
923,-58.73081501285289
924,-121.38739532648698
925,-26.70890591727651
926,-50.25628287355758
927,-62.954367592363546
928,-63.07698322189158
929,-7.986148953441713
930,-72.02844339087234
931,-57.316475913901435
932,186.27170487932136
933,-103.95207871888859
934,131.81995221486915
935,-17.707059294697558
936,-74.1082669500048
937,127.61063037039989
938,19.138454802290298
939,-58.0846666796421
940,-85.84419097798738
941,-24.979452187286583
942,-62.56180675581737
943,-217.12867127862324
944,-21.471674416081413
945,-50.024650202024695
946,-105.4807615933251
947,-100.6556144975704
948,-1.7385369369078632
949,-6.9028890601082225
950,13.484812719608016
951,-57.92168419861828
952,-61.260932924681214
953,74.7993943870436
954,184.95336947521068
955,134.91474979023957
956,219.50201304017884
957,-79.27580865248028
958,8.290826813425028
959,-16.674315007846445
960,-78.33788616460974
961,-105.24903988590188
962,-41.74474913889992
963,-29.238054082796523
964,-25.33452523982298
965,197.6167249099372
966,-2.6073184844391193
967,-80.2452241664989
968,-25.11708503438483
969,133.16162761554475
970,-12.094976953082579
971,129.52912353539438
972,107.00165329287194
973,-111.42471141921816
974,-114.91995187923504
975,-88.1137467964943
976,-42.89605726515339
977,-210.32985808869307
978,76.90323531097874
979,-9.562915744006034
980,-62.16432831424672
981,-54.49480233641207
982,-112.20973987792738
983,131.72577398072264
984,-58.38482941236663
985,-239.94860659638556
986,-125.97402709391937
987,-3.974713316581216
988,-30.74101301754581
989,130.5892260637961
990,-87.6323303090198
991,116.31448230399953
992,-114.02879276894902
993,-94.36884208540532
994,11.182806974239227
995,-26.05485924780926
996,-36.64473433722287
997,-132.43315202049155
998,175.26319051175096
999,261.96919515303614
1000,-56.67680947905514
1001,102.34952321450804
1002,-55.89632142242466
1003,2.1697998461134347
1004,280.02982793747844
1005,22.79159531746535
1006,8.068566494775396
1007,-77.0882497201694
1008,-63.54741143804549
1009,-33.930386236645745
1010,-43.68302470707194
1011,-85.67172715722326
1012,-79.78307661472455
1013,223.79714734022684
1014,136.24608158826504
1015,-33.424803162384364
1016,-106.33350277715091
1017,-76.565436185746
1018,-8.971323055366867
1019,14.036360956230553
1020,115.04660461941805
1021,128.5978022886287
1022,39.939990377485174
1023,-52.83704253632045
1024,-45.22896721123245
1025,-47.7133480508234
1026,-33.08479136257459
1027,-40.35332676364409
1028,-96.27688890798673
1029,-1.000102684695861
1030,-26.386354271661617
1031,-112.5267886555529
1032,-94.34041026193294
1033,-31.572200946814064
1034,271.30182586250925
1035,-1.219239653016544
1036,-65.60345093552517
1037,128.57304584038403
1038,-6.833122059225161
1039,-70.08844742580843
1040,10.683744561962584
1041,-92.455600229643
1042,-15.66230134837204
1043,-28.478356785509703
1044,-185.25135904466023
1045,-63.076835100332616
1046,-84.60879230799675
1047,131.5029290819258
1048,-135.2565402803503
1049,-108.37602320905211
1050,-102.71119242362225
1051,-112.02672911465694
1052,-116.40217725266737
1053,-39.8883964179404
1054,-37.143678863246095
1055,-35.39639984510261
1056,-105.9078240750015
1057,-33.87998132398131
1058,-22.11240455590476
1059,-102.99556716875372
1060,-170.73958133628557
1061,-1.0494431083442635
1062,118.65221041253639
1063,-81.40869943086341
1064,226.39366062091756
1065,-46.12555882261649
1066,194.0914044999389
1067,-158.89301202013314
1068,-79.48077934661413
1069,-60.25880309413182
1070,-18.17404309586304
1071,14.434544085830481
1072,146.16312457637133
1073,-56.81566817104027
1074,-96.46020767076993
1075,-122.14280984732773
1076,127.21250104227512
1077,-33.5689094083197
1078,177.58672124282185
1079,-88.95362067618059
1080,-59.199429287752295
1081,-137.83390281849594
1082,255.48605397699728
1083,138.76887380613368
1084,-154.72891990390366
1085,-159.95240611128068
1086,60.576932446182866
1087,-75.63379570514233
1088,-133.89939820009766
1089,-39.630061785767225
1090,102.30445254005535
1091,0.2905725134860546
1092,-268.4039648560274
1093,-81.991742281728
1094,-95.69941016859076
1095,-105.49434556036434
1096,-81.45427403540481
1097,-78.13218946476391
1098,-80.74721685136244
1099,-99.54437737419804
1100,-68.7741772503812
1101,-91.15151350822063
1102,20.69867432063775
1103,-9.81143236672007
1104,233.2807866123245
1105,9.32022095194499
1106,-117.67954584694093
1107,-160.0514030951383
1108,-81.23620976731372
1109,8.344776358706795
1110,172.0615865451785
1111,109.57220425697817
1112,-67.49383821537894
1113,-100.59596286672259
1114,-22.54420117611764
1115,27.23714365897453
1116,-165.51311953224572
1117,-85.0811072195282
1118,-180.56938042808227
1119,-103.87191143990461
1120,-115.05852030955083
1121,-244.1581888260282
1122,241.09584127989586
1123,-265.24335086786425
1124,156.3106060049277
1125,-5.5084385335924395
1126,-108.18503129591015
1127,-33.376375304071715
1128,-29.777788785039306
1129,-38.08001560469012
1130,193.41597641253426
1131,-3.235932131097414
1132,-23.90154630267989
1133,-88.531884280664
1134,104.75349312089025
1135,-3.5976162669249447
1136,-107.98486696862571
1137,-79.13465419866861
1138,126.84501192353996
1139,-3.974570610603479
1140,-61.484769726139724
1141,-66.4945428041326
1142,167.00872872770728
1143,-67.63976606752061
1144,32.542452021996894
1145,-19.18260505919183
1146,-41.404996630120436
1147,-56.20466378017811
1148,-69.74103408529686
1149,32.13235898535049
1150,-52.890345055709034
1151,88.09892182459545
1152,-112.60830051789331
1153,-37.62498269266748
1154,-100.09677494070613
1155,-44.56833222048198
1156,-38.9749807365972
1157,222.5243907677261
1158,-53.97186508164306
1159,-1.3124110821686088
1160,99.65733389200469
1161,6.787838953153866
1162,-55.935771113561984
1163,-166.06514770601592
1164,-103.63811853895214
1165,14.090389372714071
1166,101.56764553252208
1167,159.21454541795995
1168,100.345660616085
1169,-98.58840752285221
1170,-13.795388193219082
1171,15.34859560812383
1172,3.45009253603439
1173,-46.52111776107468
1174,-108.69868941681158
1175,149.35701807631108
1176,-6.5682461232779445
1177,15.302877142170914
1178,-86.24490017539111
1179,-108.38655643626763
1180,189.03921364269922
1181,-39.52756626559875
1182,103.3734159990761
1183,-37.45294170080935
1184,-61.137346604079355
1185,206.43013632266775
1186,-31.447855572429063
1187,12.697188663945383
1188,203.63839631101158
1189,-46.49970029844414
1190,-10.178530370855952
1191,-47.94734582775249
1192,151.81056446699873
1193,131.21861152271796
1194,12.488140193272443
1195,315.3682367370145
1196,-8.528891504709023
1197,-91.87583211597436
1198,-38.03067495344327
1199,-54.01332019837909
1200,-5.761049121321719
1201,-55.66095523398357
1202,-3.3835351919131824
1203,-40.34463047298135
1204,-20.7549382033759
1205,-242.44723889467755
1206,-6.428967711593231
1207,-42.927003861614686
1208,-39.84152993462823
1209,-70.9023628367188
1210,241.63702237532368
1211,173.42185797889474
1212,-17.82997907251699
1213,-2.290131399683645
1214,24.746840101342002
1215,-17.189482294881614
1216,-24.168396390100924
1217,130.70372419801328
1218,-249.3754934306647
1219,-14.325081875187522
1220,121.64180685499092
1221,-20.864855659852594
1222,212.29856943377317
1223,-57.14474122979964
1224,95.83849192790368
1225,-23.56761662879464
1226,106.20250279035336
1227,-1.1306769381470616
1228,-164.08206891735054
1229,7.139745097931836
1230,-42.7067050874592
1231,-7.310542141581095
1232,-129.12552993142623
1233,-35.71969700593381
1234,-11.903365885405591
1235,205.17649979696301
1236,-13.71470802390995
1237,-54.813569901129284
1238,147.0695813191141
1239,190.00922213660095
1240,-7.8807875652579185
1241,-2.5023336891392916
1242,200.23738801083687
1243,-50.91630756770038
1244,3.5575029182277547
1245,15.49795177687551
1246,96.5831413812692
1247,158.67130854636764
1248,24.946586392454577
1249,5.315650103374196
1250,-166.166236944079
1251,-21.40365087925342
1252,124.44645460525798
1253,-2.861739195576419
1254,-19.48681334116229
1255,172.78697640584608
1256,-124.82151575041553
1257,-7.3459258546676125
1258,98.51407830966575
1259,-30.6220129798634
1260,188.7966329422921
1261,18.665334388016234
1262,70.9500978912701
1263,276.2658421697406
1264,-40.02558737511292
1265,-27.63770413084454
1266,253.32659030886998
1267,-3.2191319790291004
1268,15.574076438724973
1269,-105.0222044689668
1270,11.585213778441613
1271,140.84036548056653
1272,13.032715681183603
1273,75.56423378554912
1274,5.966170520571509
1275,26.68909725910521
1276,30.492017609261154
1277,-209.26112443522442
1278,-183.86687410648824
1279,56.501093583289176
1280,-166.7494287130727
1281,-86.96888129187167
1282,-3.1221641182888646
1283,-17.19703673794561
1284,105.42954281310412
1285,205.54195392776256
1286,117.87019387224177
1287,221.13195654029198
1288,-19.991773035733033
1289,198.28795704865325
1290,141.59895040085848
1291,-31.3104438045996
1292,9.049014821541007
1293,107.97320996806334
1294,-39.32658962789198
1295,125.69080132056426
1296,-33.78126198221307
1297,-163.60959769930128
1298,262.6040960791406
1299,112.3542145430765
1300,-18.062461807915525
1301,-111.52026779040571
1302,0.009447440309045874
1303,107.33720977721464
1304,-61.107421272347466
1305,-61.88873399606469
1306,31.011301949638806
1307,-10.893714093507967
1308,197.40945978445365
1309,12.291798028887115
1310,-4.814550434937445
1311,242.18536195835708
1312,-44.02894072575312
1313,185.04079046387238
1314,96.8859360241753
1315,11.998574833272414
1316,-204.48649059404966
1317,-4.673681569508744
1318,-188.3466484633724
1319,-3.44302328628757
1320,23.540156987784087
1321,207.05274247576824
1322,-61.671986216323376
1323,-8.463043425594464
1324,-73.48962634290687
1325,38.276769336799845
1326,98.6747314907537
1327,-24.780325748716038
1328,-34.55648992669771
1329,-27.348929516698362
1330,-60.76989298162042
1331,-39.38022441895416
1332,-1.6101819023159862
1333,-69.17348029654687
1334,91.40307118944958
1335,-129.56373770786004
1336,-12.00941890310284
1337,-48.52347853717805
1338,-11.967140966315228
1339,-25.022492329486482
1340,-46.71102843176659
1341,-38.75413492673128
1342,-86.6123129659195
1343,105.89771380110011
1344,115.59985355131406
1345,-144.89957599513133
1346,67.28179400928546
1347,161.00606046298236
1348,145.97829441164205
1349,-10.753698796983485
1350,261.6862282031167
1351,257.23532884066867
1352,-16.014727744088972
1353,-57.95460630899642
1354,76.30784403828072
1355,-65.3281395553438
1356,-36.71859897168319
1357,-53.16202538523447
1358,-101.3717982656284
1359,-50.50470016659801
1360,-52.659894847855185
1361,147.9900699466114
1362,-1.2369804171763832
1363,-96.93379797452548
1364,90.62360024424078
1365,-41.60546254839494
1366,-41.487542528930845
1367,-2.9488723383440174
1368,-13.321438200656686
1369,-28.923210990119387
1370,261.6120177521117
1371,-22.13175157743831
1372,-36.96721925443486
1373,-51.93523651157348
1374,-24.55068996267687
1375,-69.69034403496674
1376,-65.53039104468206
1377,-21.674039476731096
1378,-56.632367524387035
1379,-1.593135948326747
1380,-39.29614659512096
1381,-27.909220334042118
1382,-33.21968710132403
1383,-54.78103246911954
1384,-26.705058965788623
1385,-4.644324474237834
1386,114.07655429469294
1387,-30.092223087198747
1388,-57.195099126441846
1389,7.918941397157667
1390,232.44096973185748
1391,-7.63911820477081
1392,-17.21708580548254
1393,-8.942015783652494
1394,-27.609142759902213
1395,109.84535221817129
1396,-13.875168586375935
1397,190.73304497204103
1398,-26.56514664564756
1399,246.34737198179798
1400,33.93840281856242
1401,111.14158448478244
1402,-4.524421599556334
1403,202.15734338041577
1404,-179.4255877206182
1405,-70.10751773761535
1406,-78.28414663845534
1407,-37.1605744870662
1408,16.45034377893333
1409,210.3432608904336
1410,107.36276846819422
1411,-10.081658988547773
1412,203.91230216801145
1413,129.88892295777958
1414,259.84117821625324
1415,133.39532732222918
1416,-2.258072459197166
1417,-68.69181192845753
1418,228.59123751775766
1419,77.11433942611656
1420,246.8754688691128
1421,-27.528660187178474
1422,-45.53111753634357
1423,145.63812424806935
1424,-14.057129695573664
1425,-50.821260121647164
1426,-48.191623028859155
1427,-19.961814136849753
1428,-32.167753791801275
1429,-109.23653808517842
1430,-21.229349898919736
1431,-20.54613796546238
1432,-22.259230086300207
1433,-58.22314136732821
1434,-39.42168817145199
1435,45.37418747431809
1436,157.32941839954916
1437,265.29256964330233
1438,184.6933987917077
1439,-54.71564078990883
1440,137.9187546580994
1441,21.071341989180596
1442,-88.88762449223475
1443,-17.27221962488659
1444,-51.561978465092494
1445,-46.66552681945963
1446,222.30063204138145
1447,-59.375708028502885
1448,-41.82138779731055
1449,-43.19756734813049
1450,20.03171030637644
1451,-88.31965115703927
1452,249.44003723993396
1453,-26.237635712801477
1454,210.34328384732595
1455,-30.381026426783194
1456,-77.90194941720017
1457,138.9414157012976
1458,94.92072249986418
1459,242.62884378167809
1460,-34.24499400611974
1461,-94.554526573487
1462,91.20383457855966
1463,-6.67122760766064
1464,2.4221734420390533
1465,254.14122682449374
1466,-13.48575499261635
1467,-38.7426043972947
1468,154.62464264730926
1469,-175.9719126124571
1470,-12.69738476433578
1471,-38.858636456438596
1472,-71.51488427800717
1473,164.1014368074068
1474,192.66141545416903
1475,-262.7886519460377
1476,150.58908516748824
1477,-67.81252029256538
1478,-45.83338692781291
1479,-13.213160725470871
1480,105.02507604838647
1481,-25.356474596397334
1482,-62.99259542777787
1483,-126.08423617651269
1484,154.19549476367976
1485,236.29628189229692
1486,222.4211270942099
1487,0.6345966228240627
1488,-19.593078028480505
1489,66.14341708595398
1490,-16.521957107073078
1491,206.31950498852558
1492,-43.59407767871342
1493,16.19488839457985
1494,-22.419571952196165
1495,-98.3901031834079
1496,-60.86376957043443
1497,-2.0981084447086005
1498,132.48286025992317
1499,-43.80988921111434
1500,78.47636807769493
1501,-124.97354716633905
1502,-38.05290185709232
1503,-27.627034757417647
1504,195.5676779694466
1505,225.62919769447623
1506,-42.41936742407593
1507,-178.54072393562893
1508,-30.719592019556572
1509,-7.841068750266317
1510,-234.0070721957576
1511,-15.275714680421729
1512,226.0438605678975
1513,216.759966186455
1514,88.74755893972866
1515,-25.399829021994407
1516,111.53967231149659
1517,-52.69129351103542
1518,-28.314005357481037
1519,233.94724829736728
1520,-20.10028338761228
1521,-325.1159634911943
1522,0.15429023137711795
1523,217.54378784423696
1524,-191.56341150942126
1525,-34.5779346802949
1526,-88.4622080657433
1527,208.41722697239754
1528,260.8160436331401
1529,196.98763013966612
1530,220.1120856844818
1531,212.48251022457436
1532,-48.69792023762534
1533,-56.5213751210557
1534,-3.7292001606897003
1535,211.61243200045564
1536,-47.49108091141409
1537,200.12075059076616
1538,-60.446307286531294
1539,19.151649188946607
1540,-62.83484245439147
1541,-22.470946773589077
1542,-12.208483864289676
1543,39.02517688019313
1544,-50.8438858092306
1545,-26.672871639811106
1546,-25.919755719005593
1547,-70.22181161994604
1548,-6.488455010233778
1549,190.56985355916981
1550,3.2351807746215826
1551,173.29112713036983
1552,-26.399906761843354
1553,-29.483001314118994
1554,-46.888884929398515
1555,-39.25765067258979
1556,-0.7813430758239548
1557,-81.29618841363327
1558,-45.05694164946806
1559,113.54753014056723
1560,-43.192891902104826
1561,-25.49852842716352
1562,-27.645620699724986
1563,3.385371299689865
1564,-44.45692570729531
1565,106.97979105164815
1566,-4.443780007980735
1567,-2.299515541869667
1568,-69.82375321515406
1569,-16.531570025922292
1570,-77.25127647700747
1571,138.96443549852955
1572,-37.58572056146842
1573,-65.0028264819018
1574,122.30822727714155
1575,-1.8965822380495894
1576,-6.002249045604074
1577,-15.002650064274931
1578,13.516346017986294
1579,-44.545017558455854
1580,137.0539351925828
1581,185.91427140516544
1582,-41.81236068622232
1583,-18.712334351105824
1584,-333.2670955790637
1585,169.70579756173598
1586,-40.40296383318979
1587,-57.93595259701944
1588,-28.70107274050453
1589,92.48033717166949
1590,-64.28236654936231
1591,101.17403652391715
1592,-28.28410608798538
1593,215.5193165248649
1594,-175.3756150357001
1595,-29.45754377628907
1596,20.544749875042655
1597,17.814853672668022
1598,220.1175781978299
1599,173.31763320672962
1600,145.91983942050837
1601,138.81761857859755
1602,91.49007572986818
1603,-17.27447717553423
1604,91.29953073693206
1605,-55.127946938937356
1606,48.97106966944399
1607,-26.19228933697117
1608,122.62447586745002
1609,199.23207446472904
1610,-85.15382043091586
1611,-13.233634157769274
1612,-19.58566995874277
1613,-85.89276741773125
1614,88.63935426274854
1615,102.43952664427357
1616,-32.96379182067608
1617,-14.068468031955234
1618,-42.59065605320538
1619,-40.71440575135166
1620,109.94694792535049
1621,11.933209000101186
1622,186.78648221854263
1623,-31.277945173478997
1624,-185.55933533888003
1625,116.65751773971708
1626,-32.105520153909254
1627,225.5118295734379
1628,265.8294578689714
1629,206.47112427570448
1630,194.70839982607174
1631,-66.24984958484384
1632,-22.05710192993631
1633,-40.13500819389601
1634,-12.256034516391352
1635,267.1983566462728
1636,-84.80947402001962
1637,2.543291408439231
1638,-168.15263606397565
1639,-27.211504017216953
1640,219.18054479236406
1641,10.624611181101685
1642,169.27862516537456
1643,-39.26225062713387
1644,-4.286960800529272
1645,-15.0808625203925
1646,-11.126329370817913
1647,-6.203341965864098
1648,257.9732684158694
1649,-39.557515277975995
1650,-64.60887071062925
1651,-82.86815825287347
1652,237.41309032766134
1653,204.97716499254088
1654,152.7887077569896
1655,160.0514921371712
1656,30.88909976410656
1657,149.1392307142325
1658,7.472959515457674
1659,-28.723277663062333
1660,-116.8756174060677
1661,-9.167403595670933
1662,-37.16257364169056
1663,-56.51019624585186
1664,110.45890236744115
1665,97.0780225713179
1666,-193.32686617215282
1667,-41.34424072661382
1668,147.2856385022427
1669,-11.196501466126051
1670,-40.32011124311991
1671,172.955896723759
1672,223.83914693964712
1673,-60.95576876233467
1674,-17.95054796957554
1675,212.0556831019332
1676,-20.05890821315758
1677,106.43466750797535
1678,-42.437282775899575
1679,193.29743547059388
1680,258.19384142277886
1681,127.86983366297187
1682,-25.356782359575405
1683,72.89452966305369
1684,87.2841591545438
1685,172.59754218765633
1686,-259.3826828060254
1687,-54.85766890036338
1688,6.937411600942966
1689,-19.26183111833285
1690,0.8527244032750758
1691,-57.78693199968062
1692,-50.97362680865909
1693,30.85320320321466
1694,-54.511214695120486
1695,-5.254242352732319
1696,-5.201115853638058
1697,95.71409688742192
1698,205.2206161974097
1699,144.1226305168013
1700,-17.479613076194582
1701,225.59888927743333
1702,0.4233283550354514
1703,-47.55810187991057
1704,171.71956272369198
1705,-41.05031162854412
1706,79.80339192360658
1707,11.421929254166642
1708,-17.501577241152816
1709,109.01554210997648
1710,10.484636172610209
1711,85.21434467482587
1712,-38.39679814066301
1713,-13.77968423519971
1714,195.41200899020458
1715,120.63512247811397
1716,-17.287535821106914
1717,0.4591925952481688
1718,-21.816964812732493
1719,286.75755450472275
1720,148.8909576069913
1721,-26.868853332469357
1722,209.8702689639711
1723,-17.039584798738304
1724,8.635947783957903
1725,98.19841368560985
1726,258.1562778287441
1727,-35.27547795529631
1728,270.1751984177271
1729,-108.79168119240192
1730,220.659536751725
1731,233.50302097462347
1732,-41.23833659483583
1733,-8.932319078677864
1734,-22.575957361977572
1735,-18.472248480458305
1736,-173.8166304471286
1737,159.10051005285445
1738,-29.376065581269486
1739,-34.67158741795147
1740,-49.00493836086774
1741,-50.025292100429695
1742,149.11201925179898
1743,-4.997110616672529
1744,84.8071307158787
1745,4.857867526942314
1746,32.040183144440306
1747,-30.900271595890175
1748,13.444048430209051
1749,-10.287096836043176
1750,21.493292581375755
1751,177.11036596787284
1752,-36.0200498380393
1753,238.25192631459777
1754,246.24022964072591
1755,-18.86393109064383
1756,-78.91213902433697
1757,-123.45745688967239
1758,-42.23953522419595
1759,12.644669944558174
1760,235.08276457501316
1761,-22.336498193531355
1762,-20.848242881347986
1763,-37.30522481922978
1764,-41.897487855797934
1765,218.53145549602954
1766,-202.24962961741036
1767,204.94326206545543
1768,104.91740366299537
1769,-46.01744680921726
1770,-2.105293155320794
1771,-15.814990508458848
1772,-47.41809464894139
1773,-75.80827106703867
1774,-3.783950906982753
1775,218.3531549329487
1776,-11.269383401175176
1777,203.48694249952848
1778,-34.84569955586656
1779,261.04310094025004
1780,203.96492355992686
1781,-40.838831243694656
1782,-20.758845218231116
1783,-8.250616871718265
1784,88.03461284555834
1785,50.03626812413134
1786,-39.41451450759831
1787,-33.71302544870777
1788,26.6715865910367
1789,264.8506966878499
1790,18.45502185666561
1791,155.27220710995556
1792,-15.994305809300386
1793,-64.43696873900635
1794,-8.81957631089739
1795,-112.02149798089084
1796,257.3832590934628
1797,-36.45232908626535
1798,11.047806572689623
1799,262.7923412749866
1800,14.016578120328106
1801,3.6393136058615454
1802,163.27253636431152
1803,-24.450856404644767
1804,138.20277952341414
1805,-85.56772771752169
1806,252.65490991933166
1807,215.75651101780426
1808,99.12589078635453
1809,203.5755602874367
1810,-315.42076817483814
1811,168.1533565669806
1812,225.13538285335426
1813,146.90200363640298
1814,246.3678626147344
1815,4.14325098738388
1816,-8.173358979016456
1817,-40.53134028086359
1818,-39.820271021156
1819,115.37071385255801
1820,230.14927663215238
1821,225.16927741463786
1822,-42.56956350480628
1823,208.0037814634304
1824,-20.395626232524236
1825,220.0620686511039
1826,-13.922475874181174
1827,-77.49555158276323
1828,250.04564550997893
1829,-16.968468662586062
1830,-44.16203405261162
1831,121.70201639333493
1832,-36.17345879996718
1833,227.0575046099299
1834,212.67227903169103
1835,-32.05079546705454
1836,-106.06289489611567
1837,173.67065669637893
1838,-1.290767485138943
1839,97.23140476986416
1840,2.9648315721484124
1841,95.36803755413229
1842,221.74843803092062
1843,212.8363446038697
1844,118.73272408896122
1845,175.37603022766274
1846,-29.92755430550912
1847,257.6999346857076
1848,106.06044597729532
1849,125.2529758866076
1850,182.08262957398853
1851,265.0205240161865
1852,160.64472087954982
1853,3.803148500792261
1854,228.24912511968824
1855,-16.305477781909673
1856,-48.692942991120944
1857,237.96927804088418
1858,198.07016991987888
1859,229.74821840461948
1860,10.346820193275846
1861,-78.27982235785605
1862,-48.269195491699506
1863,23.96072424130965
1864,112.81839482558632
1865,-21.157607503414624
1866,-71.07359312595207
1867,156.80149763622288
1868,166.60032099421653
1869,281.6571681679121
1870,-175.22481417256955
1871,-45.54050377583391
1872,12.411444507086856
1873,158.39055918549576
1874,-51.87595435686336
1875,66.91463962049147
1876,207.06219619140802
1877,-18.509721288297214
1878,237.7894747854482
1879,213.98454602206914
1880,-18.685104841665762
1881,-26.8459209760084
1882,23.05623018058283
1883,-48.43857541875686
1884,83.96620526930003
1885,228.6718987752862
1886,62.784487478142275
1887,-30.99252767487843
1888,235.64661642571656
1889,207.4907864158283
1890,-58.61849957053467
1891,114.43780870144688
1892,-24.89894544874626
1893,108.47263222070288
1894,128.5021823460819
1895,113.93187600259927
1896,144.2723291583219
1897,-36.625571489777386
1898,-10.884709926904364
1899,79.7723682512459
1900,-55.703495724133184
1901,-36.52844405455272
1902,32.920032937747266
1903,157.45497281968989
1904,222.17559082011138
1905,-70.23408209072717
1906,231.875315335011
1907,-12.347639671456548
1908,-31.81955608936616
1909,-101.06857772624042
1910,172.0576868085658
1911,147.36731780674225
1912,28.82356006078055
1913,18.066441643850567
1914,261.76246575564875
1915,15.559859499217424
1916,-52.99563215679686
1917,-165.94648424350225
1918,-89.92972955478122
1919,-62.49880117125244
1920,195.76584392763237
1921,27.812041845003208
1922,-82.00412018091883
1923,287.4780254557652
1924,204.03318061306652
1925,-125.35943038991314
1926,116.17760630845785
1927,202.94126674898118
1928,-111.80861149443461
1929,193.6257873906353
1930,205.71782073523525
1931,-19.26579978987821
1932,-79.73438542616589
1933,217.22915964318838
1934,120.34622405872835
1935,98.7890807707177
1936,-14.69260294360464
1937,-36.36636288382417
1938,-13.293750943397256
1939,137.2421177784244
1940,-53.16206148751428
1941,197.8223610812504
1942,141.35111325921457
1943,-8.894767411879485
1944,102.03002417231302
1945,-42.995969402246374
1946,248.8831767105914
1947,-46.832699672504376
1948,93.91609238273219
1949,-170.48008420560217
1950,-19.596203566809734
1951,260.8471906393555
1952,-41.914545538931286
1953,222.6537401012801
1954,-14.30971828795262
1955,146.31744851309261
1956,254.84151732727295
1957,5.969737191534293
1958,-210.49886241790418
1959,-65.23023896878927
1960,248.25414866426595
1961,-27.592229732854463
1962,1.513201400775003
1963,-9.429776001438569
1964,228.09136807980104
1965,112.44459934638404
1966,180.14774531286616
1967,256.9257128419485
1968,104.10229035916927
1969,206.70997400857237
1970,-52.800494574396865
1971,-22.89834424539167
1972,30.527860668160884
1973,-25.621574057176517
1974,46.464757140491514
1975,160.48965412658183
1976,-12.970829872772498
1977,-201.1915856129746
1978,-107.93596282542872
1979,110.31243970895902
1980,-52.54222701851104
1981,-10.249238008417933
1982,209.17274263202057
1983,183.75942697727402
1984,2.7082455022347744
1985,216.04121663210992
1986,-119.36817606625802
1987,-85.37147758317036
1988,103.40421533220066
1989,1.3315233524385093
1990,4.715406144107241
1991,21.474991409265968
1992,135.9270907858791
1993,220.39530059868326
1994,117.09612938129152
1995,22.29247430830463
1996,176.4858625494694
1997,181.93698528432043
1998,-29.302524329065662
1999,117.23666547011184
2000,-162.89668870007273
