1,-71.19446782808882
2,-143.80700240057539
3,-103.00679930210032
4,-101.5102968309684
5,-115.67334331927229
6,-59.44856745868458
7,-62.24221461545195
8,-198.2429893431372
9,-73.72156727563367
10,-122.19357150567494
11,-75.62307435520438
12,-253.84450304914026
13,-41.84685025924705
14,-83.16052970342594
15,-66.25815746779726
16,-306.3206013955813
17,-15.369150488511337
18,-223.6901745704455
19,-113.26265425597452
20,-42.750020853567705
21,-67.70442178741575
22,-66.04082324875155
23,-44.95287572064343
24,-107.60350709812721
25,-88.87944108555273
26,-186.69432088786368
27,-114.8678229275751
28,-79.82882478988081
29,-139.29961511580223
30,-131.77253100389413
31,-544.4444926295871
32,-44.73359725440298
33,-124.0054142991556
34,-69.92532597934577
35,-180.9965232196637
36,-27.426267764902178
37,-107.44841548340678
38,-74.6304899033434
39,-119.30474721556726
40,-131.1050477927306
41,-178.8563790631822
42,-97.45030369698219
43,26.748352966702114
44,-153.281377012787
45,-92.68028367547298
46,-59.914452938388024
47,-54.476056732272355
48,-84.33408692131098
49,-73.45015592754964
50,-59.96050424860935
51,-95.74825670639808
52,-152.7747523560789
53,-190.0604057983454
54,-65.81000615947012
55,-92.07103280721839
56,-147.15270827362178
57,-153.7833095575503
58,-310.33290098449044
59,-81.86346180912926
60,-128.96118451049614
61,-93.1511417454825
62,-28.77040087792973
63,-88.25631481542734
64,-68.21833330585918
65,-92.38398052964419
66,-71.79309189447525
67,-60.30421525778009
68,-51.31993685974736
69,-113.38813375090571
70,-98.31567689554271
71,-152.11548264161053
72,-125.54513337328345
73,-76.45818403962816
74,-64.54428210603953
75,-290.4995220599268
76,-115.65610054275905
77,-295.7656991018679
78,-71.13429511989575
79,-91.34947400255437
80,-78.95065578964969
81,-67.95499760217982
82,-45.95197776284131
83,-83.79494552845972
84,-116.01878130005716
85,-114.33125737869332
86,-111.12867885334374
87,-69.43765794771332
88,7.794015327823416
89,-115.13834484767565
90,-40.29660129320454
91,-241.07234705934977
92,-56.402957782227965
93,-22.268200956885337
94,-124.83769921228365
95,-94.52758434180635
96,-77.9903792048166
97,-135.87267672195762
98,0.5759953591716709
99,-54.16375676634745
100,-100.27899206933596
101,-46.25867556524674
102,-74.63194692793502
103,-37.178897424415624
104,-352.2249883743219
105,-153.52644814045536
106,-109.01426143822047
107,-190.02808854536576
108,-100.04635173554165
109,-167.7312086775517
110,-51.774071836571274
111,-117.24958738081946
112,-111.92560429761512
113,-63.099400243307954
114,-110.76987648360225
115,-2.0136313173754274
116,-39.246217244290975
117,-47.011023302281615
118,-96.04747903548862
119,-103.2808584315573
120,-70.02737936848179
121,-96.79687069645387
122,-156.53258186892188
123,-112.39192721508617
124,-65.49279261220522
125,-50.90604969332358
126,-36.558618824196316
127,-27.858697121651716
128,-89.89020973265878
129,-98.01364596658398
130,-86.45063284269986
131,-71.27669911594148
132,-49.769705171824654
133,-170.64053239262728
134,-77.06092011181516
135,-95.44205529207983
136,-105.96771509173664
137,-47.58164156181428
138,-26.576736784408183
139,-76.54702288362803
140,-76.03495304823176
141,-129.2737170979494
142,-52.402191505193215
143,-38.30127481438642
144,-43.366458613384516
145,-71.97474673085344
146,-192.65485165571846
147,-28.737042157921934
148,-103.2496736488695
149,-76.22785110763697
150,-89.65482119787725
151,-55.987827052387445
152,-34.219774376553104
153,-63.07681552137471
154,-192.1003140108055
155,-49.643001222953345
156,-99.50396133604234
157,-23.954883890347688
158,-112.70152020211816
159,-114.05727851026859
160,-67.84861693630228
161,-80.22083039461728
162,-110.24973521038882
163,-61.089341429294876
164,-76.50692613276843
165,-103.9191713406274
166,-149.64951225502926
167,-80.77178354126268
168,-59.51809193211605
169,-42.120858053817514
170,-59.30081151649549
171,16.274675676052198
172,-72.39780765695193
173,-29.052252587518552
174,-34.62812715706605
175,-51.1948148401742
176,-42.37778610703498
177,-66.29888463356754
178,-64.6979607102617
179,19.07094422967512
180,12.052367007676011
181,-78.7877834519321
182,-78.74790352529644
183,-77.11648344070213
184,-32.31165099776659
185,-47.572468823677696
186,-5.060498950210885
187,-34.11728012046966
188,-50.73409989362115
189,-87.55047758348331
190,-57.459864352049735
191,-62.628597495683024
192,-45.53953195342094
193,-67.75512176152304
194,-19.55208779675496
195,-81.4587890524289
196,-97.91617301876713
197,-27.185266042514158
198,-38.23187333664397
199,-96.49149306887476
200,-207.4864677489042
201,-53.63721288997665
202,-100.08143829921292
203,-105.55090410082755
204,-122.57911418691094
205,-20.05764555360041
206,-81.01825759556232
207,-101.87004122622382
208,-80.89663363793804
209,-100.77794551479745
210,-78.22238854254152
211,-75.62101691301548
212,-36.952541841469895
213,-40.41354851187518
214,-53.29212404915212
215,-155.30179309784086
216,-73.60538270674782
217,-75.91446327893661
218,-20.761844917223556
219,-119.47216776186914
220,-30.23670825756875
221,-159.01705603246336
222,-41.393467640694126
223,-112.36400274043578
224,-51.385741171570416
225,-48.78256862708926
226,-19.835790143890378
227,-95.92845324257316
228,-116.1956446990157
229,-147.2041830579182
230,-100.14536592627502
231,-34.531061813403525
232,-36.89500529170405
233,-80.55982808187484
234,-90.35487117416854
235,-91.36238393000653
236,-13.886761783532506
237,-83.24765595361248
238,-96.7443223149173
239,-55.54289917066811
240,-42.38840286275811
241,-41.12594149320965
242,-75.60730765488307
243,-36.58934224718081
244,-276.3266954995422
245,-78.34546194970875
246,-19.451379549514428
247,-54.65983878304024
248,-83.12177076929515
249,-28.92762046556119
250,-53.247920953799266
251,-19.790522959784568
252,-65.80480173384947
253,-182.19785245628128
254,-41.39745666790094
255,-97.22100567154598
256,-31.663305989916637
257,-88.68128413764403
258,-92.88262258110312
259,-116.42504824113662
260,-31.804804184667873
261,-78.28414465963277
262,-58.39232261960273
263,-66.72711777695213
264,-64.95936402641848
265,-49.699968497252286
266,-52.87349879741699
267,-126.74694030652853
268,-112.26637865001396
269,-34.600876508007005
270,-30.98829263146375
271,-123.73617064834914
272,-81.27312441282955
273,-137.6980030231415
274,-122.90168762087829
275,-107.01118868146972
276,-80.20920416642515
277,48.09626072866928
278,-55.084122052239564
279,-46.559306398870135
280,-89.92945368052182
281,19.73469909058346
282,-49.838107667581724
283,-38.08526893734694
284,-171.7974926218367
285,-112.64454903645347
286,-50.66050608746271
287,-97.81044072532984
288,-58.338770204497834
289,-66.75478941433572
290,-45.35174173748384
291,-87.16598491252411
292,-32.90312306479541
293,-71.34691977739467
294,-46.54485265690998
295,-38.26540668474685
296,28.096404895542783
297,-316.2521550472188
298,78.29388610846998
299,-19.93788790111887
300,-71.96898111950843
301,-119.12856517605351
302,-143.6722031038884
303,-1.0944097093944691
304,-22.8202140849002
305,-72.23068194750195
306,-101.64335536820437
307,-44.138701721475286
308,-60.83920561614521
309,-67.73733490862917
310,-57.37429753816324
311,-52.04790779834063
312,-32.02496540560122
313,-35.234772507072165
314,-27.517452798732364
315,-114.09067803044394
316,-9.877054580589544
317,-84.99674190582084
318,-122.9973900985968
319,-33.53580612204958
320,92.32838954298633
321,-108.94739766743942
322,-37.00282937148903
323,-204.4312819945624
324,-60.26882031550324
325,-62.782339519206715
326,-56.271989951421766
327,47.9555806959765
328,-17.214148031858937
329,-43.28856709323277
330,-19.316914961265084
331,-57.514516324019155
332,-0.2377293410321215
333,-86.24008171398218
334,-232.2293048601721
335,-136.38169977008442
336,-82.5796096467889
337,-78.94484285954955
338,-23.57277504322431
339,-71.32390076678193
340,-119.32453354388485
341,-56.571940386935495
342,-88.92051139335625
343,-110.26605211311208
344,-110.49612027562908
345,-95.26195237503768
346,-37.077928116282536
347,-75.29454577772874
348,-98.84128896518035
349,-70.67756886543623
350,-42.03152823772401
351,-77.54180490728098
352,-50.69154740297648
353,25.53044143121342
354,-41.5581247283104
355,8.919980736440749
356,-20.825326217832384
357,54.779504958283674
358,-60.38510499647905
359,-11.863072513751675
360,-315.91390715054706
361,76.82382805123973
362,-294.8432642576437
363,-58.63014556852086
364,-33.28764466351254
365,-76.82068819377562
366,82.59052568026367
367,-89.20817427933903
368,-86.54888365958396
369,-95.00703371207508
370,-28.72352824798729
371,-13.184096087398089
372,-0.44986253130345233
373,-23.662580623450367
374,-87.05146890860215
375,-76.1233166637421
376,-61.79805332670119
377,-92.75189102225298
378,-29.288231950476245
379,-93.96149552448665
380,-97.13961714284926
381,-147.27649634271185
382,-28.543032516086626
383,70.61851261712735
384,-42.36371651148909
385,-45.45340311137119
386,-58.559103398400126
387,-132.0371628099277
388,-60.06689065831911
389,-85.40988630393905
390,-49.277440445051525
391,-55.24105381913271
392,-50.499748359671734
393,-96.57801088313505
394,-53.809299770480834
395,-98.07214255371878
396,9.326759418532632
397,49.86185131406873
398,-88.88394412089087
399,-57.628377008074324
400,-4.655469016630676
401,-41.15893226138482
402,-105.132484814644
403,-70.73377497465654
404,-104.90844154653696
405,-135.61418118412587
406,-203.60927635385343
407,-38.70545976317257
408,-49.63401337945323
409,-101.57913307782573
410,-40.746007968405735
411,-263.2581123547427
412,-91.21595204885242
413,-34.45618175151628
414,-101.7690184863811
415,-66.0609000651764
416,-53.536927473073405
417,-56.896628901072845
418,-139.79512279921818
419,-19.08793082170176
420,-120.8666145039523
421,-64.99605424504551
422,-50.250921350561505
423,-22.05062499021757
424,-97.20609397571914
425,-45.41194680074199
426,-100.73377613629884
427,17.53950450487048
428,-62.69966410187763
429,-84.11248338303984
430,-75.3197793474645
431,-68.99711014596338
432,-7.781070730914379
433,-14.872133321395552
434,-48.2691296897665
435,-341.7428284583883
436,-60.17753602930995
437,-45.735299320709295
438,-50.40156021527986
439,-30.07977964205513
440,6.447535258686813
441,14.325454337940004
442,-104.01930302046577
443,-108.36333246848031
444,-130.36710436458478
445,-60.853722791434876
446,66.79166630767475
447,-35.4983656120575
448,2.710199994058158
449,-175.3338823098665
450,-70.17393554756613
451,-33.821992274558326
452,-84.53807721503298
453,-72.00780846581185
454,-135.35438669191998
455,-81.98425952203779
456,19.07546401955679
457,66.25911546835157
458,-59.308087486532855
459,20.21935674590813
460,-69.82692253617144
461,-50.59616170459881
462,-124.18532596699612
463,-51.33429552582622
464,-101.83539696189152
465,-226.64856193970476
466,-59.06219793474939
467,-70.40857199565946
468,-24.344507323147752
469,-46.076745822919435
470,-46.9289365594045
471,-79.7085900164172
472,-10.921980860369047
473,-82.1914119817567
474,-45.66431960661916
475,-53.42981718455971
476,-54.82026335364728
477,-34.11004181952519
478,-29.72584126486008
479,-70.53505784251332
480,-88.2894606174653
481,-96.21818963282769
482,-104.7337841568896
483,-65.01931668996357
484,56.8857965764831
485,-55.55529845548574
486,-45.78135892376575
487,103.29983226854438
488,-57.15244265056811
489,92.97404764246876
490,-112.47378406746448
491,-51.68104127277469
492,-12.163758339967742
493,-41.38334001389852
494,-75.26935725340785
495,91.74102609733802
496,11.667761841326055
497,-109.54829403130677
498,-62.30788641223528
499,-105.620209558622
500,-38.75427959377453
501,64.3148851556262
502,-71.8044889861468
503,-57.61774181355436
504,-37.08310482946335
505,-19.10315401920502
506,-6.93331888988827
507,-64.66644518740932
508,-46.36728033615674
509,-5.784493253337189
510,-16.251663681823814
511,-179.51666232886402
512,-30.169898005116508
513,-31.33751144234006
514,130.2513326854812
515,-84.62469492952906
516,-78.97860003854908
517,-17.624121263208735
518,-22.051798399590453
519,-41.12629547921158
520,-52.52778582952072
521,-74.24995102208456
522,-218.77812807567028
523,-47.59983343590764
524,-1.0990027594885987
525,-50.68961877379042
526,-103.5882986187401
527,-79.05463231184808
528,-43.9282027995108
529,156.3139007608046
530,41.3052038892191
531,-70.14265592547221
532,-299.1370056273315
533,-48.19707695764981
534,-36.46960070648291
535,-237.37899457835857
536,-14.253996508569358
537,-57.12290109247991
538,-23.081177770376627
539,-59.26132494278496
540,-74.89491461489318
541,-209.39927959788776
542,-59.98154163569244
543,-12.604630714781536
544,-137.7434986580563
545,-10.132520736964608
546,-22.257305951872198
547,-119.38022777352333
548,98.17800728311387
549,-280.69075555094685
550,-72.23211523392285
551,-6.174718587830796
552,22.196033821518668
553,-39.10814169188767
554,-147.5899032740502
555,-3.584957568619785
556,58.493651781591026
557,-58.3864135826376
558,-258.82270734598205
559,-78.85345625076778
560,-93.00306376045306
561,-71.33876954598664
562,-65.88855482796525
563,-209.72304675773358
564,-56.79027643449736
565,-350.48655763074595
566,-58.97891770374487
567,-47.02000258565526
568,-15.112289094631606
569,-182.44680385776752
570,4.699196697647906
571,-69.89170160192417
572,-35.04295061311353
573,-61.408008387981866
574,-77.74510212443747
575,-45.31654612706319
576,-19.04753409074101
577,-67.61081545408831
578,-69.85515984606232
579,-44.158090342337275
580,28.373431195148186
581,-67.4181647055283
582,-41.10487656257172
583,-29.996041339243845
584,-92.44382540657186
585,-46.49188959361683
586,-42.46461933564488
587,57.610182019031804
588,-155.44451823308094
589,-91.47269957167049
590,65.78962952625935
591,5.713128632413245
592,-87.88573444097506
593,137.127458839412
594,-0.05367176796791284
595,82.26192403553505
596,-23.91067349903082
597,-40.41168350315357
598,-45.28157027155156
599,15.600056742635772
600,-72.69042269535595
601,-58.41839705103864
602,-79.83432415544722
603,-66.94352537044239
604,-49.60526642279784
605,-54.847279820735594
606,-31.665762936235637
607,115.9823364606578
608,-52.548432223433196
609,-88.40572430012054
610,-4.595088151799686
611,-48.011722900247875
612,-36.51857823142943
613,-33.773860672416646
614,-96.86568428751993
615,-64.31481645463992
616,150.1561464252407
617,-69.75950280879078
618,-9.684819650260863
619,-32.490725061939386
620,-35.07748220612038
621,-2.1064382882781842
622,-10.114252504020783
623,-111.00645620009774
624,-38.66546070092225
625,-41.54217098218745
626,117.79400441992773
627,-67.37620734982806
628,-17.09499545963027
629,-40.2592202301403
630,-216.90426811075207
631,-30.770559320907296
632,-50.904805865880945
633,-159.50432922801582
634,4.273987722773384
635,128.70083338232385
636,-57.90729166591122
637,-42.836431918122216
638,18.44068870517522
639,-37.11036654803969
640,-12.895345420853403
641,-54.121841482199144
642,-68.25337327643078
643,-61.823865429253104
644,-26.972363701692046
645,-27.12359710307247
646,-84.98239554841996
647,-88.35694925804417
648,-43.636071332517005
649,0.8374231797359357
650,-16.13936264053396
651,-49.52828129400882
652,-27.508357851855394
653,-184.77421814097
654,-61.70196352100664
655,102.00172569193212
656,-2.29419972033061
657,-20.84629840804068
658,-107.31969295226637
659,-15.860560018583243
660,-61.51230338905481
661,-76.82929862186808
662,71.11623121722131
663,13.615160310845397
664,77.92753840367237
665,-186.83734401600162
666,-20.665593237692093
667,151.03033293040335
668,-88.06609855569475
669,-197.59033524403497
670,-81.32853974701698
671,10.600369875994332
672,-229.34582446394194
673,-11.286732000415356
674,102.06696387794932
675,-24.277618339930086
676,-35.043730922797636
677,-99.6818429981883
678,-48.17637315765657
679,-32.984003707125
680,12.575589637067523
681,-16.390120441315275
682,-73.86485213148225
683,-32.18958506831123
684,-2.48495722558755
685,-85.0107096644699
686,-64.42853189284789
687,-72.8959463487354
688,-5.894757187102186
689,1.7878129114261014
690,-117.74713369693086
691,-29.817376544459663
692,34.948429685680054
693,-3.407184153998628
694,-55.56815211030674
695,-37.336093602630065
696,-53.67195215884315
697,35.44829305016202
698,-56.747528339443235
699,-100.41291566318921
700,-195.53801146113645
701,-19.14962020995108
702,-36.721660859495316
703,-67.91443591821871
704,-34.20383772764339
705,-46.21915222784631
706,-85.14512693234354
707,6.554477229636575
708,147.8021433646282
709,84.68766897764117
710,-44.3761400970415
711,-21.7729995550212
712,-19.260962931456362
713,-32.25062076399122
714,-35.77575611979536
715,-30.956247696032165
716,-43.47878121768261
717,-20.661727248745223
718,-2.2948171199357716
719,-77.14283154787806
720,89.85404700739272
721,-29.955190522843495
722,-1.524533828852796
723,-25.10185781450265
724,-20.287107494397006
725,-45.41896684023307
726,-49.41730302516375
727,-74.90655162317817
728,-36.55898157617979
729,-50.148263421154894
730,-50.56245271961792
731,7.574618828227969
732,-62.987952755396606
733,-26.839629409079137
734,129.06952486257708
735,-75.56236292470044
736,-51.90814196799218
737,60.28627623360973
738,106.27065251406177
739,-17.274887691714824
740,-23.307726460210148
741,-39.3608691113577
742,-19.247687454556086
743,10.730442090327557
744,48.01487155721015
745,-39.850586123091276
746,0.18091976075224636
747,-92.80681661956109
748,-199.8374875861645
749,-99.78732275717489
750,-66.6508000615971
751,106.54667007084578
752,-87.5122155715202
753,-29.310249758132244
754,-18.719914555503266
755,-1.3396221828797508
756,20.66769367068305
757,-62.85281554712639
758,-41.10162204328162
759,3.01953834185683
760,-0.7994084260254652
761,-13.769988443358457
762,-16.761281863008534
763,-99.17258841448954
764,-12.556797758317202
765,-110.57296995886222
766,-43.089823358636394
767,-34.35460624670998
768,-60.84059286740458
769,-140.72571161481494
770,6.6784779765060165
771,-60.0901789555563
772,18.040140749330618
773,106.99868911466125
774,-69.52877737298616
775,18.465692994817303
776,-239.01326712080754
777,-17.457117230146608
778,6.438898715984916
779,-22.138184673263524
780,-111.44137661280442
781,15.067909476825506
782,-2.742785515208169
783,94.2226780497524
784,-22.895333734431816
785,122.14080390910371
786,115.93595076784177
787,0.2908128531302623
788,-106.73986065336317
789,-132.43954421933768
790,4.970907613035465
791,-3.5287462198918433
792,4.969765229400437
793,69.76029342839831
794,-63.54477322962064
795,10.750255078403782
796,-20.458040453031472
797,-33.10468054096816
798,-4.42780426898112
799,-58.526522092098865
800,-44.49467500488409
801,-93.56955719480581
802,119.69298858754945
803,9.207758987179773
804,-41.41429017937925
805,-20.183804028113883
806,-7.168445852414635
807,96.34143407640765
808,-43.14308054020799
809,-214.33020487871022
810,-34.490031294183225
811,4.2058740464469935
812,-53.53700340481251
813,0.003159647993797421
814,-122.24524913944754
815,-2.5041066259730798
816,10.713288921766122
817,-1.3088941379799905
818,-26.100203008245188
819,-61.36159709629016
820,-52.31431657013872
821,7.885000445416949
822,4.5614517662636445
823,-43.20599737861269
824,0.6848976697112477
825,104.8352799120781
826,-58.97657181116289
827,79.02207989755685
828,-3.1773172674533754
829,-1.5828817027219344
830,48.105068655796885
831,10.714000409502773
832,18.651111275778618
833,4.147062696736924
834,25.175845725425532
835,-6.666566435829196
836,-8.97659124775312
837,-65.298342996521
838,-35.91315301548393
839,-326.3466144220451
840,87.04271129437194
841,-8.04293080571128
842,112.09888679157073
843,-18.449814471469722
844,3.759332541291613
845,-27.17237641642197
846,26.23604502713097
847,-39.0932635675983
848,-2.983257915819621
849,-4.473184402441305
850,57.10379101342028
851,108.00872716928242
852,135.112271200876
853,21.043271062410447
854,-5.627249460052425
855,-116.14891136432647
856,-94.5992567845385
857,6.0708311082919835
858,19.81621812916795
859,-18.604524600382376
860,-160.58858827198225
861,-23.983846859254953
862,-133.0250753197957
863,-33.65547246088519
864,81.46388310408712
865,208.6723595167929
866,114.77236390423464
867,158.85990939596786
868,-24.58692183660409
869,-65.79629526440165
870,-6.171707314302964
871,-37.26686653706112
872,-9.9413485586402
873,36.18292678326432
874,-88.86715801115736
875,32.76604320565178
876,-34.499984643462994
877,10.461606368838034
878,147.7256569590848
879,8.975635048085252
880,-5.31370581582793
881,-8.787352569037921
882,-140.16952880873976
883,37.401692877568934
884,-24.1146029128937
885,-255.98873607329173
886,-12.638559338801386
887,-56.14694331090351
888,35.060007400382716
889,-261.98129017010064
890,-63.73104938557474
891,-24.938911258356512
892,73.40647635025095
893,4.645229334613703
894,29.443016534529875
895,-24.24982992277151
896,25.864709444031618
897,-0.6513743856922503
898,-74.28801328948408
899,0.8848040435493374
900,87.00369520737712
901,124.85756814307092
902,-33.21650212353228
903,-4.821308958026279
904,-249.36721191484935
905,-40.92452248997499
906,-43.70482772281943
907,5.544889451127403
908,-39.45520153619894
909,-53.654085365107946
910,-18.28088218250913
911,-18.66286775767867
912,-34.370862254578086
913,-1.634400948011887
914,-90.04828791312866
915,-43.908818351966154
916,-183.42890318076294
917,-7.476806699667151
918,-10.29207533620766
919,-43.00824193697072
920,-45.532950948660385
921,-13.875553855552724
922,-64.00850787146094
923,-62.40564292438891
924,-73.39275762831947
925,174.97752527709793
926,-47.59871930146902
927,-29.884980300087406
928,-22.586344848964316
929,-30.601037786636468
930,-45.87630616742817
931,43.506772004215605
932,-44.92646012170698
933,-23.806993476341333
934,-34.38080883685436
935,-21.162545441745678
936,-25.286051475554416
937,86.87669865087649
938,12.019569445040858
939,119.37204993614986
940,-26.52680896728333
941,-32.18890295219266
942,-35.529560716326245
943,-10.669049818553859
944,-19.20066402879897
945,19.120587914527178
946,-24.639883480780725
947,-48.01549265812146
948,-48.92412084851553
949,-50.655763178043266
950,153.37260370964003
951,-18.00752743193833
952,-27.41757667160263
953,-76.64886701158044
954,-31.55568280374274
955,-32.7613816918265
956,-42.86639926719466
957,-34.24393554258742
958,90.8194707195217
959,-9.736524971674172
960,-1.2930140959794585
961,5.612749535680493
962,-50.407400721564436
963,119.10930795461648
964,230.18738212017587
965,-41.32931627768963
966,-81.93811522208875
967,-39.67174183155177
968,82.60284862987479
969,-15.605223241814826
970,-13.04530586043525
971,-45.086638612184444
972,-50.957865405292296
973,91.2498013443465
974,-19.74659596781433
975,-25.33841378292233
976,-42.54004532303868
977,-30.146487222183254
978,-92.85131571891398
979,-5.223656213102558
980,70.60654970954138
981,-49.597937490960845
982,199.425522359164
983,19.875266493804418
984,0.8525118179531432
985,136.67179747099445
986,-124.10520835997208
987,-321.33699371099544
988,5.624464912751819
989,-11.320608086349296
990,150.21878688492737
991,-201.58128006621644
992,-23.85173338768567
993,131.10406968702927
994,29.630098667083047
995,-43.44934871897977
996,-40.14691679097588
997,106.67925740915493
998,4.353038083956619
999,10.606845989799638
1000,-13.506805865519667
1001,-40.01089323847371
1002,130.11742399817177
1003,37.44372051615258
1004,-52.214066343957626
1005,-37.25046053349203
1006,-37.662525262451005
1007,161.7819210704913
1008,79.19880382909983
1009,-23.94474898188996
1010,-19.07165836855951
1011,3.7709177238873366
1012,-31.9618574878004
1013,-13.504922496481925
1014,140.489509199025
1015,5.208328769355887
1016,7.643759689619699
1017,77.38382745748456
1018,45.832549288582555
1019,-51.30328588383132
1020,-65.25425071401432
1021,97.63363821161082
1022,-43.67739529956093
1023,144.3783229120082
1024,-7.6277432255661495
1025,34.04169904808765
1026,28.925957099643767
1027,49.218208305939015
1028,-27.886811486913757
1029,-3.203107337233206
1030,156.5022771160837
1031,74.54975479640615
1032,139.4573870868423
1033,61.75166315998683
1034,-61.15922118668952
1035,-27.301776571999113
1036,142.3686264287536
1037,36.72039236170386
1038,-29.101776864279586
1039,-30.492134021515653
1040,155.6836809001858
1041,-43.687537350138925
1042,-18.60369741694413
1043,-72.77212332339309
1044,-60.12062871401592
1045,9.59768203158147
1046,-39.63732769540573
1047,-60.000309674525965
1048,72.02384038768359
1049,-29.350074834555926
1050,-13.554949654042218
1051,144.28335877326273
1052,36.7034743179762
1053,-29.50681217497244
1054,82.45714486900162
1055,121.97778161169752
1056,-199.9739303475016
1057,38.26372180574208
1058,-13.434661617759303
1059,165.9932367590526
1060,30.688948369290955
1061,85.96699143020773
1062,47.3914152387342
1063,-61.89740775895713
1064,-4.6557992320113755
1065,23.301268392387755
1066,11.644810040198877
1067,10.712629401820834
1068,-112.31310844278501
1069,22.24676147217359
1070,5.731833545919002
1071,1.1527360849865573
1072,139.01238205651742
1073,21.783053999206984
1074,24.46255149935905
1075,21.701129767800253
1076,-2.135245987379875
1077,-108.69808120933094
1078,114.76375764425791
1079,23.311860150058934
1080,157.79480058549817
1081,-25.972521235387518
1082,-59.64647584668138
1083,-12.48285973375782
1084,12.853569379364473
1085,-114.23405366344386
1086,-66.75660361621995
1087,99.68925876318453
1088,-10.521617657168022
1089,-17.022875838523035
1090,-41.61754153993759
1091,-18.792426721135698
1092,-187.7754811705484
1093,130.9907139421272
1094,-12.073445403177672
1095,161.8171280620893
1096,142.0239754438112
1097,-2.431320298049556
1098,-27.954878239053528
1099,-6.72335346757086
1100,-19.089194253630083
1101,14.345057865028522
1102,-44.06316774248799
1103,23.792871720201873
1104,155.66480726614364
1105,73.47022115104852
1106,16.41876261225498
1107,-117.00515490338223
1108,-20.578905391554017
1109,-26.381152730275687
1110,-83.2171678313761
1111,8.695936189098617
1112,11.636526597691528
1113,79.42319651621199
1114,139.78334443826841
1115,45.564862149884235
1116,147.07433581420594
1117,-74.10298992387321
1118,161.88916385959652
1119,104.25239948214141
1120,-33.45948072127078
1121,-15.791468805299417
1122,12.784324659970238
1123,-31.957397580877853
1124,135.16594412105914
1125,-18.14662529380398
1126,71.33345779089221
1127,-1.7091640924315783
1128,16.311713876045772
1129,58.52166890000143
1130,115.97044187276211
1131,-21.664887513442665
1132,103.8101563049537
1133,8.855043962556849
1134,37.66643871417298
1135,129.46642245849242
1136,169.6885346348227
1137,-28.865614577962475
1138,22.8131329995429
1139,71.2520959867105
1140,-41.0642231854206
1141,-8.243695534324203
1142,-14.262019952944854
1143,-147.5627461715439
1144,54.31699310400124
1145,116.4985514155564
1146,17.845614290141896
1147,212.61779614948395
1148,1.395890132674083
1149,-25.26219985812601
1150,25.162921150459084
1151,117.70521097535608
1152,-22.372435576665325
1153,84.46950693676662
1154,-48.4982955048069
1155,-33.76294321454753
1156,153.78264309550008
1157,-32.20577241290049
1158,231.42084574155976
1159,-12.960844858538508
1160,102.43592423420124
1161,129.91546944709734
1162,95.08209572247681
1163,137.21444895658365
1164,175.5944270762513
1165,-47.310981875222936
1166,71.15757162322926
1167,-30.46238816111203
1168,6.433912560007727
1169,164.45263054157
1170,-18.23361577133413
1171,-53.22028819724946
1172,119.65458645626354
1173,-10.79093994970333
1174,144.71921202624023
1175,-32.64782556486976
1176,135.3924010094065
1177,163.04219131235476
1178,-16.934152020720234
1179,-182.52446538395506
1180,-73.91423397921432
1181,-52.610529329005814
1182,-2.479380372069272
1183,-35.349546169607635
1184,-17.986628690587153
1185,-21.54801419622912
1186,4.998777002620471
1187,42.973537158375805
1188,-12.656311761723629
1189,63.249834578257
1190,11.099428573615612
1191,-32.5653168322426
1192,7.128836179241617
1193,-14.057169199420073
1194,-31.190442826300142
1195,-74.53044677515948
1196,191.89237298399405
1197,-262.0801585089656
1198,-121.09168201386873
1199,128.47743631153924
1200,164.43770848620326
1201,-59.46137413927106
1202,-25.422062552275477
1203,11.548463852389233
1204,7.340095420147904
1205,-22.551090011025323
1206,115.2114461129146
1207,-225.64020887356895
1208,-20.596488827959945
1209,113.31767704115288
1210,83.72797430452147
1211,14.389554136621555
1212,153.59620225942697
1213,111.63024499814216
1214,6.599514624459573
1215,3.1422291669152287
1216,181.7722415953649
1217,-18.49188478912103
1218,85.25005722399564
1219,-28.686317556175368
1220,-54.072890773963216
1221,152.04084338585255
1222,70.49246089400441
1223,-46.73114922905319
1224,-17.344337879295935
1225,37.144897738973896
1226,1.8692312227365875
1227,20.745210949760363
1228,155.97683478341594
1229,30.491057865365235
1230,143.2417908921518
1231,36.12616680662143
1232,-51.91339211490626
1233,96.39984265140451
1234,157.0341066271956
1235,177.19998470432483
1236,143.78468341234873
1237,-58.20768355391856
1238,21.46894886205328
1239,-0.6669885089274317
1240,-47.07885208969729
1241,16.083840528797253
1242,-116.53930830429493
1243,3.1139906543869103
1244,-22.630185318621827
1245,160.7303913678753
1246,8.757820722763185
1247,-32.32812886488013
1248,135.5485986959929
1249,54.31642724438416
1250,-16.66200317855767
1251,21.200406538477154
1252,115.25811239194854
1253,21.109210506423537
1254,-33.20440545500894
1255,170.58056692222618
1256,7.546661416199129
1257,46.83830317461814
1258,105.51003943046598
1259,-52.75740777536248
1260,-21.095335616891717
1261,100.93967407784515
1262,156.1462123577866
1263,-44.99946732335687
1264,-28.71859132095406
1265,-244.0400357395779
1266,80.6612113864303
1267,6.442512644680207
1268,-33.860125979106954
1269,-15.234856948448652
1270,32.34734896778022
1271,-51.16963964474358
1272,132.59094788160996
1273,-75.88456516253943
1274,-13.455347409435973
1275,31.844548904635673
1276,99.81177627804394
1277,12.08235720490319
1278,72.71050966275594
1279,-13.005210035929352
1280,-225.56058118206045
1281,-0.3465210163761725
1282,-44.8275069702011
1283,-0.6490144603052812
1284,-196.04098018164558
1285,4.5545615989112775
1286,-71.23171457068077
1287,147.638876645368
1288,110.93885110845163
1289,82.9977914869763
1290,128.8114789893303
1291,-80.92994866395237
1292,-3.0955160613113293
1293,4.072629020307929
1294,14.388700262553996
1295,159.6742313617551
1296,95.77527782969204
1297,172.4096645026088
1298,130.26873192695163
1299,103.31815123979628
1300,97.40452683139357
1301,121.9228072275172
1302,-8.508199639049423
1303,126.5941580960469
1304,8.625522398231809
1305,-34.8991252234394
1306,175.03784193202404
1307,7.0741987550815395
1308,-2.1901957692262215
1309,-49.281358624754986
1310,-15.794724510243157
1311,134.55297606666977
1312,-36.465046741750186
1313,3.705417779388199
1314,26.387671731006705
1315,-24.029955254593148
1316,90.29427953516549
1317,8.511442761395884
1318,84.40326347686191
1319,97.72047997592973
1320,79.67497662860129
1321,40.676634621993
1322,-131.3403022264183
1323,30.78635946884949
1324,-552.7973914305402
1325,-182.03689261149555
1326,167.64207241216863
1327,-20.081601852080993
1328,20.419875598146078
1329,-16.701115100387483
1330,12.57609553660535
1331,140.5430090799163
1332,-55.69558558739693
1333,117.94907121625869
1334,141.9018109815834
1335,31.501647627019906
1336,-6.867356147026555
1337,59.896911709494105
1338,-8.516825241204387
1339,-41.35510146834713
1340,79.56900662136353
1341,7.019072053402965
1342,155.32621614237283
1343,-40.575712094084125
1344,-208.58629558253693
1345,-14.909641090122435
1346,113.69460048766678
1347,-64.44999551583795
1348,107.96121585675866
1349,28.30324885314252
1350,-7.892289276610796
1351,21.93038383198011
1352,27.035165299292032
1353,3.130121472323836
1354,23.33093187206002
1355,-21.962862259996157
1356,5.98080515924822
1357,7.316292545914166
1358,145.70418129609055
1359,140.97979896321732
1360,5.282394306854911
1361,-42.24942162539812
1362,-26.327910621388142
1363,-33.74769391024523
1364,56.87229001208887
1365,7.011946803353638
1366,142.37119280904622
1367,147.32636262451356
1368,-53.18930775750275
1369,131.93780260554803
1370,144.97101523014652
1371,143.04638818791432
1372,-9.435696858075858
1373,176.4285521220934
1374,109.01972203560518
1375,91.0358541497738
1376,-89.2809184370686
1377,63.404886345458074
1378,-43.245150473231284
1379,28.127724662256128
1380,-7.790850728720386
1381,98.27214525864152
1382,100.77426139513221
1383,-39.438865400997784
1384,130.43580061075417
1385,-43.92758386592464
1386,-64.73147097761398
1387,-6.090620118160402
1388,87.57223230819237
1389,-88.7786277422307
1390,76.66481079398145
1391,137.94876271530583
1392,-168.7352496852332
1393,108.782907191948
1394,-54.88223261710087
1395,157.19238970581182
1396,-69.00800075336115
1397,109.38907838028068
1398,219.06429170442664
1399,110.82253781857739
1400,-145.82928531417127
1401,96.25219895798784
1402,15.628310277214325
1403,-26.893540939412475
1404,25.581894379108945
1405,15.242996365436113
1406,-13.097439748551437
1407,170.62059414443124
1408,12.887436434753695
1409,-20.764015447538142
1410,-55.156233795151365
1411,108.47899127355802
1412,-70.16501333866788
1413,35.59890919510377
1414,153.16976443399378
1415,158.1440838049225
1416,13.184954617063141
1417,-49.01215494424696
1418,129.34801783305898
1419,-19.16505927074904
1420,136.7550255859382
1421,-72.8496441000628
1422,-41.75058117231596
1423,125.03790323925223
1424,-29.535578534976906
1425,-8.28676438625051
1426,31.52008401110595
1427,-30.0910027970194
1428,75.05067936641396
1429,94.75439985796615
1430,38.1365202056094
1431,8.997637459850694
1432,10.410632436356195
1433,-4.620518895703924
1434,-24.78222101788785
1435,149.03903170539678
1436,159.55554868533312
1437,16.051464288304388
1438,116.20392130581573
1439,-8.77559547631894
1440,244.56955325704683
1441,165.8942963138707
1442,-56.67154149261309
1443,-31.972173382599266
1444,7.351092488188598
1445,-4.017716211101856
1446,20.550986291740728
1447,-71.52638578716935
1448,28.331607353153288
1449,175.73211342334244
1450,-20.37562916000215
1451,-179.9915779734281
1452,13.369817844473772
1453,144.0896298680725
1454,-28.509967524916377
1455,49.21700961805425
1456,-81.67744165947755
1457,80.9618167761141
1458,134.41546051470564
1459,109.79458715002536
1460,152.47307281876027
1461,-28.71221027559413
1462,171.51727637867378
1463,153.45673714848238
1464,108.41689975554495
1465,-1.2111264283435617
1466,133.72465211524616
1467,149.59411023316363
1468,100.81093443489803
1469,154.10469052591841
1470,69.60398238454562
1471,-52.102395587565724
1472,47.153628853500095
1473,92.56565327330473
1474,138.07597374908343
1475,4.742324560235474
1476,102.63722673842926
1477,14.17524201154437
1478,-62.674860977645245
1479,-189.04522151647961
1480,-5.796142303200028
1481,176.85936308044822
1482,121.36558725294822
1483,-0.3215014948013817
1484,25.170998631336005
1485,61.94904266275529
1486,117.92454619211505
1487,173.69495168607932
1488,138.65123779278053
1489,226.58152267400177
1490,135.7181778652938
1491,-10.624669968943621
1492,50.42105430931983
1493,108.50905056531431
1494,152.51906908945517
1495,-4.684591847323773
1496,123.72430434089773
1497,53.63620567693417
1498,136.90868464346846
1499,-35.395353933554674
1500,15.56498970207572
1501,158.5822959401674
1502,5.240767034687792
1503,152.64854720317163
1504,151.34090419254503
1505,131.4144765874969
1506,166.5001237521117
1507,-11.494252561697209
1508,147.30740939544978
1509,81.92568966031756
1510,-35.37643712173116
1511,15.7582340574276
1512,139.4554786165425
1513,-62.324009116705085
1514,145.7723285382367
1515,-207.95417818902368
1516,89.73305901867633
1517,31.710452992291607
1518,-50.32359315505241
1519,152.9579917253196
1520,49.39810327457299
1521,95.86827887663887
1522,-5.44438591346281
1523,-19.78365800626456
1524,13.938517684940265
1525,122.956532087954
1526,-12.05530387530186
1527,86.00572770628926
1528,164.97574591164505
1529,-18.268621471241843
1530,22.92816855677659
1531,141.5005488603363
1532,137.543505337306
1533,146.85750526749274
1534,243.57922641760968
1535,145.0918845805923
1536,34.70877403826586
1537,-52.9755058486046
1538,156.29910316235612
1539,99.11496631120491
1540,-10.012154738964497
1541,137.83146248677423
1542,143.18194169933255
1543,166.3403443185599
1544,64.0569930249861
1545,131.74785968465054
1546,113.18957475930192
1547,153.3571165756784
1548,-45.680678895444935
1549,98.06773668386032
1550,165.07558275432237
1551,-18.06070659788429
1552,147.1485856118975
1553,-11.306432863305773
1554,-40.275074349464575
1555,121.56060167069744
1556,104.29947704552417
1557,-50.3467768567544
1558,175.48762687761706
1559,-24.337807509578425
1560,126.64665412760084
1561,100.95279059104307
1562,101.3863302509197
1563,101.11882277393886
1564,96.9359868228661
1565,-6.236277846599009
1566,147.19945998517105
1567,-23.765565093808775
1568,66.59827498521301
1569,141.7792290993242
1570,133.52974545553386
1571,107.96817029711022
1572,-19.667947598515354
1573,62.91525513483998
1574,6.929219923717255
1575,12.09147018451823
1576,27.131193907457174
1577,-43.251727610084856
1578,5.450177111543795
1579,142.48348779344238
1580,122.66742054733028
1581,106.03924025135375
1582,176.42496942986577
1583,95.67366680570306
1584,53.40777075821548
1585,-10.748860712515068
1586,182.2546707380166
1587,-29.59841552383186
1588,103.07663234167711
1589,180.86376931474936
1590,153.4768880797754
1591,-6.567112504254553
1592,-28.215326691904735
1593,134.63089145018068
1594,153.03961469366809
1595,103.89765788684431
1596,132.92559569748727
1597,157.66649859309433
1598,1.947832346872758
1599,157.00784366983407
1600,20.690703743484306
1601,13.082452959183087
1602,79.9508617545663
1603,12.49478690647382
1604,-135.81251747530723
1605,98.99534069623375
1606,9.814705563375838
1607,148.59081030944304
1608,101.99135922237194
1609,60.024532213273844
1610,166.50618604169009
1611,138.00755186903805
1612,76.83127651227142
1613,193.47132108126766
1614,150.98902349073083
1615,217.6974009750413
1616,-216.28483317773484
1617,120.74639017477394
1618,124.07943828436477
1619,157.54293809838816
1620,54.22638922733484
1621,39.128789204228994
1622,126.37733075118149
1623,159.60635709851138
1624,148.02570539839513
1625,153.87972848833334
1626,16.715002615071
1627,-46.52584965667421
1628,-53.14696275534347
1629,19.896499676717255
1630,122.8443164072585
1631,130.85794713043356
1632,-20.79850111297951
1633,168.99283005577917
1634,-43.58500079183308
1635,158.0548008089771
1636,105.16063724604317
1637,146.47922808606492
1638,-64.4034403330764
1639,-198.9277985508133
1640,-34.2104784680305
1641,143.28041377013494
1642,161.70864130276388
1643,170.69043645538176
1644,173.58243631808244
1645,-23.075458810321848
1646,134.0720046284991
1647,117.54714243341779
1648,101.65335970808175
1649,125.80635941547261
1650,113.41642851330323
1651,-38.246840822523595
1652,80.65448630646165
1653,-8.548556048655627
1654,-160.93295972161462
1655,9.071294971295927
1656,141.6406156565633
1657,111.68717471678768
1658,116.8561986378948
1659,11.784873572222864
1660,138.66773003621063
1661,-189.26773435693815
1662,104.2161852813119
1663,220.41191698983494
1664,8.132587050184569
1665,-20.830227740779605
1666,-19.206002560423528
1667,-24.16389851736983
1668,113.30648015888896
1669,135.150295737988
1670,-101.48509411023359
1671,99.94833609722015
1672,-18.750917598958765
1673,120.86406820336639
1674,-76.99725675589913
1675,111.21266974424634
1676,113.3734679524168
1677,118.57182535252736
1678,11.090186315648538
1679,142.68324846695816
1680,224.4448827399495
1681,120.6393961748494
1682,107.14380655709567
1683,84.45035533026382
1684,2.0682828944796654
1685,108.44188296267825
1686,-0.6643335382239428
1687,-16.429623687232876
1688,114.95295739394376
1689,144.98282907723268
1690,66.7534351398945
1691,-27.791467123924477
1692,108.65328560649002
1693,171.1227459896477
1694,-34.92302001919451
1695,141.28913198448913
1696,-29.107163586192698
1697,134.1792151760479
1698,153.21776119346882
1699,2.34708345878785
1700,-233.83995618914756
1701,107.44886616117054
1702,92.13294003338567
1703,124.59285990140799
1704,117.85490516760451
1705,132.26174262015925
1706,93.9268717255346
1707,-32.57023351601471
1708,84.1333412904451
1709,143.23449686947706
1710,-29.83471983923083
1711,137.99736446126977
1712,22.868716584233226
1713,138.8240681599248
1714,9.977701868274806
1715,76.8319315375842
1716,241.74050618919355
1717,96.63065126568382
1718,-128.47404414874285
1719,-38.698626448465944
1720,186.82183492894092
1721,0.09609908673664336
1722,145.048718040775
1723,121.79665649104697
1724,-49.85240757797497
1725,152.21248879520422
1726,120.66023652541888
1727,79.18543259141768
1728,140.38977352843625
1729,110.9741303281614
1730,156.08052183279648
1731,161.6837895993337
1732,-7.459618944001704
1733,112.02244720322669
1734,111.90926110170527
1735,-8.251761093938711
1736,156.34231102201167
1737,235.84749297405097
1738,109.18364654170722
1739,171.4160737704607
1740,179.0816029109102
1741,100.57176498130671
1742,137.07600746433005
1743,-25.565100241653028
1744,-4.765970545051275
1745,-31.60702197821324
1746,113.43165833586713
1747,240.8437332785623
1748,112.03877586068592
1749,175.9642528006839
1750,135.20049290290052
1751,172.56640397330762
1752,-38.81792793374045
1753,17.66172470890494
1754,98.7314356280865
1755,89.74760467077496
1756,130.89146595927383
1757,113.34594840066045
1758,12.41482364943073
1759,34.368418535241915
1760,158.7826854994603
1761,233.9948518185127
1762,147.07313645352065
1763,-40.10992871292409
1764,122.62350651501129
1765,117.33792677273696
1766,135.21356645239155
1767,239.32486085607277
1768,53.70415719642139
1769,134.8507111997435
1770,202.96997743064924
1771,162.8001972216979
1772,124.06334331471666
1773,106.7319246309805
1774,143.76077577892784
1775,118.03407333034542
1776,-16.40707241374156
1777,151.14518974316985
1778,123.14324367938832
1779,136.5319927579532
1780,158.54283160879388
1781,109.15412258826805
1782,90.0050860792364
1783,-13.128024999274956
1784,88.68344215371661
1785,135.0982756302019
1786,140.4341341556311
1787,95.05729137793665
1788,21.91782678014556
1789,-23.353246208915266
1790,-30.885842357329977
1791,107.19169044096408
1792,104.92226639983144
1793,104.88548215839269
1794,-216.65084452574564
1795,131.87878996908455
1796,149.82853895312448
1797,-231.74489739020723
1798,-63.17574920357145
1799,161.95170728409838
1800,29.281446647323776
1801,86.62469059414612
1802,215.98542578369654
1803,104.04235356718257
1804,-147.59864738702038
1805,8.279916815946095
1806,-81.60982538697138
1807,108.68010560641757
1808,8.981875635670065
1809,135.71939271437384
1810,-76.02377205260082
1811,124.99062170569778
1812,-73.60232306538623
1813,164.39175470238314
1814,148.24457038998813
1815,122.18078695345253
1816,-41.700822268418065
1817,132.18143688124923
1818,39.96193013535532
1819,96.35178093367983
1820,-29.568762875760527
1821,122.36829026791384
1822,-27.206383538748952
1823,103.31788355623195
1824,118.05828042821946
1825,-37.3051671673971
1826,-26.369303694674187
1827,-191.06603074979137
1828,-225.4949394748571
1829,166.63158240538274
1830,164.61318632113864
1831,28.720806248147028
1832,18.036990566627978
1833,124.97203876626571
1834,120.56347136930438
1835,-118.15516494832687
1836,74.76244089911933
1837,164.51712288623244
1838,157.94773455703836
1839,127.87945649041339
1840,249.67046174856472
1841,-14.496460506287505
1842,267.2436565189733
1843,271.1632271340982
1844,230.44133710592524
1845,136.30443376009995
1846,108.5521789175879
1847,157.05840346516626
1848,217.93950248041443
1849,273.77389466493474
1850,119.7986185523946
1851,-49.14996876277567
1852,-53.74617672454488
1853,184.35040204312062
1854,251.85781577088142
1855,271.35286019787134
1856,116.80115581754313
1857,-41.790905782752475
1858,257.79196400098795
1859,-81.24853077015794
1860,250.20945787953485
1861,-31.118498931874143
1862,161.52472743394065
1863,118.80101355980692
1864,-22.591348530540458
1865,228.11514633046392
1866,111.74206016239896
1867,277.037700222377
1868,-35.810791741835445
1869,-76.34175090695044
1870,9.488094991366196
1871,15.312606375564386
1872,-26.782828713784554
1873,-37.68463585035779
1874,-192.69198620720897
1875,236.5853128622329
1876,252.495548888086
1877,-2.64048462855321
1878,253.72842504179624
1879,103.48112922423897
1880,-242.68225909037542
1881,227.12580789923612
1882,144.72682893088236
1883,66.99112744918654
1884,135.3063310660214
1885,22.638366680078377
1886,125.5014725314978
1887,105.81928523193386
1888,15.17369440322176
1889,-36.66808857681107
1890,162.3773601375001
1891,17.597528869876612
1892,86.49940261440419
1893,-135.47659224154998
1894,94.21019994913759
1895,284.50722794663477
1896,114.15335116500296
1897,104.95664303665595
1898,225.9346857723338
1899,242.92147653247787
1900,134.34373990727985
1901,297.6528380116208
1902,4.248101760791116
1903,-72.58711363319063
1904,3.068198027712725
1905,251.8522866014815
1906,-48.17425624774131
1907,51.383565768494975
1908,274.5256645022267
1909,153.70268379937625
1910,214.3558469789312
1911,-7.013156884947833
1912,-36.0223593100725
1913,234.02562184254063
1914,236.37320676636938
1915,113.25184858531593
1916,123.45245724078056
1917,124.9380701821434
1918,112.20732425358278
1919,107.17888928108827
1920,269.3142807464584
1921,-67.58180797088849
1922,89.32018060164546
1923,-40.95507092921967
1924,159.46436669144717
1925,113.95921350468232
1926,145.14586083640748
1927,101.6548537914279
1928,-13.445659607190365
1929,123.80120762195233
1930,255.5123989179145
1931,147.44392476063837
1932,275.618197334548
1933,95.95151359134175
1934,-24.477865416700013
1935,103.36877407358797
1936,149.79105075369674
1937,-42.71787177289191
1938,-33.299549564946545
1939,80.8648775984857
1940,219.36736293489247
1941,-9.91397022285517
1942,193.10541167524957
1943,28.238700475548796
1944,111.9921438071358
1945,47.94684157146205
1946,-34.70198256438873
1947,33.763965329322616
1948,82.88499149933084
1949,245.9917823362429
1950,131.67223927649536
1951,273.0776901580194
1952,144.43527243323058
1953,85.71085293618212
1954,221.91015759276087
1955,-97.36800633761871
1956,147.92950660769736
1957,143.94256700724426
1958,126.69479811995008
1959,21.812449427936173
1960,236.03839903377562
1961,-30.580853110578175
1962,222.89177631662835
1963,120.85581147073573
1964,120.07846314513125
1965,144.07445701286628
1966,-70.0317035610314
1967,272.88696735862936
1968,143.32340197875627
1969,264.92867240907367
1970,77.77527966471837
1971,12.200488872929284
1972,181.02832044376294
1973,101.34521832205164
1974,231.32510583592463
1975,124.31799301175053
1976,-252.03014409973198
1977,133.38134164037075
1978,-28.63323412990927
1979,150.7459711698881
1980,141.24628593962575
1981,217.8818739464062
1982,-62.45827731172339
1983,277.07571428932994
1984,-29.719192887336618
1985,-69.007478332036
1986,-49.33794262624618
1987,120.74653655658324
1988,-13.173245013908968
1989,-29.392823559257124
1990,-48.51869617253389
1991,-58.61594942543002
1992,237.09927878326488
1993,48.13161357075997
1994,-11.817511006291141
1995,221.88746901060532
1996,52.19854668650336
1997,266.43161707092463
1998,235.1666760263226
1999,-7.296024384071046
2000,-69.26153933403839
