1,-193.87611673371265
2,-199.5411687168571
3,-141.88958853032412
4,-143.29338585736446
5,-72.5981926488914
6,-91.40742257086906
7,-293.22977034239483
8,-254.3473909425352
9,-62.93672552454257
10,-71.43721954169331
11,-66.59495190304696
12,-102.76147404234959
13,-243.5411838869262
14,-122.69095344100374
15,-104.99799992285158
16,-61.909591173752354
17,-102.98719570685837
18,-89.15342968357884
19,-85.1318701114382
20,-383.7912169063247
21,-112.7672567283302
22,-94.74325195665958
23,-70.97740946518124
24,-98.42071171063154
25,-81.0664686960909
26,-17.606884245312173
27,-207.04392397426494
28,-163.60018711284198
29,-142.8530978257665
30,-79.70652351424106
31,-111.12103055730937
32,-116.78598941467969
33,-84.0323386389075
34,-160.39259662673527
35,-269.32542580636914
36,-63.695340276462005
37,-117.83192407701559
38,-124.23426600911033
39,-94.89246892194623
40,-94.848109639629
41,26.159901290197027
42,-42.58433085120312
43,-23.12140144570239
44,-282.9429855831004
45,-51.96003082137638
46,-63.683119837774406
47,-102.71283698846534
48,-108.28786415043645
49,-223.93004873278312
50,-83.64360297326942
51,-299.4051499052609
52,-115.57662636864389
53,-56.64133189371924
54,-87.87035256050233
55,-107.7627370739068
56,-56.373886104386855
57,-82.2624763131428
58,-110.40323024307474
59,-76.13116981949311
60,-64.6133307568914
61,-148.8588428711586
62,-230.42812209235575
63,-65.29472484300456
64,-128.42102114311993
65,-48.112352294059676
66,-89.65415833490442
67,-54.751305205271194
68,-34.25896036625285
69,-87.15817326895008
70,-113.06270524748743
71,-82.00157182961354
72,-85.17849574015987
73,-121.15510105147837
74,-81.00373576401088
75,-40.438788592437625
76,-110.65799539507756
77,-75.58262673360572
78,-95.35644905895695
79,-93.19461455972343
80,-78.18539239585621
81,-49.26145905597916
82,-42.66686281458203
83,-74.48400463110372
84,-101.67873348540378
85,-43.37668307668983
86,-102.45799902544736
87,-164.9593726461576
88,-128.2036693433032
89,-84.62693284899701
90,-60.245457344933214
91,-40.019911620240094
92,-93.48566852229392
93,-62.28422726370954
94,-69.20912654560314
95,-64.16293533824748
96,-147.49846019270427
97,-15.071667567279576
98,-100.97521672203372
99,-28.892249546518144
100,-40.954038456260015
101,-109.5176629616455
102,-45.83445807401918
103,-71.47497800878452
104,-51.628201266768514
105,-67.3811418325901
106,103.70017805316938
107,-27.067514774643172
108,-35.379497719284174
109,-179.88987795843974
110,-70.34665733235765
111,-289.7220631706442
112,-97.52970713769925
113,-84.8618706495161
114,-125.91181643735506
115,-44.781410949262906
116,-101.05065445482259
117,-48.789272884679605
118,-87.23955316467787
119,-32.863251398203374
120,-64.28485212863856
121,-102.34278614657431
122,-26.40114744024872
123,-124.18260039538858
124,-140.63875507926303
125,-207.33020069286144
126,-26.882292627422956
127,-130.98789866874628
128,-87.37685889498844
129,-57.13624420955648
130,-88.97593878074863
131,-59.21987775449931
132,-57.754173825551696
133,-132.42945021233515
134,-69.37263860441158
135,-44.327964405530054
136,-46.80537722320116
137,-23.03445420396777
138,-97.28682105937591
139,-31.499101684265938
140,-76.66173377737253
141,-115.82791494011151
142,-112.33444654671369
143,-173.1605112171436
144,-50.69684557435964
145,-80.95471802711288
146,-96.85903913263692
147,-48.47180797873395
148,-48.65862072845941
149,-65.84818398163569
150,-86.76411774301374
151,-92.21744350015406
152,20.160301756374878
153,-97.66735131117392
154,-92.97895177289979
155,-95.58929534025822
156,-274.385502667149
157,-66.5063823806465
158,-102.62835283156926
159,-83.78175498296234
160,-93.88100319355043
161,-95.11596337085082
162,-62.59729322995784
163,-59.987994881488476
164,-273.05401274825977
165,-31.419150868383497
166,-73.93966241024246
167,-19.88203114321574
168,-70.32490146377027
169,-61.4353051150007
170,-103.15512030480099
171,-87.71514038169067
172,-80.92452733405953
173,-85.03435182823159
174,-79.24290386944365
175,-83.2455496732286
176,-58.43475841451183
177,7.661146926964179
178,-69.0740306563173
179,-75.05394563189525
180,-33.79429491897611
181,-253.19083523505498
182,-104.66539435523975
183,-45.99696167713392
184,-78.21011167067842
185,-91.54965165808136
186,-77.79471751963548
187,-358.2602418830392
188,-80.24771007175364
189,-66.7812851360867
190,-27.712290458813683
191,-78.07111533278332
192,-39.82672722079623
193,-136.33213551619832
194,-248.21200161958217
195,-209.72859079615796
196,-57.657720770469936
197,-99.20019379994427
198,-48.08840926146322
199,-36.16334085563038
200,-108.21572995061148
201,-61.19582441571229
202,-228.89278575198745
203,-112.62504210471971
204,-57.48508395063533
205,-73.35322909095808
206,41.892224279843525
207,-63.174330701055496
208,-80.23919934403631
209,-118.90590350289861
210,-64.2636814157227
211,-41.6416375674487
212,-73.87065657368453
213,-47.68787738708558
214,-29.154033006828826
215,-46.085254401941555
216,-44.63800497108171
217,-166.27826752158992
218,-55.98345303966591
219,-43.10911722470892
220,-82.74036195384824
221,-110.91661248041083
222,-80.60039279151479
223,-29.271398806194696
224,-55.666293173776886
225,-78.17036502444908
226,-47.200002370616716
227,-96.40446567158104
228,-72.9776231110632
229,-65.1516692617744
230,-90.254885170082
231,-70.39442203440066
232,-21.320147016732108
233,-35.06781635287065
234,12.087116576979525
235,-56.62223060896907
236,-108.21467297201335
237,-61.3563266075062
238,-75.94667893476816
239,-65.66983514295228
240,-60.797412369531365
241,-69.12999001360865
242,-72.9591821772752
243,-89.36498409847894
244,-43.79443634183177
245,1.2881670356440367
246,-235.09004507740386
247,20.080656176867492
248,-83.94378688500936
249,-41.588924553329704
250,-20.014887089814934
251,-106.28469446214763
252,-46.900704011714296
253,-56.91644387756935
254,-85.05825591294962
255,-60.93796272614634
256,-80.17807416076582
257,-57.350337961591066
258,-51.223712657579604
259,-275.9798612441068
260,-97.67882166702998
261,-41.02462463716245
262,-91.23621191198107
263,8.649536250371739
264,-66.83973596636136
265,-36.83402843030014
266,-136.71231364701785
267,-99.7587065455704
268,-35.0445119011207
269,-69.16821988493716
270,-110.42118530684742
271,-54.47677964934054
272,-93.32162566732481
273,-115.74601903489149
274,-119.0127804733855
275,-112.91197337217127
276,-79.94116264296882
277,-50.955137985103704
278,-97.71156146028409
279,-90.24770508599198
280,-68.30574378633591
281,-118.3150297178201
282,-193.10636341890006
283,-94.57954744187582
284,-97.90793382734527
285,-50.904028683365496
286,-45.67515969974039
287,-28.016162692435856
288,-151.3981231842683
289,11.157174688116001
290,-26.56855638226442
291,-62.75284250523728
292,-73.1012301797062
293,-37.863821281855095
294,-32.18712458827021
295,-111.32334027204911
296,-41.59179213507336
297,-136.53957552201445
298,-79.26328201259415
299,-123.55520590633925
300,-83.20114458610158
301,-96.97119593555847
302,-89.59762328009347
303,-194.0107612458336
304,-104.83323233862559
305,-126.21946279053707
306,-122.15934535459071
307,-63.75968632127617
308,-72.3920151059292
309,-44.75150012115179
310,-84.02744299789512
311,-130.51452398258985
312,-42.95100796489781
313,-91.7828283393668
314,-12.077108762177872
315,-16.31746123466516
316,-93.40662384821408
317,-243.28320310780234
318,-65.54627442968419
319,-15.487480369172232
320,-51.29413735077199
321,7.456645177776252
322,-86.68687829652879
323,-95.15241495056259
324,-54.29749972877995
325,-68.83474891994099
326,-67.3053300777091
327,-27.812200824153777
328,-98.95235633378769
329,-100.4028661561369
330,-125.70803456443367
331,-103.39387290565001
332,-98.00358757213321
333,-39.719445088313435
334,-96.40063797621639
335,-4.373074266481126
336,-57.001763320718155
337,65.15839876385036
338,-43.29954685322636
339,-98.72180069442507
340,-54.66241404875602
341,7.303248381079726
342,-56.89597337341861
343,-123.563573451931
344,-82.40860847510531
345,-276.55982640879205
346,-152.3391298174963
347,-115.69506009670498
348,-74.20509238025551
349,-126.79901603553998
350,-53.30427519905588
351,-120.29496381889916
352,-104.96548842282016
353,-47.86801878573177
354,-88.76426596569073
355,-50.816597111600956
356,-65.57820216288017
357,-50.61431916238314
358,-85.98557809840047
359,-53.91995798239168
360,-73.42870029246481
361,-34.561497453815264
362,-79.61769808608005
363,-78.66099755066153
364,-78.63048846989095
365,59.16135772958079
366,28.732189625961382
367,-41.07759403728869
368,-42.59315064938042
369,-140.8458783070401
370,-12.8027024662387
371,-47.1668689099377
372,18.424122882097294
373,-33.955920689928405
374,-80.86688857009977
375,-72.36551233166405
376,-191.96757703991432
377,-83.30517434134325
378,-106.9680839136491
379,-25.422737650214742
380,-77.83403830584817
381,-49.175594982528196
382,-0.10933675993676673
383,-30.70602002248988
384,-40.777515863704224
385,-78.22619309466538
386,-42.531809652132914
387,-162.94083914288103
388,-17.031133006252475
389,-115.15197160489748
390,11.726064842295258
391,-48.051414745074894
392,-206.88267968404995
393,-88.75151084590765
394,-16.40604220546011
395,-57.034142315842374
396,-23.498740271126835
397,-300.89416600149036
398,-85.765794268165
399,27.782936637985756
400,-133.86744521674166
401,-67.24643820868127
402,-102.03699318117992
403,40.239713450836454
404,-100.64457550295656
405,-70.17005912047813
406,-2.459111464323101
407,-333.8763652413886
408,-174.12446684294252
409,-87.50063565038646
410,82.13881453601702
411,-67.21327899828887
412,-57.81349561521763
413,-126.6640915724081
414,-78.85773307359855
415,-28.89219115012726
416,-68.04367253356246
417,-16.62625370963862
418,123.92674783008333
419,-101.5591750678318
420,24.60904421271156
421,-78.47291381312695
422,-34.7717779201061
423,8.110136399540195
424,-135.73448344925256
425,-68.5554176017236
426,-68.89002992901413
427,-27.174411624815093
428,-11.35887453734398
429,-60.461885414703445
430,71.59691931494689
431,-11.43543264535694
432,-64.40110778610354
433,-51.23451204550692
434,-27.348202471753893
435,11.632927197255611
436,-37.7988088354426
437,-151.6416214929617
438,-52.63328438832415
439,-63.08619645021966
440,-14.966572083936128
441,-77.32662921115288
442,-199.8765681565602
443,-8.49191947268531
444,-73.1174431829381
445,-66.20848590760428
446,-46.93353165123881
447,96.32732613118957
448,21.0888192566147
449,-65.26489318913698
450,-76.72930547741065
451,-36.69692643133445
452,-82.03338604203067
453,-86.6313913990831
454,98.6676696549009
455,-48.83243555401833
456,-26.78808842882586
457,-156.07886272764247
458,-34.381045660980575
459,46.22127174778987
460,-12.686533197129478
461,-27.65942284513264
462,-56.721005958040934
463,-72.70368875212529
464,-64.084064777278
465,-99.21498208869947
466,23.315824613998004
467,-267.3254406104296
468,-72.78839334398886
469,-135.6425833511579
470,-37.43640410109414
471,-62.49316058715695
472,133.4586267172298
473,-10.275285364707003
474,-46.69952318592584
475,-120.29784296188937
476,-83.16442484433477
477,-90.040954777945
478,-45.827888402284785
479,-98.850473987698
480,-87.36146869937706
481,-119.35035049409329
482,-149.96321974420738
483,-48.09566523572437
484,-30.197627042546756
485,-42.457091147719105
486,143.9077770063774
487,-93.82649769149059
488,-15.327151098209242
489,122.44519079633866
490,-53.01121528454648
491,-61.20835129209214
492,-10.204002143433513
493,-80.13688156214974
494,-103.44151165598744
495,-39.247414048200696
496,-10.579624782165496
497,-90.96797133623426
498,1.2039036194464643
499,-132.4468362103438
500,-130.94618094653683
501,-73.18495707723933
502,-44.25275466767327
503,-8.369698055167802
504,-23.01180146140436
505,-44.99531534617003
506,-96.92900613357527
507,-73.66652081560893
508,-24.11432996515883
509,-34.395567932263944
510,-67.67774466987477
511,-78.02814979087682
512,-22.082864133389904
513,-58.86005361214792
514,89.5093544234917
515,-16.56441502829334
516,-52.745307529545215
517,-86.163614183577
518,73.58408716451494
519,-97.11929657441416
520,-134.7125638792882
521,-35.797345946960675
522,-287.575831488003
523,-140.75287388825262
524,15.195370673217397
525,15.997446776057913
526,-94.53223308709508
527,1.5039550638697818
528,-59.118854466839366
529,-47.21752170737766
530,-98.71462287487743
531,-46.36650682474067
532,-73.61643207932275
533,10.160531395621106
534,19.035062698393233
535,-77.74365944233722
536,-67.74953356042614
537,-123.42526406367735
538,-53.57602663393624
539,-82.59934797645522
540,-36.600905404767786
541,-40.58761004182777
542,13.489302588418369
543,-92.8149649335681
544,-128.17754253650395
545,-50.91316216902658
546,-64.81482546744625
547,-114.83454045081713
548,-18.107846945456032
549,-162.8933574985645
550,21.42500213322775
551,-6.7234950048509035
552,-31.14265459793259
553,-62.17064372566105
554,-70.36353651467971
555,-60.43944899983841
556,-77.66746418999071
557,-33.41296412498177
558,-58.23608434014096
559,-68.35230390489944
560,-71.15855513723997
561,-50.22825140934428
562,-82.58660200980314
563,-38.198920640204406
564,-67.30367506581982
565,-5.939158542900287
566,-41.176384532590376
567,-51.04686015640035
568,8.918755426987431
569,-65.7902421841393
570,-62.53448672981239
571,-119.53031466451607
572,-216.19781060379444
573,123.7115776310196
574,-81.75268450226838
575,-38.24710105448368
576,9.031859800739184
577,-63.21376786608053
578,-265.81183165830595
579,6.557033209600334
580,-21.84143124481298
581,-136.57894675688004
582,-55.353974415628656
583,131.71196078304882
584,-78.46924543903211
585,-37.88787706126094
586,-184.67344550997666
587,-46.12328353736221
588,-111.92538875301727
589,-50.669525233701826
590,133.66413950064566
591,-25.45255502655199
592,-58.689675046786924
593,-11.179283243402693
594,-78.40710160814471
595,-15.007377888811547
596,-94.1497097770408
597,38.18128297513033
598,-33.184690473287404
599,-92.08050211816324
600,-110.34292916200188
601,-208.20281444007807
602,-114.54754255696997
603,-21.918552185258463
604,-88.17561905870124
605,-31.87344642968158
606,-28.507950143715362
607,-1.1621857918204057
608,-38.94888666574933
609,-101.38059820109359
610,56.408009179109136
611,-116.10353372169007
612,-79.76097822930787
613,-83.56868350898957
614,-0.5561130023830998
615,6.346795052205351
616,-106.32088239659853
617,-84.82189227460637
618,89.09148296780027
619,-43.12140070796994
620,-59.640265702086126
621,-110.23876733809537
622,-27.615097886111826
623,-173.43918120519055
624,-75.42135982051758
625,-111.81281667622267
626,-53.5931383854189
627,49.83665059839839
628,28.81182830313861
629,-44.45591421064728
630,111.34561545415902
631,-22.31922490631507
632,-66.46341163858064
633,-65.90730525435022
634,49.13192861683285
635,-81.09378553488156
636,-153.77361103258093
637,18.89102620805633
638,-56.488594354757694
639,-16.410078305118645
640,-62.485524831834326
641,-106.69049349241877
642,22.412130459440917
643,-59.85451904246777
644,-96.45056434485542
645,-41.554984318777656
646,-79.97208241547665
647,-85.25438540969968
648,-68.20597433308124
649,-59.74890904325467
650,-70.96655234519852
651,-58.889971836833325
652,-251.21507134106548
653,-74.02093277838867
654,31.561542135753086
655,-80.3035882806414
656,1.9407267802369859
657,-68.77396149908631
658,-31.535699744455258
659,-95.39880013847096
660,1.9667675825342172
661,-63.59117021700984
662,-19.56355503473806
663,-78.20025552486115
664,-25.41541878069502
665,-89.76303381226406
666,74.91973527779254
667,47.07479392636532
668,-87.06118580184962
669,-156.55838373317607
670,-264.40256005533263
671,-114.63535505502404
672,-48.22168886439312
673,-4.625692556313211
674,26.71575553047542
675,-91.33140030000122
676,-110.5488653780462
677,-72.27785681872133
678,-6.223726031814749
679,-154.08383430776158
680,-95.91585217687057
681,30.86825140788875
682,-11.789510625170507
683,-25.16658603296392
684,-104.8132956717833
685,-25.94496338557741
686,-45.323149133645956
687,-3.0016196965526376
688,-6.4573708213198415
689,-275.73418538043995
690,-102.05110697405337
691,-108.0109425287574
692,-100.83710012730734
693,-358.4386784336577
694,121.59589259643353
695,-98.32075857905306
696,-65.82515115670152
697,-121.81732494701319
698,43.72781111673288
699,-12.284454841960894
700,-122.55137625838981
701,-48.552192774716374
702,-77.29166398869624
703,21.592441362865088
704,30.508709971395064
705,-105.4671624919651
706,-71.76340382365254
707,-112.65629711607187
708,-101.89126689871885
709,-64.9034613840926
710,-111.20047700277544
711,-21.45873667040884
712,-13.178369729399208
713,12.585164523903998
714,-13.214309040706041
715,-67.52977926795248
716,-99.17096376836554
717,155.05761492022296
718,23.74174059576694
719,-46.97317193478989
720,21.95885191171432
721,27.229908406407546
722,-14.257930314546684
723,-81.68757127332894
724,-45.88157180888379
725,-6.620112669899555
726,-11.890093560352454
727,-18.567964854994145
728,-24.972272266811316
729,-114.33250694845242
730,-49.91426679264902
731,14.661828684357118
732,-21.811651939670412
733,6.941622704056471
734,-118.21499094594915
735,-38.37010111198428
736,-67.17827831239748
737,-85.87332720436785
738,146.5954967785042
739,-52.87993674136709
740,12.362358023532167
741,-32.491349326916264
742,-11.820375778866094
743,112.96086234650242
744,-85.35690917407656
745,-39.887078994519825
746,-68.76135509176243
747,-46.035697254510964
748,-53.34313544658585
749,23.177106805621648
750,-74.6564557705669
751,125.95688384874417
752,9.111721780229175
753,-103.20409710135135
754,-14.810607051546654
755,-110.097249439681
756,66.74280171385648
757,-30.984314041695654
758,-73.51767673321564
759,-95.27078909913911
760,-80.54154911165878
761,-70.33255032537113
762,-49.16586368862595
763,23.33815428166632
764,-102.40535015022483
765,-62.56109291753525
766,140.33914411815246
767,-77.10093789031657
768,-59.809769563232244
769,-79.80527204405251
770,11.966709834548183
771,-38.91466178609001
772,147.7757169934778
773,10.415602400660617
774,-78.92002774811155
775,-54.10360816900882
776,113.5919784123211
777,-61.99264127173407
778,-80.1968181946313
779,102.16920030817262
780,-126.18818265041034
781,-7.251256212110533
782,-8.098002756131024
783,-59.58847307776374
784,-82.65271734904674
785,-86.92593124085765
786,-37.906549032412116
787,-167.8377685091404
788,28.408897322524325
789,-77.88849316163521
790,-96.57754363754472
791,56.39402881382277
792,-230.94234205938074
793,-77.88248262357172
794,-72.70645959913779
795,-21.092467651073036
796,-91.33580776646048
797,102.47519923243222
798,10.088813324948276
799,-254.23323938588956
800,-7.909474048574708
801,-59.95294573502139
802,-252.027339345922
803,40.759551854607395
804,124.12669992588367
805,145.4934074426005
806,3.59840832476074
807,-217.26277979170573
808,20.56323959603874
809,-123.36120148829863
810,-0.8201303755663645
811,-39.99574976870704
812,124.15499323964367
813,-16.161506995672013
814,-92.96607431906173
815,-80.17312941473665
816,-65.91781856425624
817,91.7479100010148
818,-81.09391406631028
819,-48.51490409204246
820,12.822923975762961
821,47.70280744840156
822,-57.16234783482126
823,-4.320305226006511
824,107.47704744666392
825,-85.14835937828575
826,-170.66124715511216
827,98.19739651187656
828,-68.33396492689043
829,-18.305310179416168
830,-82.39696972930443
831,69.43327378345016
832,-12.843135777605582
833,-93.8373267225343
834,-70.40582278963677
835,-133.12418173314518
836,-6.867855965854375
837,-115.37321313436739
838,-59.94137678818808
839,113.30892388427328
840,-99.78295002128388
841,-116.00826266012564
842,1.9664980619613175
843,-84.64271002709899
844,-137.83742587706922
845,18.767680477087055
846,1.3471555580518526
847,-11.378750764654853
848,-90.9321914933112
849,-17.11412412148246
850,-60.06997054129107
851,95.90096742195792
852,-105.91914470459368
853,-70.14459101377116
854,-62.53303317501148
855,-46.62942889548796
856,-71.69360492182307
857,-274.37198137723965
858,110.1848360341039
859,-99.03382801857742
860,-35.74309123455515
861,-102.89542396173745
862,-107.36531304804583
863,-45.39614169654051
864,-113.36461935618212
865,-109.49138613818359
866,-69.18552219914778
867,-94.63381473261916
868,5.146940538606273
869,101.0656160194108
870,-38.350737720703655
871,7.975905683612524
872,-146.08493703416536
873,-95.62234221917281
874,-70.40625653991258
875,138.20334793441202
876,-124.85218428207992
877,-17.491018060157785
878,-56.61786845682642
879,173.8878527722697
880,-41.91023080078723
881,97.4499658277655
882,14.179493340589943
883,-18.957879293243735
884,118.37233030470142
885,-67.89990317231326
886,32.8492108101083
887,60.01193408763459
888,-41.99649130551495
889,-82.56350661179317
890,-239.01664849093908
891,-27.63698580886728
892,45.73413778531141
893,114.74800572191883
894,-73.95823611218043
895,-46.95543594293456
896,-15.056739628459141
897,-29.354883836887723
898,-67.94670098106516
899,120.04818759000602
900,-88.09221248509728
901,24.894363508249697
902,54.29486109921835
903,-19.909055305268865
904,-22.93381870071633
905,-70.1929665033562
906,-98.75294132210573
907,41.68036715959465
908,168.94410419540594
909,-46.19825777549686
910,-35.40503252472381
911,111.93873002574044
912,32.181954965876
913,-66.49663306561753
914,37.805245569021864
915,-154.75115484505682
916,-32.243085212632806
917,29.150343614946678
918,-0.7516044482086954
919,-32.8418296287154
920,-68.19823071944393
921,-105.38150673267207
922,-102.00417744815086
923,-128.48517006665364
924,-110.14748861962342
925,118.18754194558612
926,113.95577932446396
927,-154.93688270820834
928,-119.41076793134529
929,-21.525764326316533
930,-8.689538143301647
931,-107.10961476222946
932,-193.4004548093506
933,-36.37530421591211
934,160.17017378086928
935,146.35594196829354
936,-106.95727253637156
937,-53.95465123114558
938,150.9935603615613
939,115.53251225359381
940,-82.88171982734598
941,34.658561550644976
942,-72.03760315127904
943,9.75015098319436
944,68.4984723785337
945,-264.04613141950165
946,149.71387095252456
947,27.52588696782861
948,-76.83711140909499
949,-142.0246203526534
950,-89.50684670749945
951,-87.65761567915436
952,18.07434317696044
953,-54.12634068467109
954,-105.3761607433646
955,-28.36954209635553
956,89.78945889935493
957,-77.80780878142266
958,146.66910130873535
959,-69.43816065054821
960,-229.4228935957488
961,-94.32103504533008
962,-158.98767834073013
963,-101.53718234438934
964,-73.80218570608164
965,216.24082838396077
966,-146.7791638375958
967,125.31002705958615
968,-78.82698569708218
969,-124.8779658672185
970,56.8885441877501
971,-96.65071412758797
972,142.7111861047584
973,-112.02560850539405
974,-67.24075188561301
975,-82.021880027416
976,110.14363831910082
977,-55.32923289499836
978,-85.58886222292644
979,140.7151517203241
980,104.64456478390025
981,-109.16035500375449
982,81.31345878601354
983,-113.11939081207765
984,-60.45027489155474
985,-79.76322020534933
986,-105.28056476190143
987,-34.64725806190302
988,-80.30363087805304
989,-94.66488900514142
990,123.59449569664152
991,136.65557198025473
992,270.9242059763219
993,-34.73225369087422
994,-113.53364680960473
995,-104.27583241162858
996,-42.023464134202825
997,-250.60559617059812
998,137.89140000019384
999,-141.8471050243245
1000,-89.50716275578269
1001,-108.63824181287674
1002,123.47659426896026
1003,123.28155168792401
1004,-76.483374927616
1005,-64.79862927997542
1006,-38.9787295227836
1007,-72.72280319713764
1008,-63.23229439632704
1009,-72.16647358737639
1010,-108.497351137842
1011,-92.28154579216255
1012,140.69390681628178
1013,-39.62402043969945
1014,31.067692118367006
1015,114.45011731044784
1016,-4.354855393031357
1017,-34.14548176735279
1018,-71.77325782336482
1019,-125.4525431609441
1020,-134.05171328367192
1021,31.542347348727013
1022,-162.7686828716859
1023,-29.707167726536525
1024,-25.862824623878524
1025,-94.64772954202473
1026,-334.6784303238144
1027,-237.80814176903758
1028,-95.78642596435958
1029,152.29858504486344
1030,-107.32447091916694
1031,125.66496100917743
1032,-48.02954202221364
1033,-115.91731373806756
1034,-1.1519234014238293
1035,-103.97274507617894
1036,-75.0400465687255
1037,-172.02522808088932
1038,247.1801650593143
1039,-40.09482303543372
1040,162.9324130394075
1041,-149.7622835666118
1042,13.48349101223016
1043,-100.65416114664585
1044,-30.12079853842546
1045,122.71465234645271
1046,-49.31399988557442
1047,-47.70472275318603
1048,124.38405759273569
1049,-42.644231469012624
1050,-71.06223269054539
1051,-56.75328406072811
1052,-39.703164397112815
1053,-71.31219819710127
1054,2.889485626359132
1055,-81.73692125902753
1056,-13.8770205219394
1057,125.87262476806002
1058,-13.703034086906172
1059,-21.416050330197095
1060,89.13759843735815
1061,-83.08384274015062
1062,68.46073735459187
1063,-120.9300481390682
1064,42.13762126240647
1065,137.76193591782925
1066,-144.41649417838417
1067,-141.6705270847118
1068,-64.75620252525508
1069,-44.3869973210641
1070,97.69761412039568
1071,-20.897406578332337
1072,-90.77020729842128
1073,143.23345965232704
1074,-41.52652731211897
1075,-50.626357769006205
1076,14.85411534954099
1077,-5.8497057640526435
1078,-90.83878702096709
1079,12.683913915989578
1080,-96.32469398655037
1081,164.18185761454578
1082,119.25282962655106
1083,-42.862651145420934
1084,157.58965895737862
1085,-32.051088990586834
1086,-97.65426608730937
1087,-87.89065534340448
1088,-60.40234051903012
1089,-148.94768524544676
1090,94.77507674356816
1091,-33.0503060157812
1092,18.947683580682664
1093,121.08990323640599
1094,159.57340055235892
1095,-49.82164044124643
1096,3.538795575630985
1097,-81.65311984090557
1098,56.547933225993496
1099,-111.6459962079197
1100,3.674975679673665
1101,-183.33878962607025
1102,-106.28971375390313
1103,-141.31179624242853
1104,136.55020026527248
1105,-9.816978108834519
1106,-129.99850608570458
1107,-21.792892236989687
1108,151.08455424460288
1109,-17.48113360609983
1110,-43.31766890629591
1111,-46.445213361841105
1112,-129.1358915997925
1113,125.4945729793864
1114,-176.42617221382383
1115,-61.66399228814478
1116,-107.20218119853465
1117,13.927603620250466
1118,-13.458831165983796
1119,-147.17116711733274
1120,-16.667023039061732
1121,-200.53593859049192
1122,158.88800689801528
1123,130.35920733195022
1124,6.634793416054009
1125,-103.61258270485675
1126,-46.529973912961296
1127,164.5092776620746
1128,-5.680302070606089
1129,-153.51542985287563
1130,-134.58646323052267
1131,-37.24747497118226
1132,-11.279627071051578
1133,11.086740943942061
1134,-157.79435950896303
1135,165.29733376894967
1136,152.87933325921688
1137,-90.45593522146896
1138,-67.07668727511404
1139,-53.01304932364672
1140,-105.5425637035298
1141,180.90093363474267
1142,-43.65098182866994
1143,96.25126712032603
1144,-0.046827876764425014
1145,-33.2113270777638
1146,83.67336114639093
1147,120.03448061862392
1148,-152.22419304104397
1149,-71.24235184448979
1150,-114.50422179556685
1151,110.99290015470336
1152,-82.15041640386158
1153,117.42507493617057
1154,-211.088811423979
1155,-157.12416704895844
1156,-66.63885381772317
1157,-84.26965779731361
1158,-1.2288320074847974
1159,160.38197463375386
1160,17.132753631651724
1161,-14.582659012553563
1162,221.27028574339639
1163,47.30725685127737
1164,132.4010140954222
1165,175.3977436323744
1166,-78.7738877627752
1167,65.36138613085863
1168,44.45091582637954
1169,-86.261084600228
1170,92.75518084249057
1171,-88.17614002258644
1172,26.354790291070003
1173,219.6811428073485
1174,6.535594568355904
1175,124.48567205128735
1176,166.8459727919204
1177,-87.30436752713092
1178,-36.48088431537472
1179,-121.63231852634541
1180,-302.7284542417011
1181,-101.71734623768197
1182,163.70361963963043
1183,-259.46114369342433
1184,-41.980467376962494
1185,100.72197545142524
1186,16.286041656138806
1187,23.194518765362943
1188,16.011039212826873
1189,-54.535550307888215
1190,-37.393575542329714
1191,191.2578046462657
1192,25.67901761431574
1193,-70.28167434557339
1194,-63.699633296970504
1195,-96.19066442910396
1196,220.7975516320567
1197,-118.30783149807866
1198,4.4031038570478955
1199,-94.93970112730798
1200,-87.95358051782149
1201,50.1869598483849
1202,187.27252474952672
1203,-94.83071459266161
1204,-85.8859386627027
1205,-82.36466451513158
1206,261.98825981843675
1207,-19.289413141473688
1208,54.222362691542685
1209,-116.23917843112568
1210,-112.49714153204043
1211,-61.66420653190703
1212,-51.083137365769474
1213,-42.56122156743276
1214,-98.0180197510437
1215,-76.52318273998131
1216,-69.49669604853756
1217,0.06444623113060288
1218,-136.72476358401067
1219,18.060163336368788
1220,123.82793732221002
1221,40.18808842076636
1222,-81.81153296107485
1223,176.87165017460896
1224,-64.76556604302326
1225,41.46935019982496
1226,-64.2905282718601
1227,-33.3984164384112
1228,-50.358806285880334
1229,99.71046120724239
1230,10.726041807895442
1231,-9.158883570609802
1232,174.39099473022975
1233,100.1501180252022
1234,-33.11264796022293
1235,-47.06114055061751
1236,-144.0850706074844
1237,164.442447199528
1238,112.65078455307474
1239,-36.406903975532416
1240,-6.702561256265497
1241,268.54183269825205
1242,210.39171956379448
1243,20.49053445255423
1244,115.58113646530414
1245,95.36898818608924
1246,-290.3981174216814
1247,-26.8073227176196
1248,-152.81215584901116
1249,136.33557628688087
1250,-48.37231522514219
1251,-142.4338425466995
1252,49.09362479541494
1253,85.14922155858696
1254,-51.82515371020264
1255,-145.3157459812677
1256,131.2767421556211
1257,118.56022612451004
1258,131.30896732823072
1259,45.773792385793115
1260,-123.39033495492231
1261,151.39141848540066
1262,-25.61369901522741
1263,-64.8164042975209
1264,129.20154234344386
1265,-310.50749538833605
1266,-69.06942856898269
1267,111.49914833448153
1268,-86.21955972148113
1269,-84.02456448321928
1270,95.26121740258748
1271,151.7423663147737
1272,-0.16059845210075707
1273,-102.11308232323414
1274,-24.428803259774014
1275,-75.69225496938606
1276,89.20074972937395
1277,-115.69675467026791
1278,48.293026936525365
1279,165.28638058577943
1280,-120.51296568724511
1281,87.55830238322517
1282,-6.874297966029744
1283,-88.40195302561962
1284,-177.26499580013703
1285,91.07984735974478
1286,99.6027626941031
1287,43.9805225668145
1288,-54.478705970071644
1289,-296.1263768942349
1290,23.169949573149893
1291,156.87541256035274
1292,99.32474498839363
1293,-280.40525822270695
1294,63.136441189578676
1295,-273.7916595553331
1296,71.25223333807286
1297,-99.82565555089742
1298,-4.09750162021291
1299,123.07427833721707
1300,-162.85042057439261
1301,-50.130113482008376
1302,133.11497612127457
1303,-56.75497006930265
1304,-111.27216882279104
1305,45.38289477500919
1306,162.73774644553595
1307,-96.74011632164736
1308,112.9071626440464
1309,-194.1348011036627
1310,-269.58959621098376
1311,127.99454861955748
1312,170.7665069633694
1313,-87.42706771235709
1314,-94.06232610615407
1315,282.93327528223693
1316,-57.349344973500635
1317,138.91674564231693
1318,-31.690970161350904
1319,112.84373907643695
1320,168.04936403688734
1321,6.118562671583433
1322,105.36951663653055
1323,221.96347560213889
1324,65.93940828828262
1325,15.087973029639969
1326,132.7665856450529
1327,130.51569111562148
1328,-15.355793467560545
1329,-94.31044914758081
1330,84.72419589235092
1331,82.96052739022346
1332,0.7059719453626627
1333,2.18653141180954
1334,-110.68390332439819
1335,-97.51139583407748
1336,-151.81478890729866
1337,139.36686647223928
1338,24.551366443740164
1339,-104.65642153926639
1340,-19.58278464311327
1341,202.25118086053246
1342,-30.850634538540902
1343,149.22176737390953
1344,119.9376787032487
1345,65.56704907737313
1346,187.48054074132435
1347,115.90147037637136
1348,167.27877069798865
1349,153.6400259399223
1350,103.48583938550398
1351,71.48661987362765
1352,132.58125860845485
1353,105.21328670025622
1354,-166.0847158723797
1355,219.85646013807877
1356,17.867737420904362
1357,4.918734874827095
1358,-17.179403433279987
1359,180.94398387021067
1360,-54.587645838775046
1361,176.32874191696212
1362,151.9973584386303
1363,73.26688097614941
1364,-22.686951960522393
1365,109.68604873663136
1366,271.8903197345462
1367,104.44591484101828
1368,-63.04860917947208
1369,-63.35415814401396
1370,84.05775752152104
1371,234.7804822638616
1372,151.9244200174329
1373,168.00707245943212
1374,17.28787084383856
1375,65.98214970320808
1376,130.84537893284303
1377,-103.64168635434469
1378,-21.746138567775603
1379,244.426862206496
1380,105.87670824426371
1381,150.48852756263517
1382,227.7407784741078
1383,-163.85862716924578
1384,173.1695890806954
1385,-83.38646396079847
1386,129.77434810398967
1387,136.47976183384915
1388,35.91740891641014
1389,176.59430469600466
1390,95.35766958881439
1391,125.83784083986572
1392,109.02883825362728
1393,-6.624726164611587
1394,12.282754950030196
1395,-40.84041964805837
1396,-30.35330238234809
1397,-9.636717481624231
1398,-31.438326185214052
1399,-21.068369751256753
1400,118.20948075247853
1401,-52.8089212363287
1402,-32.76929807490001
1403,-25.132713719541115
1404,-47.240683220300895
1405,-0.7946272312919263
1406,134.86345170405627
1407,-86.34055620292263
1408,-55.38618248334748
1409,98.14060223732835
1410,105.82326751904341
1411,115.54718919983907
1412,-195.93115316390833
1413,-29.567182438775575
1414,-194.15636105067892
1415,180.74739222930413
1416,-69.546083759564
1417,-68.28381719818836
1418,151.55665355575644
1419,-46.70375858065576
1420,6.243202505508293
1421,216.3252283118572
1422,273.3889013038665
1423,-22.289934363775558
1424,-164.72904480338127
1425,104.4524859912423
1426,3.685242390905472
1427,175.13126472806033
1428,22.732358758781274
1429,100.49262422991464
1430,128.61179142884313
1431,-42.86103914606268
1432,-97.71738341416486
1433,-34.34801490837252
1434,20.32163453780764
1435,-17.07947958496682
1436,-72.83933290841225
1437,263.979282787843
1438,254.92682175286706
1439,-67.31944382953941
1440,-163.09616336931666
1441,118.60326302861783
1442,142.44705947307378
1443,250.6976435173957
1444,-30.583805316055987
1445,44.901756321666085
1446,2.3298881772611963
1447,168.29194822891893
1448,231.95911115442502
1449,13.870153620469964
1450,-31.094867697364734
1451,18.385478802103123
1452,-12.82542846692671
1453,170.8025327718739
1454,118.91154484084778
1455,-8.011126525421403
1456,-14.898848562919
1457,10.970396506769928
1458,7.095954231066344
1459,-22.558368311994613
1460,-107.76204986971779
1461,99.03080017209224
1462,4.793665791953487
1463,-55.92160475988214
1464,137.90161291522122
1465,142.87097650735208
1466,20.802339429729287
1467,185.75412037430345
1468,128.4943574813676
1469,27.912524619172643
1470,150.45849682551454
1471,-11.134331176054602
1472,-142.22418328213777
1473,10.82280850643447
1474,150.43518459441813
1475,40.91136744391969
1476,-33.64480838929171
1477,0.9903711027207436
1478,143.63520707607074
1479,132.09707442877036
1480,-71.73701393659006
1481,7.4484679420060615
1482,-49.471031547781394
1483,148.3791599787694
1484,-34.84722207445232
1485,76.17226535374616
1486,-15.237671918518103
1487,-34.30331217877065
1488,26.97372350277726
1489,22.876354357407294
1490,144.98674311410704
1491,164.5123142412284
1492,270.9597131136001
1493,-27.73646511868084
1494,108.48216139568467
1495,-64.1293492777182
1496,-56.230079235207896
1497,33.44008460011503
1498,138.10930310123703
1499,-57.12710752782145
1500,109.28488276754823
1501,14.583949448193579
1502,162.8400350735216
1503,18.040506108451282
1504,3.2050423691200507
1505,-55.39585432585037
1506,-3.071775518527488
1507,-64.32353185321347
1508,112.7529434023173
1509,262.2595102608467
1510,219.57313653895181
1511,-69.33358714570424
1512,2.812027216329696
1513,153.87585056590032
1514,-11.122317914338907
1515,-23.80627825250825
1516,-70.2435710638273
1517,38.747645814409
1518,121.14352142587029
1519,135.4199285725012
1520,-83.56030278128839
1521,-53.26780332189581
1522,163.1372732548905
1523,25.926732793711977
1524,152.50220642068192
1525,-44.295880363730745
1526,257.2285530636019
1527,162.4223938554601
1528,-244.68133643109425
1529,146.3321582437201
1530,94.38701647571055
1531,269.7162506520757
1532,-55.957898982099806
1533,-2.6719444970058674
1534,-50.06452198356145
1535,220.73651179430425
1536,139.77309150135795
1537,188.95012186372963
1538,60.53484900532688
1539,242.41852962336512
1540,121.27508854515875
1541,217.19652140437853
1542,-95.91343811817892
1543,-49.78837992659492
1544,-45.815709270654374
1545,100.97026743512396
1546,13.530204805242604
1547,-13.732618564770732
1548,-15.753833844393597
1549,158.21788828924923
1550,176.08374457957507
1551,46.77331589217795
1552,-130.6338783882763
1553,-88.35565306908015
1554,153.08903722097753
1555,-79.8559364828004
1556,43.841583008838654
1557,-171.21979725272143
1558,101.70452623929546
1559,178.06875300805672
1560,87.59902436661278
1561,-250.41539152715598
1562,18.07263985286457
1563,3.2063607870138924
1564,9.907745167388171
1565,281.5819461686858
1566,148.4031633688929
1567,-84.2274307042876
1568,-17.143549861647088
1569,5.0382457139776164
1570,252.9166395791197
1571,187.85754274897099
1572,137.20768392821637
1573,-40.61505953987533
1574,172.9411951729825
1575,126.0310503177348
1576,33.81709336324667
1577,62.074773732697096
1578,168.8289439209051
1579,161.41370969396763
1580,93.50916064486265
1581,-18.991984394819866
1582,-32.691198820473886
1583,279.0700390287691
1584,-56.25829166920445
1585,24.76815393549667
1586,-45.36685589650378
1587,174.24709570688074
1588,121.62956791853632
1589,-18.20176478254963
1590,154.09764153108736
1591,223.9122363215484
1592,103.44708038863715
1593,6.371188127758117
1594,-40.10941509218864
1595,7.223913488128417
1596,159.03913928337693
1597,-251.99153789212528
1598,22.351551165219703
1599,-9.236004133932155
1600,3.3961083679967317
1601,-8.45565408133956
1602,-36.18064849187198
1603,-30.24815334718393
1604,-45.324554283040314
1605,19.436640348492077
1606,-1.9604785528309208
1607,211.66291996003108
1608,237.9490667658403
1609,254.92174439179928
1610,265.17096387230947
1611,-8.330501515925349
1612,150.4473361163578
1613,285.251655137839
1614,85.74368265130119
1615,-10.736378122074555
1616,83.72063603952711
1617,115.04975653402155
1618,-269.8617647993366
1619,55.60424389833696
1620,143.40627128516408
1621,-42.877193065888704
1622,36.08707026640552
1623,-108.53682119881594
1624,-27.437201608370117
1625,15.765507814743756
1626,-17.31741616422707
1627,-87.58819714679935
1628,-25.40154329057846
1629,141.19882231171113
1630,-4.46612157409885
1631,-43.626323948145355
1632,-4.162590618146885
1633,-21.336197794770328
1634,-1.7578441719316515
1635,211.06642361544505
1636,218.9778025449162
1637,288.73038952165126
1638,89.48606730740627
1639,160.73792442290235
1640,-63.86479078100032
1641,118.19393723959689
1642,-40.46217854160956
1643,233.7707566791326
1644,-12.437924474754936
1645,236.40640815452508
1646,142.17138495472022
1647,289.00414788945153
1648,105.34954067960744
1649,107.51404094433667
1650,276.77097110031895
1651,138.41079894291897
1652,149.53994725120663
1653,102.32476334164295
1654,253.45301024366316
1655,73.61271476811288
1656,172.87818333574413
1657,-48.97871001973809
1658,-28.728980798639498
1659,10.238406407699813
1660,-61.110118762914496
1661,168.02090101879418
1662,144.480662145717
1663,-51.506019740837395
1664,257.5394471584144
1665,121.1157093896271
1666,-68.52674516079419
1667,81.50963346274247
1668,-40.76493481289161
1669,-27.379329227527208
1670,-147.00653273807794
1671,-61.37736372043465
1672,82.66921151200344
1673,-254.5583950591768
1674,95.80563911597936
1675,258.35135685246416
1676,-77.36607436171134
1677,-121.27346364836191
1678,239.99358525788998
1679,176.68705199662537
1680,248.4914047223955
1681,199.36192358462614
1682,221.99669280870665
1683,158.4920125445587
1684,284.089018354299
1685,-38.37179538928801
1686,60.93467449126923
1687,71.68452460119471
1688,33.981503869474835
1689,171.95019574891577
1690,224.44666186073292
1691,148.09816099059702
1692,-75.12614443439
1693,103.81064395382276
1694,240.96720879645224
1695,-22.771845505593006
1696,3.0369790579809433
1697,-14.48911784692119
1698,264.63268672652123
1699,228.78785873208687
1700,255.72527154292862
1701,153.10475253399815
1702,45.37525451403151
1703,-6.160181241132847
1704,119.13188746339908
1705,-60.2559344225576
1706,154.0177223766119
1707,-3.855729438849636
1708,273.45330275437925
1709,7.0386913855898
1710,-36.36809447389045
1711,-68.553157349331
1712,112.6632942481933
1713,128.8859713337028
1714,281.5473448649002
1715,137.78625174021766
1716,-74.97736159908673
1717,-75.69551575155815
1718,274.9852978016189
1719,96.18513535260847
1720,280.4192315108496
1721,127.21673849245201
1722,162.3825650220213
1723,-48.63687256660108
1724,123.74829113250813
1725,251.33648618233187
1726,159.44746646089408
1727,-48.38903092383468
1728,-25.083345400120123
1729,113.80127537809153
1730,242.7092399362562
1731,134.84401462233828
1732,118.01748087997174
1733,-20.806237124610306
1734,126.45070502851685
1735,-3.173454199622051
1736,82.51504130997593
1737,-14.302752070021384
1738,17.31684159022211
1739,138.1674503794498
1740,142.3814550047466
1741,-48.15878137857098
1742,134.11859326449007
1743,-78.21319925559085
1744,122.76529697982103
1745,247.33426377309092
1746,175.901170840196
1747,3.900788193118075
1748,-2.025307127157376
1749,209.99575226923085
1750,279.878338530216
1751,278.4644632049887
1752,35.09815530531941
1753,47.04936292123614
1754,104.79090303414931
1755,-41.173050407852145
1756,78.3458688818346
1757,186.8624990672906
1758,153.67774165730944
1759,2.6107557221323674
1760,141.41483172281474
1761,157.580749047156
1762,129.75729180144762
1763,41.95235926571678
1764,41.69845961706267
1765,68.3346010743229
1766,167.23393399924302
1767,274.97114350488266
1768,291.3434025763099
1769,152.44109811629446
1770,119.04907298119456
1771,182.68065096053957
1772,116.90574523842363
1773,146.64794278789012
1774,-56.89244784609803
1775,-50.59796754380643
1776,175.15201548798032
1777,-55.0282484668175
1778,29.427412764238202
1779,72.08675457851942
1780,133.45050481144213
1781,268.53545802640053
1782,-70.07641777090828
1783,145.47356646771476
1784,205.73755464615448
1785,-86.95759754740212
1786,-150.02859023372994
1787,-56.81877755849862
1788,135.5361821032113
1789,132.99375032250217
1790,258.0579576854657
1791,-41.36819949745106
1792,-30.23219247506482
1793,243.70307875832833
1794,-67.87734350479262
1795,22.18330234050717
1796,277.037716897825
1797,-68.45053687006474
1798,-274.3833478776186
1799,52.31740756955912
1800,73.98626783275779
1801,-100.28376720181964
1802,162.7398742697169
1803,-141.8500071962967
1804,250.70416703053752
1805,-132.53586829229528
1806,160.95257111820652
1807,56.30862882819537
1808,273.30674803571503
1809,-81.71980226166409
1810,87.28349502813457
1811,37.07122299788844
1812,111.11322845706067
1813,72.59606848094026
1814,148.1594678691839
1815,-195.1503125786914
1816,166.41403580653184
1817,-42.68016216026068
1818,3.773245298790627
1819,132.97699575317316
1820,148.38651268374983
1821,134.49052051877536
1822,-23.254421210642803
1823,120.32372874817753
1824,268.06866882403637
1825,119.80043054259193
1826,108.12388742697873
1827,154.35881037100896
1828,30.643857271296838
1829,269.0507600807145
1830,234.39324157715095
1831,16.71941971889848
1832,23.701235810512685
1833,121.44865552369345
1834,-170.25547695071782
1835,79.37002930655431
1836,268.9425929995757
1837,95.73394564767428
1838,269.1458188916481
1839,266.33305241962967
1840,181.98669838240338
1841,156.83383049484553
1842,-11.206193422628601
1843,148.64896040808605
1844,-96.94867438368152
1845,269.21161128452803
1846,237.19462113266246
1847,124.72254302586164
1848,154.53721520923744
1849,-106.4214150329707
1850,-188.20064420671935
1851,252.29198178374278
1852,102.83877163567625
1853,248.9633576811764
1854,71.98190105465254
1855,221.22230558943969
1856,-0.9692855579350663
1857,74.59638145658418
1858,256.0360965538936
1859,160.9581491551466
1860,79.55034350975721
1861,143.93035482028543
1862,28.153464657820564
1863,-61.11906619035644
1864,141.44229232647675
1865,35.90309726508596
1866,-0.5329290222460207
1867,104.78717035621213
1868,-65.19015141044147
1869,-120.24455904392464
1870,131.68337659519878
1871,-77.45406127974331
1872,290.824037548243
1873,-18.93211960573666
1874,108.2442460387969
1875,49.52276851236738
1876,258.93681214696994
1877,157.16784425634094
1878,152.55284448824867
1879,106.23510706417605
1880,277.5405837672457
1881,122.25152094263983
1882,172.4942632662122
1883,20.233626194254853
1884,278.3398541806877
1885,-41.5924095720746
1886,220.93542058365347
1887,239.8396515307064
1888,118.25752694396061
1889,138.43246825221104
1890,-235.24638880520519
1891,4.478231643343136
1892,-6.205056946053276
1893,-33.32325103564909
1894,23.62522593248039
1895,189.5461419108146
1896,-60.395003644073796
1897,-58.70070838059354
1898,184.69678201297603
1899,150.820746304053
1900,205.9867399668131
1901,159.74951079359732
1902,234.85761121198408
1903,22.500077588610324
1904,229.41000055742694
1905,126.31561895193786
1906,175.70289086335418
1907,262.49597881756154
1908,-150.6496600044744
1909,105.43929789517463
1910,169.94148719185938
1911,151.00165506627636
1912,128.53623161369362
1913,45.16925741347063
1914,87.2561878655784
1915,-81.33076202850992
1916,-34.08226075424503
1917,118.79247283292625
1918,161.94619066608314
1919,8.258675249026822
1920,232.11900573689738
1921,83.56416509730373
1922,20.97453936975539
1923,12.099695737952828
1924,132.07812645534574
1925,122.23528686180245
1926,121.78226976056477
1927,280.3126593317031
1928,-16.162796440746646
1929,-12.5508526635749
1930,12.576602096203573
1931,39.589297032352164
1932,245.42939419501596
1933,-30.674871310740357
1934,138.62697450086816
1935,244.71187888032927
1936,11.741879559899006
1937,51.962850132299906
1938,181.43623930214278
1939,227.09923436668748
1940,247.1426795084788
1941,281.58131349957137
1942,188.0432843481915
1943,110.10835628160889
1944,234.16229480133975
1945,151.21198771260694
1946,144.92596842032168
1947,259.6829454588759
1948,36.14703569912645
1949,-5.609476516212595
1950,53.78242699717026
1951,120.69249749519017
1952,117.87037566803383
1953,124.51564058734277
1954,-30.16288171358198
1955,80.21832929140211
1956,50.65869797337214
1957,254.69572284806335
1958,264.04529474074275
1959,-8.904149627603843
1960,205.19955278961885
1961,208.8554555538623
1962,17.687932663650173
1963,102.97969785481646
1964,286.4929445066176
1965,107.35282380803261
1966,-10.742163687218579
1967,225.7183696225129
1968,163.3530604560311
1969,189.5751524731056
1970,5.942938335538514
1971,160.9190557185162
1972,138.08776494629973
1973,272.4934199344183
1974,-20.932809901858107
1975,24.901027465929673
1976,81.10227881037135
1977,128.6798869231049
1978,127.50686129791212
1979,180.28683837418762
1980,116.67089612855517
1981,121.14958383627882
1982,160.0169259291713
1983,277.1884015545486
1984,92.3340140795934
1985,-35.48500555755734
1986,135.85957165114104
1987,9.730005276722437
1988,110.94243510396329
1989,166.13986239671559
1990,77.76588818337635
1991,87.2710123835849
1992,102.77037488660422
1993,-199.40136321080783
1994,90.38645790895411
1995,161.31407453706225
1996,283.78965563482666
1997,170.56090826260737
1998,282.3302670088442
1999,143.9983662382287
2000,-9.981059813154815
