1,-259.11726700112825
2,-364.8532154006689
3,-42.976695249870104
4,-104.71298422895633
5,-312.5160907521814
6,-113.9979129095917
7,-111.9289234811785
8,-117.72343242597688
9,-141.37259103035794
10,-115.85401738319452
11,-116.90154260668226
12,-235.19980882401325
13,-133.82273451926577
14,-79.14707558282768
15,-138.07059716006748
16,-86.18820012826886
17,-62.88479117643877
18,-54.070012907054284
19,-90.1236030615614
20,-98.2870010114987
21,-69.36251666918146
22,-28.299018239101002
23,-75.70795420172401
24,-82.92077594435746
25,-38.04998838584443
26,-80.97448349112443
27,-59.36413686792003
28,-65.36885566049648
29,-154.13408922203536
30,-220.6425720433946
31,-187.57783338473178
32,-79.76622658167317
33,-43.76765481121315
34,-74.11545296507514
35,-86.13960574086407
36,-157.8284610185455
37,-56.58281823910007
38,-129.9484850206954
39,-68.18000078537098
40,-100.43753566654712
41,-84.80931631685587
42,-60.77649158665466
43,-78.13283190081688
44,-55.54237212271271
45,-70.99125020598945
46,-205.9642790053286
47,-250.15652597585643
48,-301.1710923880323
49,-125.83142851314412
50,-131.63499838487274
51,-204.19732557758618
52,-52.0671941556731
53,-82.00245991892118
54,-175.37185604076282
55,-119.84998160831309
56,-165.9692932637983
57,-97.77628784278751
58,-18.880901426332954
59,-105.61768782924595
60,-125.3407549443486
61,-167.94295353394384
62,-137.78414612081212
63,-270.2922003605777
64,61.23983484761405
65,-49.93573359154714
66,-76.64322883770194
67,-63.018026298535794
68,-110.11781693505908
69,-328.89443406219306
70,-71.34386758021175
71,-107.20873584324289
72,-37.01897233448587
73,-10.90199998882126
74,-64.69409014617187
75,-88.63675829012152
76,-28.85799072860631
77,-100.27789696329447
78,-107.72355126043588
79,-85.43117888786556
80,-113.77511294219484
81,-53.063020687174216
82,-53.88107324660536
83,-148.08617450421326
84,-79.59731199151187
85,-98.80186543827644
86,-118.18517635210415
87,-158.77757721113966
88,-107.46833133983104
89,-128.154209611427
90,-73.71261097005859
91,-59.52197165885142
92,-145.32334347404122
93,-103.17580320198829
94,-100.58032355773423
95,-131.7732563525082
96,-47.39830213247028
97,-54.102645804156076
98,-3.116648541219533
99,-75.92248209444749
100,27.53214679287852
101,-59.67586377001111
102,-46.352835654103885
103,-197.63152508592378
104,-95.63828587411773
105,-166.7859951661581
106,-123.08056599616509
107,-112.86246378744225
108,-56.307440777420595
109,-59.32462513565181
110,-9.98521473848669
111,-78.34528541013648
112,89.92195668370117
113,-54.9116386857414
114,-74.8904417325598
115,-166.43693819887267
116,-272.94697717894746
117,-49.1368313301148
118,-98.00229796181226
119,-79.31696328663523
120,-29.287145832977956
121,-64.9653970186147
122,-127.174519536095
123,-60.032874529929614
124,-15.552320708580652
125,-39.76879609161985
126,-97.15521010296236
127,-129.5480348161433
128,-108.70692627193465
129,-84.936821662967
130,-48.93659408256187
131,-68.08237658597439
132,-126.53082073369991
133,-98.08156265369496
134,-113.13261825503699
135,51.89473363225532
136,-94.15726843209298
137,-82.36836964055507
138,-87.9895990691157
139,-20.538600910654253
140,-118.54880412355624
141,-215.9360296231755
142,-138.01722020519435
143,-56.271543774814035
144,-108.26698613813284
145,-104.17022338008064
146,-77.02774123338892
147,-40.602813581040145
148,-82.79468195519428
149,-69.08382410721471
150,-89.08655045525362
151,-122.80948063647234
152,-130.6178677446373
153,-41.100940128476864
154,-119.57485591447664
155,-33.406896101757155
156,-100.22025756639141
157,-101.87983021598815
158,-104.32409254667579
159,-44.13733910992978
160,-62.200432100113346
161,-34.94502850942885
162,-96.45958661065768
163,-155.47533850209135
164,-137.02735468541022
165,-57.12555225482406
166,-386.43941787834547
167,-132.94303401495065
168,-90.46852971569118
169,-183.187448383138
170,-46.95100481810971
171,-93.8037472062502
172,-110.11160928151693
173,-61.11766426035196
174,-0.6211250719826182
175,-68.84760463051143
176,-87.74122031293923
177,-63.33617400993889
178,-95.52589212382797
179,-32.21051026217728
180,-194.14648078086083
181,-240.72282314624837
182,-42.52567447976331
183,-51.63331309044891
184,-251.29909492584082
185,-55.72270312233124
186,-88.48017735435222
187,-107.06557069068373
188,-102.45492110301277
189,-40.21847936215133
190,-93.86293137376113
191,-71.67175194405544
192,-112.59834913810028
193,-64.04199165938681
194,-90.86362331961098
195,-99.77823213608042
196,-96.99483132483451
197,-111.75215233975334
198,-63.680630535504605
199,23.266191465372174
200,-128.08599523593608
201,-131.37664917338986
202,-101.22966039944151
203,-82.65183092652876
204,-44.189428207736526
205,-94.27566119932322
206,-45.35421193451592
207,-332.15853802629806
208,-78.68107071733553
209,-240.19089162323493
210,-69.00987609193615
211,-73.72504199559239
212,-107.60372021688057
213,-80.47235190833808
214,-54.074946903233396
215,-95.40730052052271
216,-76.66546681026848
217,-47.933985596886835
218,-118.20996050905359
219,-103.72955953684587
220,-64.9079285256248
221,-101.14058750795553
222,-75.58236785995574
223,-83.18469615668319
224,-119.06116497476498
225,-19.524225765978116
226,-95.27310148179181
227,-63.83452420418966
228,-54.080844436876035
229,14.178003113651954
230,-56.53980396902143
231,-127.49397408034142
232,-172.87622285264314
233,-105.62988287683204
234,-17.856180595207206
235,-74.70983697195476
236,-52.57193181800026
237,-260.64325870885705
238,-88.4594206089173
239,-111.27646050359378
240,-88.8537100475636
241,-61.359263625981214
242,-25.595838948547893
243,-39.40887552988656
244,-223.87645564166064
245,-81.75966375344026
246,-35.47065793770079
247,-201.53698885869852
248,-90.5353406747492
249,-116.28613704193454
250,-154.51150783000347
251,-66.34006761799861
252,-76.24895077135626
253,-90.51856112615394
254,57.522189070143845
255,-132.90284817125197
256,-118.72244918299117
257,-82.10833373475377
258,-60.29969314316513
259,-129.99406636023724
260,-50.95210766934207
261,-89.84144323670446
262,-70.49539049260486
263,-105.59428374715453
264,-94.45237133511186
265,-67.29761541881136
266,-76.90626552664762
267,-72.43154974686274
268,-115.68556647070568
269,-87.33987513883068
270,-50.80887593508949
271,-83.54943090641713
272,-142.38533732073802
273,-74.80607909491921
274,-100.08036135065481
275,-54.16301619523367
276,-48.10501281902177
277,-43.0948941586429
278,-32.729295274163505
279,-112.89260959131818
280,-50.02873176140369
281,-81.06169523651718
282,-51.99783941128737
283,-48.82722042137386
284,-125.39181752161642
285,-111.19693159238658
286,-47.40286763642115
287,-75.89091453553696
288,-15.943132486256772
289,-92.40856738203907
290,-96.69107999490188
291,-52.30140302791218
292,-50.023110708771796
293,-90.03864132292404
294,-35.87150068006075
295,-3.819896807489016
296,-66.5351574433488
297,-54.79546174330066
298,-66.74768861098096
299,-89.80504009639411
300,-86.57878739238451
301,-94.66667854297708
302,-63.299054178974245
303,-44.075240050617055
304,-60.44709792160215
305,-20.687084840325653
306,-31.435261527227738
307,-19.952875946920017
308,-110.904420893315
309,-41.83463352145597
310,-65.84601513024006
311,-39.647747978345706
312,-9.390259708226466
313,-94.7701208322543
314,-64.01089959919838
315,-76.62387341474633
316,-73.96406691697075
317,-85.96740211647489
318,-106.54418855720701
319,-25.060329092354664
320,-54.56844106503645
321,-67.5309819261524
322,-29.197496757473104
323,-108.99535104064208
324,-88.89201872701574
325,-144.52250069772145
326,-40.37448639805231
327,-76.4239887694633
328,-74.85797709390181
329,-81.52273623396988
330,-66.6767544677908
331,-15.310932617942413
332,-60.118954038805015
333,-30.535195626390802
334,-99.0126920698845
335,-29.76505474564742
336,-57.982965133526136
337,-113.68237449796004
338,-86.55847160115115
339,-58.061549613021214
340,-99.70863615421194
341,-72.50647836766768
342,33.37574144723166
343,-39.58624415096047
344,-86.40153856664504
345,-172.39187150815837
346,-21.650750254876286
347,-95.1462884581399
348,-11.664961528115256
349,-97.20453780320301
350,-19.937271918786408
351,-43.92872236502254
352,-70.99291010072805
353,-107.70530946948324
354,-12.734188634223074
355,-66.00063620489709
356,-19.834323492383632
357,-45.1727447648198
358,-36.28873057583449
359,-66.35268202036593
360,-35.85629262524465
361,-66.2253009659129
362,-117.4357540489777
363,-116.76299429131781
364,-69.53543423209815
365,-72.40663740063935
366,-98.04994496892041
367,-44.73402636634136
368,-81.10330700697074
369,-74.88931696822848
370,-301.3426006620403
371,-74.33347019441294
372,-54.89717111580667
373,-113.0040449656413
374,-52.23124355416776
375,-114.34237182835103
376,-62.01741080822062
377,-124.58853848889106
378,-99.45434063750933
379,-69.64307215672844
380,-6.813019594913726
381,-36.573248724039914
382,-88.5579153951333
383,-26.038631902973634
384,-35.41222404787774
385,32.82698997923302
386,-98.68282898496209
387,-143.1431595931244
388,-71.84325655880014
389,-70.64240720384588
390,-61.144727728653365
391,4.046437727510536
392,-34.16273788923155
393,-122.74287848134173
394,-78.8044725629307
395,-3.653906052150276
396,-62.16406360690376
397,-44.22889206712155
398,-70.83428523194594
399,-65.87865668388444
400,-69.05730485623252
401,-20.570071451630923
402,-86.99789976806713
403,-21.60544881838169
404,-99.65759697426432
405,-122.80540259456588
406,-94.22962438179218
407,-100.50626366748689
408,-53.08716183177096
409,-77.14761433297556
410,-298.3622001860457
411,-70.4349945104927
412,-66.44589950051254
413,-56.595471097271265
414,-44.92958085514849
415,-118.56219174128117
416,-94.4411592756073
417,-47.957254744130736
418,-74.87355832008595
419,-64.37347421901455
420,-55.34554657669881
421,-71.66913562281677
422,-88.84990814706396
423,-107.01126804778528
424,-230.27534253615516
425,-77.6072196898418
426,-23.272214866801733
427,-33.277631099758466
428,-71.07566694889297
429,-97.6627586325805
430,-45.06554405191515
431,-12.73279767339237
432,-92.02880025416415
433,-82.8471565693981
434,-96.38075090101498
435,-22.764018697853786
436,-38.778808690877526
437,-18.825762168633858
438,-71.2761254407903
439,-122.75942299687264
440,-23.120906673642708
441,-113.08056954039623
442,-16.036231210817306
443,-28.382511279716752
444,-81.60305413374026
445,-61.43139287989004
446,-91.44534148033514
447,-45.40953862679943
448,-86.33156587752292
449,25.378345530134215
450,-102.00467204659878
451,-78.36486227232596
452,-65.17284904724865
453,-17.934572526534396
454,-25.55562662270006
455,-62.2459798826022
456,-81.67754804701178
457,-63.72313073398971
458,-81.48833100479379
459,-39.048115479859376
460,-20.03324122865989
461,-205.04397842554314
462,-100.82691882936965
463,-15.794718901431978
464,-44.21165677856092
465,-82.74317102697334
466,-95.47945653843327
467,-58.18541186796873
468,-67.11534541544655
469,-47.166056371990706
470,-55.13939386040536
471,-48.363775005938464
472,-99.84349276928343
473,-65.86218043851657
474,-11.709565204849909
475,-70.7633669600714
476,-29.981618333265303
477,-93.97991502151389
478,-50.447643914600064
479,-28.83157045437798
480,-59.400154897939416
481,-13.055606473677003
482,-60.34558760527522
483,-116.48325286095003
484,95.46174225782451
485,-75.91229074685467
486,96.74869213786701
487,-15.547954899600427
488,-38.73508855983496
489,0.5062162297095227
490,-55.310394496281624
491,-52.962004494610404
492,-41.50158642785509
493,-57.17405281247955
494,-126.62843103410279
495,-117.62171400250324
496,-80.80519626122283
497,-111.51770436739069
498,-98.22610360892085
499,-16.556627578360434
500,-39.64096518916253
501,-88.50994674099944
502,-25.2868709072481
503,-75.21272208316141
504,-102.07390316398299
505,-53.16458222868272
506,-48.678733496512805
507,-53.64706361434397
508,-46.31305056017811
509,-17.923624270739296
510,-57.01317867078256
511,-68.14192096886183
512,-125.37552541434536
513,13.656996337202727
514,-39.45311382426176
515,112.30054148160185
516,-43.55096816420216
517,-110.25893941911117
518,-50.14627384820044
519,-47.237106354392296
520,-76.5095221057174
521,-43.05096474254643
522,-72.3054876344014
523,-24.793401187624823
524,113.88768279071704
525,74.41971302447051
526,-49.33106295177865
527,-50.92389197263735
528,-40.40294277562677
529,-122.72825484228366
530,-26.2445412557244
531,-37.81299937004515
532,29.15029898879078
533,-55.33122585514009
534,-78.87185014646691
535,-277.1786216971195
536,-85.09548683734802
537,-11.48995592241728
538,-60.35964294570546
539,-33.507703874003795
540,-20.383490979410738
541,-59.90777434312875
542,-30.161637582474498
543,-51.63045969881542
544,-40.509508174260645
545,-48.74325957498287
546,-67.2144968405704
547,-99.07092071320251
548,-77.72268625636978
549,-71.62625494207963
550,-55.16005177258963
551,-37.35727943325722
552,-108.50600898396725
553,-76.80167535905433
554,-18.07076794875107
555,-15.692125077800668
556,-107.34341747423828
557,-60.576014378581256
558,-23.66568094912202
559,-64.30007372382339
560,-134.24690710484
561,107.25048304046543
562,-68.8717401906967
563,-122.29396060442771
564,-70.58626976583152
565,-30.811801429190254
566,26.036597015876936
567,1.4053994636733904
568,-107.06324860208578
569,-73.13041391987504
570,-25.808838937983325
571,-54.018288106780076
572,-99.96874930780892
573,-49.326633179057524
574,-54.702041029060666
575,-106.05801088991308
576,-32.49113047335386
577,-10.218006253044564
578,-89.83810441413809
579,-73.20386533202188
580,83.68032368643422
581,-25.449152810488698
582,-54.19511815874226
583,3.10474200516083
584,-104.74448852948811
585,-91.77731694762193
586,-41.58759382627386
587,105.52806324599386
588,-52.177540209547274
589,-14.087818044427266
590,-24.53693854912352
591,-28.408582338086262
592,-2.5573493546554573
593,-86.54789086995774
594,-97.56707947662889
595,-55.73755461936109
596,-183.48760099865459
597,-95.55238065171538
598,-33.441439045187835
599,-149.3279241795703
600,-21.03419104087817
601,-39.667862127551615
602,-42.49929433809291
603,-101.08805755685415
604,-44.935761201809854
605,88.118443556469
606,-73.48888015184566
607,-55.900878088625895
608,-128.24018428753283
609,-58.840086014708604
610,-37.57332872345749
611,-79.77020594044885
612,-134.40940529683238
613,-1.2839273263674897
614,-57.77174700212836
615,-19.715696634851298
616,-97.1271316265519
617,-48.82501813557612
618,-69.42138759495813
619,-57.41638099064922
620,-92.52674456190094
621,-153.67712575205888
622,-94.09554428331329
623,-96.17192914899356
624,225.61921785627516
625,-40.05544082714928
626,-70.38376199973938
627,-106.20469019598389
628,-43.17966062618656
629,-32.8851454037076
630,14.630124432321438
631,-78.89832053272947
632,140.1240589823772
633,-57.833235075486755
634,84.76945147421911
635,105.5383000033166
636,-33.09411360584204
637,-39.38071579205213
638,6.994652056315431
639,-22.830322426696995
640,-79.00396407977973
641,-57.856192748050745
642,219.87514180105268
643,-55.21703618451009
644,58.709441755166964
645,-186.29236799008146
646,-73.81910238451098
647,-51.31236053349632
648,-7.706080950301607
649,-26.920562803613734
650,-67.5324227513395
651,-75.9622323403579
652,-37.99662576117021
653,102.55780302166886
654,-114.92329249257045
655,6.6672490017444375
656,-251.59323955589505
657,3.334120525491059
658,-141.5116445621286
659,13.749997713317327
660,-48.58700497904246
661,-78.65959920172584
662,-222.97666040104093
663,-42.75192734046509
664,-36.12648154060247
665,-44.010947934295224
666,-75.5665675553804
667,22.702748469008725
668,-21.82819625296179
669,-84.56776984213215
670,-59.530305119372045
671,-34.96117791252506
672,-95.71953016002641
673,-44.60936775475538
674,-79.74839956340875
675,-1.4170298663532037
676,111.32585426851641
677,-36.20334932576769
678,-49.3025592516263
679,-54.60424111880204
680,100.32828480313063
681,98.91039880675443
682,-28.16076085942217
683,-31.268341741131835
684,-51.43898831034439
685,-92.61045947575646
686,-120.03498059350395
687,49.34401406415968
688,-89.4341804894379
689,-79.05754283448806
690,-58.639080608787275
691,-24.02218426043936
692,-62.71981109769753
693,-49.21411972865928
694,-46.36297593872625
695,-112.2477263330238
696,133.56758017734953
697,-6.90470955584415
698,-52.382888287387644
699,-31.020280666543073
700,-86.62681680817354
701,-35.91907303730754
702,-73.57313048237464
703,96.16782642373633
704,-39.83389418400977
705,-26.567936808040557
706,-45.97737762716514
707,7.357148119866139
708,75.75411927590007
709,87.05365109061864
710,-68.14873029399168
711,175.64894855932988
712,-103.21004655537565
713,-18.736194889906812
714,-16.807715580182474
715,-45.99808537411964
716,-26.689012203781445
717,-96.17543611782854
718,-38.439680716388466
719,-70.28386250041514
720,-38.666910006126045
721,60.63587196814218
722,-17.213578128981524
723,-7.288248783842761
724,10.23342531525094
725,-3.333088317658138
726,-21.815217490699922
727,129.9131060155406
728,3.399092469032311
729,47.485022852572996
730,-86.77312921351253
731,-28.601391994217707
732,-7.100682972934251
733,-62.94121357678711
734,-115.97638764980914
735,-78.02211123618652
736,-116.95939897872341
737,-99.24824527542032
738,89.17953321956814
739,-76.05159836859985
740,-107.58217589947675
741,-28.938445180457606
742,-24.37216862515261
743,-53.03391038656968
744,-0.33009135431915126
745,-1.0351096414862582
746,-23.718967598882145
747,145.12955906814457
748,-85.9649233803445
749,-20.375776175210333
750,-4.565283190431501
751,-69.71336162382212
752,98.54076207839594
753,-14.89793477681394
754,-202.50062971017783
755,126.92001325890504
756,-64.63904868956445
757,-14.737406068034801
758,-30.584427217478577
759,-65.30256713394662
760,-93.02598680648678
761,91.26638568842067
762,-37.355980036174415
763,-76.64904100678983
764,-31.195367306201135
765,-89.46140419744717
766,-13.076957313100024
767,-124.96992344510215
768,-59.40697802135861
769,-28.1472138127685
770,154.710622252628
771,-47.06701810290042
772,-64.34158169029399
773,-142.98001539723197
774,-79.34447848326599
775,151.95092151614466
776,-58.137693505461606
777,-87.42611303814388
778,-167.4983258564357
779,-41.98605034927979
780,-144.98654499766434
781,11.579803664438103
782,3.0927965179622277
783,133.44973759832428
784,21.03142540857668
785,-55.11961176620186
786,-51.714864818105355
787,82.39087103667285
788,-18.385134758929937
789,2.207162889391796
790,-38.49081386791988
791,-17.386858922217584
792,-77.5394252803928
793,-80.42179138237911
794,-4.468279837282111
795,-70.57811741071299
796,2.4193808828173218
797,139.5532098732034
798,-151.4507211765032
799,-53.11775772650541
800,-39.93912046933196
801,-145.77287369635008
802,-33.74174384547676
803,-41.403967434586534
804,-68.09970345523962
805,-26.66980010750035
806,-52.32588140406665
807,-54.975395563328334
808,53.1791552883341
809,-35.238171473839216
810,15.78765556729083
811,35.49220339323468
812,-15.451118712293265
813,-50.2873412356351
814,-57.031625555665386
815,-38.657484804714
816,-112.2731635458464
817,59.15552018381304
818,147.1893359202975
819,99.2040517018596
820,196.32418107400565
821,155.0931810408627
822,-18.668520676629385
823,-23.68539936899768
824,-173.86072850502035
825,-50.25560405551451
826,-23.895072783611823
827,-49.89791293703324
828,-103.88508975840043
829,-62.357364429459025
830,-33.327187742927364
831,23.458035334813715
832,243.55305168882614
833,11.257580441561927
834,-49.33407095802555
835,-3.4489389967668416
836,-29.655027714044778
837,-78.32233433125086
838,-86.3138245572697
839,-78.25750622671897
840,20.567456488059648
841,-46.50981260812856
842,-43.945194475697534
843,127.41643739398873
844,-45.847625718535355
845,136.55720764138175
846,-49.6035026021612
847,-110.51815348558665
848,-59.48075655054545
849,-72.63252696673727
850,62.126224328086295
851,-19.201041338454658
852,131.43718928424977
853,-164.2215515591094
854,-32.54846697926824
855,185.90396424591847
856,-43.54474151488819
857,128.38006567119038
858,117.61531971953971
859,-50.05817193651522
860,119.93366302686962
861,-92.80772825863285
862,-18.342520748781595
863,147.11935405744262
864,-27.45530750284965
865,-58.609662395389904
866,81.57830212000816
867,-50.868411222537546
868,-30.275506054156097
869,86.05374463301314
870,-166.91580423607482
871,116.11265736405531
872,-167.7014137971549
873,-109.98827570701086
874,-83.62934125685412
875,-64.46975769583742
876,-21.324715119726605
877,107.90795064197158
878,116.43457994509984
879,-111.24238023228914
880,4.341766214486626
881,-69.55449368393147
882,109.64538561368303
883,99.10668857523426
884,250.47811840374575
885,-54.67169109452909
886,7.455563948791507
887,102.18581619153008
888,138.7216484873699
889,6.363703287487027
890,-74.93973472204837
891,-2.7902750897416553
892,121.68577613349032
893,-42.22948529944013
894,-71.84618395968513
895,-182.7219071440978
896,-60.54095492448016
897,22.56565481028852
898,-21.20373422859653
899,-22.583893003272237
900,147.5884644453625
901,118.64935733691291
902,-46.688920781922384
903,-54.87447214662363
904,44.703564204502506
905,-36.44738572761294
906,-45.370573588316745
907,-90.67146530055484
908,-81.74239725667626
909,-42.1027306994922
910,2.889362872007183
911,116.58075548718128
912,-135.29067403149583
913,-54.1441254539821
914,45.35734480787764
915,-10.7108372095784
916,-66.59632831664717
917,235.98488006443
918,-42.76834088582771
919,-77.17084330755108
920,160.92771545397235
921,2.200745079860411
922,-41.300317065365036
923,-74.27558867685198
924,-28.087580083899567
925,-15.304577547954409
926,-157.31428077479592
927,-37.78235068169502
928,99.03595631959189
929,140.6477632268494
930,56.85192986594582
931,-17.76729677197983
932,2.35342229998642
933,232.47262806007018
934,-114.6664597286202
935,-42.722600789545496
936,148.83676074809867
937,-30.39363236033458
938,2.2311974007070887
939,-104.47227761687532
940,-44.28680055869701
941,10.914391933667076
942,-75.30197271329979
943,123.53419996505777
944,-35.67105705427497
945,126.9041239147824
946,-61.61946140955612
947,-23.12453443366718
948,2.0873651066161756
949,-29.400965284827407
950,-40.25871331730214
951,51.82724435835378
952,133.56774815175785
953,-46.35485605179056
954,119.08290970238203
955,-67.47405608578599
956,34.11226470091259
957,163.61497456980797
958,-68.81931370097439
959,-61.214856243709626
960,-108.57367366368402
961,-42.00185024456708
962,-70.28054400987006
963,-49.5532969149529
964,-71.94261983378212
965,-33.636420190749206
966,42.325587800588075
967,-81.91914356215705
968,-50.345033906442616
969,132.77860075198345
970,78.4124302117972
971,-74.56208576157992
972,165.36525023596386
973,-34.614691839224506
974,-49.636705027632516
975,-55.22278002858102
976,-33.081144701302236
977,-41.29012523728338
978,-42.43969764487896
979,-93.60044731801881
980,-41.029330842224525
981,-38.36615705977955
982,145.39662500487682
983,-60.72341595694992
984,-25.538461429015143
985,118.37377545612742
986,-24.909974931758896
987,8.784697006769676
988,-21.69179299120229
989,-46.88681276531541
990,-26.697082439075274
991,125.48058687285375
992,-60.190757695931715
993,-46.28438221006436
994,168.61321082104902
995,17.584626645593836
996,17.489741134737546
997,85.34432407951348
998,-14.650146240571587
999,-41.50900866773233
1000,-11.797685474068558
1001,33.18332562125684
1002,-52.5404739694084
1003,144.43647843124964
1004,-61.30289890698587
1005,-48.30306489009294
1006,-57.12059578722305
1007,-43.545220813160284
1008,-50.627245573919296
1009,-14.704843445149109
1010,-33.64255359863397
1011,-51.79630644827004
1012,-87.26494188111377
1013,-66.62186597985007
1014,-98.84985327124349
1015,-75.40568736490638
1016,-73.05804998609021
1017,-98.83793924809929
1018,-12.043997137087175
1019,41.5697814291614
1020,-126.47002249234313
1021,-48.68886921993801
1022,-64.76473300208004
1023,-30.938440263982727
1024,-25.603141583767894
1025,-10.822376030896535
1026,-0.1495390006892876
1027,-54.87341206023399
1028,220.6307380350046
1029,-44.30497368990847
1030,-46.08972787237953
1031,-67.21108465565496
1032,-56.677871620777196
1033,-21.91009898870564
1034,-92.6073783652468
1035,-76.7364444811574
1036,104.05071503237541
1037,-67.71464196184677
1038,-4.208403322839075
1039,-8.761462523585493
1040,-86.78899567487963
1041,136.8033941473902
1042,-69.66563084207327
1043,-46.01969066297495
1044,-33.590808650067274
1045,238.37515454102117
1046,-89.86988279018935
1047,-69.58478566525469
1048,-45.261908224499095
1049,-60.81189901633181
1050,-69.60282954015668
1051,229.88956156731072
1052,222.38809696750502
1053,-101.41918908563129
1054,-68.51026495794076
1055,62.10952268874819
1056,-70.09267547446358
1057,-37.71281995886237
1058,-5.994589542670198
1059,-186.6322906788553
1060,238.33720309198145
1061,29.196896111689597
1062,-54.620201823942296
1063,-14.461495132854225
1064,179.31630434848555
1065,125.86183186904621
1066,-68.79116159667691
1067,-11.52779698673622
1068,-8.84708409757981
1069,-135.82297591900107
1070,-198.85871897918878
1071,-27.91541824827759
1072,122.80360372536727
1073,-22.32981897430021
1074,-51.477108595680676
1075,150.8704231889905
1076,100.32114268061824
1077,-12.914785226127393
1078,124.44150331335707
1079,36.421957299023234
1080,-50.439418922652465
1081,-52.70092035179994
1082,-14.748266744209673
1083,181.78101444586832
1084,139.65319355708058
1085,-109.92761120987136
1086,-35.25022739885888
1087,107.52077997434036
1088,145.1279175187354
1089,61.82874953812261
1090,-96.78037737646672
1091,-21.60697123328974
1092,-128.21239339225662
1093,108.08775671991407
1094,122.70321759600341
1095,9.344870854800874
1096,36.13064263429659
1097,-32.83913506492952
1098,-40.620129715173874
1099,93.2890054335176
1100,-16.548407060549224
1101,-41.02848709995213
1102,108.46269876278977
1103,-118.7142166637042
1104,-49.838904793664895
1105,-91.64471901700293
1106,3.803666047307857
1107,130.9139991622937
1108,-174.52571107914625
1109,106.62025919806393
1110,-20.503881229323326
1111,-43.15259942228502
1112,139.72113120399993
1113,114.19207039268646
1114,-36.32630920443823
1115,-57.27974804800649
1116,-63.789010694132855
1117,-69.41860228771203
1118,-57.94004305994611
1119,71.87216565846312
1120,-179.03560697965491
1121,204.97016637931188
1122,-45.40260348659534
1123,39.37832938476537
1124,55.46259397156446
1125,17.463434490032057
1126,-25.84134723464244
1127,108.41448617879462
1128,72.89236047359118
1129,-74.52918878278618
1130,-39.04278942002232
1131,-84.5795967709754
1132,-65.42682473449469
1133,1.322609202993462
1134,93.61833116393454
1135,-47.453918663402376
1136,19.5013584266231
1137,217.32252598547456
1138,-60.681641904275054
1139,93.56217922367627
1140,-44.82288446392394
1141,185.6071511090916
1142,-51.679856246646494
1143,53.47484388968681
1144,243.2454322422469
1145,125.31179644343563
1146,78.80670689243553
1147,-132.86490964785844
1148,-4.675640145867632
1149,-52.43477097435881
1150,110.69050389042518
1151,-52.377849823659936
1152,-95.29907712176475
1153,-12.491272129704285
1154,77.36089339139797
1155,-54.13836798438318
1156,-28.071091522485546
1157,-13.386536294274038
1158,-56.22216262567616
1159,1.5157660124298076
1160,-45.22166184755062
1161,-268.40268302214497
1162,-17.28094172046329
1163,75.34530111775182
1164,-48.06542303070087
1165,5.0841915411640315
1166,-45.87694553098589
1167,71.58602233844294
1168,-4.174330494286409
1169,132.50221341358804
1170,-49.04827304082731
1171,151.7995864490104
1172,-14.588904093638874
1173,-18.39949842725352
1174,-31.226363065200047
1175,-33.2322371047928
1176,-59.10222558899942
1177,-80.49992006065024
1178,-62.085552029554755
1179,-35.0775526315349
1180,124.16214782234047
1181,2.629162064695876
1182,-17.57197910894007
1183,130.25487751027453
1184,-8.620895552565088
1185,167.27423195691676
1186,-78.95673939486838
1187,-28.846024972369918
1188,184.0925271091718
1189,-80.68417721288998
1190,-35.67177486640817
1191,-29.223608453143683
1192,19.02610074296149
1193,127.36325990002607
1194,49.90116354341569
1195,-25.192023209555998
1196,36.308450557382685
1197,-65.8284030088101
1198,-37.44274073146451
1199,92.4650563680934
1200,3.835202713609007
1201,-18.26680158394481
1202,188.01523111156115
1203,145.54895950115252
1204,7.219219301263877
1205,112.97832246820404
1206,-64.71609580210311
1207,-12.139950807078407
1208,-243.73474816069597
1209,121.59718105655953
1210,-51.88277809208968
1211,232.56123188904627
1212,9.481227485144856
1213,8.215043988292678
1214,158.8675258746791
1215,-81.9256607184347
1216,-26.732107347820772
1217,-83.4252988578314
1218,-12.85601867062411
1219,116.62393129579505
1220,102.37727059008544
1221,109.6556560908252
1222,-54.114106642214836
1223,-93.8963223423102
1224,-45.302325325314
1225,-16.499141339245057
1226,-21.876026713372056
1227,-33.00640680041376
1228,-46.78592551706657
1229,-27.159857130416512
1230,-88.18316650451607
1231,-54.53312802007108
1232,-26.969133792478402
1233,125.89403299387237
1234,215.37856868128023
1235,-15.338213936835814
1236,-96.81341266773384
1237,-7.9789107348672985
1238,192.0281195028585
1239,109.7439549856581
1240,-41.62576380862302
1241,-25.507644567130484
1242,115.61023185202077
1243,-11.132221317582307
1244,-92.85974683033669
1245,103.80463235904875
1246,-38.81843858218642
1247,48.324014991402855
1248,-38.24856193625537
1249,-27.10213753233279
1250,-54.02013594805625
1251,-76.24671334220918
1252,179.23842362724176
1253,-58.48292225211672
1254,22.15691379573221
1255,-34.217176183114205
1256,155.51420838545337
1257,-105.50222094057925
1258,128.75880806157787
1259,-24.812308690091896
1260,121.64388639288356
1261,-11.122845927225711
1262,-45.22028083854046
1263,-28.809231692728332
1264,-17.96515782144479
1265,146.882338106656
1266,-57.68760560616502
1267,-38.60548390522047
1268,-78.9807611229186
1269,-16.018462269694282
1270,-16.59606097950352
1271,-57.20541136087522
1272,-208.06818415296055
1273,9.662640234584572
1274,-56.42152969154988
1275,109.11979271275011
1276,143.74905899023145
1277,157.0633877835593
1278,-93.24529298886209
1279,-19.873152876349153
1280,-30.067300784997798
1281,-106.0625123664331
1282,2.3126522856517653
1283,8.850646072208548
1284,207.54469009919507
1285,-59.615754425370255
1286,-8.938061673621917
1287,229.86269276339766
1288,-71.587323001647
1289,-32.26325025106783
1290,-5.558118523185087
1291,3.3698802445429124
1292,123.30846344489832
1293,-63.1999718059775
1294,-26.835631321885273
1295,226.925647457443
1296,235.69930433935937
1297,-133.8925189042526
1298,71.4386874104423
1299,-8.985908785433594
1300,15.742376267736233
1301,149.5879125432701
1302,79.20528873902212
1303,-44.00818436398711
1304,-37.627454187014706
1305,119.99776117383267
1306,-11.803852739543828
1307,134.24729285701162
1308,-165.68395219918847
1309,-53.76759277482709
1310,247.67711377014447
1311,-52.66239737428987
1312,93.44060059580204
1313,-5.336505047284902
1314,-21.84477733854716
1315,-72.6788329751061
1316,118.95285666942489
1317,-25.249991061692256
1318,132.94782394635135
1319,147.01358796591748
1320,-21.89204975397989
1321,-24.466033288225802
1322,-4.447261180936067
1323,116.34067736325854
1324,131.5163766327187
1325,-81.12288596496748
1326,-25.105591937596273
1327,-75.7288839065351
1328,152.4997201899755
1329,-43.90599647961129
1330,-8.107915675248648
1331,13.34428694092786
1332,-76.3307236277371
1333,-81.703851454762
1334,-33.010371207881605
1335,-73.1213292407946
1336,-26.009034595570284
1337,-34.081118326692504
1338,-6.247694173994731
1339,138.76100353718874
1340,-49.54815037419246
1341,222.76793258548756
1342,-10.576004566569793
1343,-62.019093928406285
1344,120.31329565144115
1345,2.099244404780123
1346,-59.188898549631574
1347,-64.48494373186193
1348,-102.41488403849833
1349,-121.31502294985701
1350,240.9969915906002
1351,23.08501207463094
1352,-101.04436258460824
1353,-59.58335357350056
1354,-83.29647707047397
1355,60.809449286352574
1356,-50.54359133593986
1357,-61.78527342594448
1358,128.71181371091396
1359,158.65164715990593
1360,-53.38711948223498
1361,116.93604546914642
1362,-12.297104373710098
1363,132.1276677019517
1364,-22.651664633479257
1365,-30.917664952331705
1366,108.57428431510994
1367,-14.001562270358761
1368,-50.285994132496306
1369,78.74288726441287
1370,-33.4703151221869
1371,178.66954667933697
1372,-61.749120355718006
1373,-7.581899048996803
1374,-60.152183453786435
1375,201.15373829388489
1376,9.797715565732787
1377,-65.7633478671486
1378,103.6779657374357
1379,-80.92121887780623
1380,-8.724524130065177
1381,91.77812038256353
1382,-10.42937652913561
1383,144.0670343865278
1384,96.45679138250559
1385,0.2073373219095629
1386,-45.85805081522092
1387,-4.273305876201604
1388,-9.560107973680445
1389,-25.34685502462169
1390,-42.83520154098268
1391,-25.006171390096583
1392,-53.11412766608174
1393,118.13053704637872
1394,70.5669411175064
1395,-50.316663549389176
1396,-46.56380056518657
1397,56.8095776906591
1398,-16.869990237737767
1399,-153.71482080646805
1400,-40.07241932785431
1401,-23.131590381357853
1402,-55.924122156410775
1403,-10.63067210225664
1404,128.8063027437642
1405,-24.983279599257145
1406,-28.604952899070753
1407,-93.32160632024579
1408,-61.92527502333982
1409,52.667363506233684
1410,68.47198890757849
1411,-13.579088707444654
1412,-30.331790597178696
1413,-63.45631240646149
1414,11.082890383372828
1415,102.46370728531379
1416,147.32055742613153
1417,-127.46921438273137
1418,-43.24363578676105
1419,113.29708771090303
1420,-39.13952128881104
1421,-145.10269940607574
1422,83.31898604974351
1423,-26.03624471472115
1424,-37.48394938445712
1425,-10.506975390970013
1426,55.914118592638474
1427,204.36153622769586
1428,4.666750132291455
1429,106.87140098314637
1430,-25.55079350774416
1431,89.72685177931798
1432,-61.37619311769279
1433,-40.44565705228838
1434,88.21955393524564
1435,-44.029384558368534
1436,240.05406279794494
1437,-62.83954386733266
1438,175.2692006650392
1439,-18.221365946008348
1440,-61.151400559448746
1441,111.02382571802822
1442,174.40638806508596
1443,-14.7928912911499
1444,-128.18684763703038
1445,-22.03978194344272
1446,-5.344693088081868
1447,-95.21203562051012
1448,-56.058101865845366
1449,-30.181167307500687
1450,8.288955882220321
1451,-72.25373754809955
1452,-26.651655787520596
1453,-65.26524688337281
1454,27.35556858224561
1455,111.94535401600164
1456,-29.383881988261663
1457,-24.39289404541175
1458,-44.64339869916197
1459,-10.007251375668659
1460,-51.788445838675585
1461,-101.93413983951964
1462,-12.011927000379956
1463,-25.268597542214877
1464,72.73394715167618
1465,169.4979020336383
1466,-43.48074978917471
1467,-50.89928647305652
1468,129.3748415676996
1469,101.24258507856246
1470,0.03374426503438599
1471,-90.05239014124513
1472,-77.622727196392
1473,-69.37089286592509
1474,-7.262553648830973
1475,2.2898902188190675
1476,146.5932792484725
1477,-28.999111475566536
1478,-93.9848608185626
1479,175.14621290240842
1480,-24.862125805213054
1481,-134.82718338817563
1482,-78.87026469597942
1483,-60.43527041700346
1484,-23.231657285487458
1485,-17.416956562052647
1486,-31.852414738286996
1487,-55.5763684789586
1488,-46.30040099744271
1489,-56.99536375971857
1490,211.6128910723479
1491,-36.84605403123953
1492,79.38927767255332
1493,-30.180229223019083
1494,-39.92944677900202
1495,107.44175855704653
1496,80.30215400820039
1497,-3.5821305416436644
1498,-37.1111243724049
1499,-45.357276379915405
1500,87.55351948280055
1501,221.50469145693182
1502,-6.184338633148457
1503,-87.62387304370137
1504,-12.0387340980393
1505,-93.4638164530489
1506,205.36432115853012
1507,227.95697698290462
1508,206.79126201281687
1509,154.38954552695617
1510,8.269326296988496
1511,-41.3496361540863
1512,118.15385085894611
1513,-204.88281853295626
1514,200.61867929591546
1515,86.58737912576117
1516,223.87568262106367
1517,-25.080309590074762
1518,103.86668619315832
1519,-103.89750089789874
1520,220.66709809130106
1521,-2.854919649886156
1522,216.3784711125504
1523,188.1311824334845
1524,-192.69150016052487
1525,-54.71958281055339
1526,3.2397547406153953
1527,-42.34245892107281
1528,200.45839199612712
1529,-54.752558801270034
1530,-5.488237581322721
1531,-33.661838894632496
1532,-74.17856361467383
1533,-55.53190654311909
1534,29.24089642169423
1535,114.0884499457569
1536,137.07872245034176
1537,-56.330380824916304
1538,114.93598800439963
1539,224.28062268626277
1540,-10.874958298044263
1541,260.270503006424
1542,-49.43498245077447
1543,22.984514675074976
1544,-37.62395518796157
1545,-34.490334944709076
1546,-16.39507651500783
1547,-69.52814309746074
1548,15.574391693500772
1549,-46.322133695296344
1550,2.044590262208814
1551,13.44039729679723
1552,-35.19998757322527
1553,95.21665010008212
1554,21.096905674617602
1555,-55.62039854972396
1556,-105.01575985969701
1557,-93.07847445372492
1558,-39.91074797026896
1559,-57.66146984586136
1560,209.14223540968095
1561,121.5848120420645
1562,-67.84127050379905
1563,137.51237140035386
1564,-82.53505134446229
1565,11.589450199603831
1566,-43.019902668686356
1567,-23.830001696968523
1568,-13.587322197457752
1569,170.30204328525684
1570,240.76300053416674
1571,-51.28236018097364
1572,-36.45412310447453
1573,102.30986604917788
1574,230.98681551794846
1575,126.74395236968768
1576,201.68454109620626
1577,-38.12772229439862
1578,-33.229918529672176
1579,-48.62104561290868
1580,79.9988702118937
1581,-57.080467058147605
1582,-30.440821795158286
1583,115.88928155332324
1584,-32.03737452878913
1585,140.08812339229596
1586,41.07515762674041
1587,-56.57582453122649
1588,122.37208848560306
1589,149.5623569633085
1590,219.43547274055777
1591,208.00072476338897
1592,214.4910193939993
1593,-115.57798034108646
1594,118.71529461920721
1595,-46.25925434638181
1596,22.501593968036275
1597,104.4599240293626
1598,-30.55983719739099
1599,-7.5326929126622275
1600,-45.219704011674494
1601,198.50417768520725
1602,119.66536503082696
1603,-57.11783195322258
1604,-84.28348758304843
1605,-53.00860337926008
1606,197.29247284071258
1607,73.95996547096864
1608,205.53028319648854
1609,142.31809300092272
1610,91.91252127964438
1611,-44.964927447629634
1612,-46.5947465474092
1613,-22.850778356212672
1614,-46.746269857709336
1615,-66.63578865218295
1616,-210.4261615069114
1617,-45.79695008933669
1618,48.34366014246928
1619,-206.21155941489678
1620,69.14611486978147
1621,65.87985513120722
1622,35.51430063581296
1623,-128.5572869421069
1624,220.85901721969466
1625,1.956208268731558
1626,98.27625657087096
1627,-102.34887974796091
1628,-94.03362065709105
1629,-69.56443310033572
1630,-66.39966009933543
1631,-120.67878749784151
1632,-24.20873247382974
1633,45.81554192856487
1634,-102.95538134378131
1635,-26.766861320389694
1636,-17.481201211538604
1637,137.90967891895073
1638,138.2514471309309
1639,-274.79827694413143
1640,-29.65432067592529
1641,15.705285474607848
1642,73.98631955970232
1643,126.23437080013659
1644,-131.56234986957872
1645,-33.072538803394764
1646,146.96220755275104
1647,-176.59731717027955
1648,101.8368015450353
1649,-3.0903726032514527
1650,-90.61649169579647
1651,142.929957656759
1652,14.594324144081824
1653,6.48754510500936
1654,-68.99541040642423
1655,-20.008670852439693
1656,74.28017383354572
1657,-156.8604009784771
1658,96.96149447169562
1659,100.14436613512066
1660,-72.61358341972345
1661,-105.31355274266508
1662,-67.6398512396639
1663,-45.94481820488964
1664,-246.56108409903652
1665,234.41785775348202
1666,241.2690284668516
1667,53.99625213156379
1668,120.53445075126878
1669,-83.33973123596492
1670,-45.24284851009463
1671,8.09179387366909
1672,-14.469787232010304
1673,-18.919284613487974
1674,43.25873621024746
1675,-235.05685365757952
1676,-40.872109432111316
1677,11.929566399981283
1678,-18.09621398205455
1679,-6.687518023672297
1680,114.16764409844615
1681,89.39082708443549
1682,268.71783720075763
1683,122.31606128788526
1684,152.09465212552107
1685,12.918103803103818
1686,-53.49768304886858
1687,245.04669552851854
1688,-68.89645588959023
1689,87.89271835438227
1690,207.21953748303557
1691,152.1001621552887
1692,-8.41279433024981
1693,-24.656034592988533
1694,128.1642220888469
1695,90.48347452442398
1696,-100.59068755530565
1697,61.75667824324137
1698,-29.587394339093294
1699,73.00848728618786
1700,-53.1429431322409
1701,210.68219319371497
1702,-5.388303181982636
1703,104.43474546872258
1704,31.189015274408398
1705,74.02416319151286
1706,-251.64945332452868
1707,83.74837126674574
1708,7.632829288611532
1709,-181.12915267401394
1710,-160.2349650839169
1711,0.22605140630037113
1712,78.28467992207527
1713,-42.99386649937489
1714,119.83544183861397
1715,-93.88429489676493
1716,-47.986876102893945
1717,103.90481222958356
1718,14.174225098447764
1719,74.13855651008588
1720,120.49579060278153
1721,146.0090204436102
1722,-31.459606427733647
1723,-115.2665143158516
1724,173.1329193421422
1725,-131.5482123156805
1726,79.55955359925973
1727,205.6143276427492
1728,78.64369136249609
1729,96.64521999700801
1730,137.39549052709498
1731,102.87988661461857
1732,136.9528606499703
1733,-98.9309377046235
1734,-27.974487032861646
1735,-19.407739320632956
1736,174.17527841435697
1737,-60.29256858899758
1738,-31.313729154068014
1739,-41.326481520369896
1740,243.64880490848338
1741,238.28459630603115
1742,98.76936623396013
1743,47.91473985573998
1744,10.474833750019684
1745,85.36414766105106
1746,-96.94251507473479
1747,-22.438446799549126
1748,137.6146232177175
1749,-32.7372603351252
1750,211.41165444913545
1751,-51.55879715375083
1752,-15.011678600034273
1753,1.1666960509108435
1754,-12.572828121049852
1755,58.23071636676721
1756,-233.40267289590085
1757,174.83780677829486
1758,163.2557133348288
1759,-44.61295482758467
1760,-16.13446134002706
1761,97.18619752957072
1762,229.73924701101515
1763,135.5505808984691
1764,238.15669789321194
1765,137.43412282157058
1766,139.51879232882612
1767,98.4970538699745
1768,-160.87701692879284
1769,-49.277805785959906
1770,93.72923895107921
1771,-26.60612813279974
1772,125.86654905694401
1773,71.08818421451028
1774,-188.96764049977898
1775,99.79802505896978
1776,-7.077325760731611
1777,70.73181818696362
1778,-30.54691146891048
1779,107.04252477045377
1780,99.98664933659241
1781,109.8238587429037
1782,-60.65552492925669
1783,-9.692427509498714
1784,251.6688395686871
1785,126.59197041862254
1786,75.27242194954304
1787,-54.50580883278578
1788,216.38827926470495
1789,-49.86875848960442
1790,73.91125679062525
1791,-7.995942018415903
1792,-41.885261977153775
1793,209.54142957920703
1794,98.64071763408126
1795,246.36449901827444
1796,-13.039058261724762
1797,-124.5757406718997
1798,69.0788470046281
1799,-141.069255824135
1800,24.674382169407178
1801,85.30197707675993
1802,-75.17024265311197
1803,112.04012605501926
1804,-24.77310951279594
1805,-47.89321257069979
1806,165.87444086247876
1807,220.24586266044062
1808,-27.665504227188336
1809,103.77932827298463
1810,-252.48422481792016
1811,-32.23779672809111
1812,-262.4957322969279
1813,-49.33063555930272
1814,93.1194728699434
1815,-12.429231915964266
1816,202.2297817909482
1817,-54.10993874001852
1818,-99.78860732798083
1819,113.53485205761034
1820,224.7052559590383
1821,227.4501085147604
1822,-68.58532338434406
1823,102.06102998662584
1824,-6.028012638088967
1825,99.35630054658454
1826,68.97207330481426
1827,220.90081113687975
1828,173.97600340725668
1829,103.50053127240788
1830,195.00793639796484
1831,225.53735774831802
1832,270.35673930730763
1833,-23.264911895937004
1834,102.6076837764143
1835,-35.22300295060107
1836,91.26560703320449
1837,103.79564023216892
1838,88.37637487908749
1839,-0.3709804156557652
1840,-17.622082911648448
1841,207.0453120277598
1842,-101.02544114470044
1843,251.82249442008649
1844,-63.810357405763256
1845,-1.092959158664783
1846,-92.11173816089492
1847,85.79630591968133
1848,-15.460546030271502
1849,37.985160060057495
1850,137.85605782829583
1851,59.27874280973665
1852,144.8557833989663
1853,-130.22305245409586
1854,211.85702834150106
1855,4.745852750579118
1856,38.27610465250106
1857,106.3784803631441
1858,98.5991198772439
1859,-151.29268239843876
1860,-35.737163720557845
1861,202.46983641769407
1862,99.92513758001525
1863,-146.15624189527924
1864,-22.78699604297782
1865,-17.12264999139886
1866,-57.85229052033865
1867,76.47717814791649
1868,2.6403726760795507
1869,108.50294789422823
1870,44.948754268181304
1871,-25.091903344849428
1872,205.35033671628787
1873,-147.17959749581152
1874,95.44811408173918
1875,140.62119097749977
1876,-60.849776463942035
1877,226.21955856753917
1878,-143.84034426409664
1879,209.91773697042947
1880,-25.96516929791018
1881,159.59284662707796
1882,-195.60623058651782
1883,214.6018937398259
1884,124.87737308596178
1885,-65.62663786508399
1886,234.082577556415
1887,-91.8532038161925
1888,-63.27866808591974
1889,186.59387119954587
1890,-57.44560596764533
1891,174.69586656934837
1892,-6.362896763294103
1893,238.74790528323095
1894,113.78333483361162
1895,113.6605170030852
1896,214.53221908281293
1897,129.35029037092949
1898,86.02624533920499
1899,-12.311404842178717
1900,-135.10928631387648
1901,-250.5534819204943
1902,-75.12952963288568
1903,98.21118516580485
1904,67.20658242867434
1905,77.2381130203115
1906,217.8215156324751
1907,-44.33297276590611
1908,81.2068445931641
1909,-9.273452908745028
1910,101.96411526853304
1911,-51.86558663464831
1912,96.00837586503036
1913,-19.454143479222026
1914,-8.483854570454241
1915,-31.85933433107604
1916,213.46752197717421
1917,-12.392647715825362
1918,-118.28105298170364
1919,125.4499021518831
1920,-52.345727874252304
1921,-76.31397057623582
1922,222.7787707206768
1923,-222.17730677628106
1924,-18.654180103238104
1925,88.31153212601447
1926,-26.042080625289856
1927,239.19715921177283
1928,-35.66548074449052
1929,-107.93889026465459
1930,203.27807282373726
1931,129.9468245303797
1932,-36.685110044929914
1933,-48.315543602984675
1934,85.8815247159425
1935,-61.817008490048636
1936,-96.14343781582518
1937,-75.3558354070758
1938,-57.53616278943288
1939,-48.32080850599239
1940,-25.42359728758504
1941,-67.17096182140355
1942,150.1360401092589
1943,120.84985297911892
1944,-78.4163574173287
1945,-42.202587603525586
1946,-30.022502538883145
1947,-44.942730583164874
1948,-43.7510101795058
1949,231.16375500088233
1950,248.71906101588323
1951,145.7701583511903
1952,-51.190834312419184
1953,237.50900773466566
1954,-7.33762540283567
1955,90.2903841939756
1956,-21.300020960737342
1957,-41.38617428989528
1958,-44.350734080334576
1959,-10.78161698548449
1960,119.80384916505659
1961,8.929439780311526
1962,212.37681161425675
1963,-0.3401322523720438
1964,-84.08828587812384
1965,211.40408931534984
1966,207.70893321172298
1967,-46.82763187066942
1968,-41.65556700523242
1969,78.43279953722161
1970,88.07959104317928
1971,120.50033608589162
1972,206.78139695628417
1973,137.40120470816623
1974,-45.88910034490091
1975,61.79530162574608
1976,110.76921601851971
1977,36.46853706346829
1978,149.771104770956
1979,210.66643086521526
1980,49.24781126136042
1981,112.12913693318332
1982,82.74040850321599
1983,93.3109665130965
1984,230.56046973574684
1985,260.25600519505616
1986,-246.90254282885263
1987,213.80739903377932
1988,-34.882844295277664
1989,-195.27581082325088
1990,129.41936224415517
1991,65.10864284958294
1992,16.24900325478538
1993,65.36070180320863
1994,226.8146100115638
1995,150.04070268741222
1996,-99.7432962562315
1997,50.67946940604554
1998,234.95574165977186
1999,272.6887621235428
2000,-86.38725121063602
