1,-28.202260770778253
2,-185.19531534228952
3,-205.27467548495162
4,-200.17827730935446
5,-37.31055914018107
6,-344.9213156540684
7,-236.94920372965908
8,-95.61184872435504
9,-133.46942109767684
10,-85.73003862155981
11,-102.3680558923891
12,-69.89036502203831
13,-202.07747337153677
14,-298.6972560090812
15,-101.3110631464159
16,-99.290671804495
17,-18.858074200498322
18,-360.91857532447375
19,-100.25378225786838
20,-46.252596395565206
21,-84.98764961076178
22,-136.41613882076376
23,-332.2185157880715
24,-134.60848599113555
25,-82.78114942114868
26,-121.11113918120049
27,-25.05684884778954
28,-69.5014823791396
29,-381.09908677236837
30,-17.930678438686897
31,-84.26690002100807
32,-154.50174843847512
33,-152.13421825303402
34,-87.46522628049104
35,-103.80732921300017
36,-101.55277288413151
37,-374.45837939277965
38,-126.53912358984994
39,-81.13214314652457
40,-186.17091363839904
41,-65.17925164472209
42,-129.16787378749567
43,-74.52303500110824
44,-20.595492601416012
45,-50.33142525091975
46,-245.08055052092806
47,-103.83953793110801
48,-88.26101146720178
49,-20.531588501491882
50,-77.60698931429194
51,-86.75744347671427
52,-132.57786883966293
53,-80.20814402577342
54,-192.5410169410862
55,-64.37889971219798
56,-56.083251247817415
57,-138.43947544530732
58,-65.91326687584953
59,-141.51185156386532
60,-120.54947094899217
61,-252.97097402810445
62,-207.17479045208782
63,-113.59058897397618
64,-314.5574295587295
65,-92.78022505796436
66,-73.08677212221657
67,-29.002587842605465
68,-158.03216831224634
69,-12.408458163071941
70,-52.683049564757084
71,-90.88454281584573
72,-268.41004190207593
73,-108.55028376700386
74,-169.22029078621767
75,-74.16274035357974
76,-60.12460777924932
77,-145.37645504105967
78,-76.19418287320107
79,-102.25162083829542
80,-47.43283385267438
81,-58.40559841501124
82,-30.537166915949385
83,-20.713825155582953
84,-188.75166532013344
85,-241.36130252380022
86,-42.26215885115546
87,-97.49224521180079
88,-90.62545170912801
89,-340.6001083851986
90,-142.65769219195948
91,-183.2073341169213
92,-90.70194428167086
93,-88.47998428064219
94,-55.64881840062293
95,-72.58660368515099
96,-90.81534351605721
97,-26.69535834757461
98,-85.21813269544496
99,-106.25155915777897
100,-42.3970472597354
101,-44.62690063755112
102,-74.05641767342726
103,-80.01406233083708
104,-95.64345793809508
105,-2.613474882594815
106,-38.589261740845316
107,-44.143280555653945
108,-62.008339230238434
109,-1.8619339075907675
110,-96.85132989504989
111,-81.04257214639286
112,-43.497323105103234
113,-40.58211149723341
114,-74.56538939957801
115,-116.93854485803314
116,-96.69930284250786
117,-171.76385441093905
118,-17.612902524685282
119,-35.610023898143496
120,-89.21506298837741
121,-49.64946598989523
122,-66.58884897104022
123,-126.56491102252956
124,-80.31286936221898
125,-32.90580133542903
126,-161.16413697214418
127,-457.92563782676416
128,-19.193740300990314
129,-128.61502247971217
130,-127.313496562229
131,-14.968809586299244
132,37.991090329834805
133,-90.37727513323325
134,-158.943032101785
135,-117.95929993284395
136,-65.14898657277928
137,-64.4635871634554
138,-60.16091672990955
139,-45.852085159662124
140,-43.388913887657324
141,-53.113297439999755
142,-10.79647479174298
143,-77.18197965863183
144,-98.59412604961803
145,-42.116232044648584
146,-85.38597885444358
147,-158.25957825146386
148,-116.43097511387035
149,-117.76717614832529
150,-117.68857539591014
151,-333.0450717753322
152,-48.902338921048035
153,-152.76027802395743
154,-178.77986367969447
155,-112.27044569054546
156,-102.49431178673015
157,-154.95661007100713
158,-116.88222094157865
159,-72.04439119075323
160,-13.592612607745906
161,-117.35349054144372
162,-42.48536552365444
163,-100.18326702007032
164,-288.3481118705432
165,-61.42634388669428
166,-83.06723919067113
167,-61.51486376875283
168,-117.40553507849492
169,-64.22687969649628
170,-43.76714790372637
171,-234.85464935072838
172,-80.67365086324571
173,-47.73781591840124
174,-105.84388682760508
175,-56.218946250958844
176,-104.7165652212757
177,-42.419642482107946
178,-93.45549941144256
179,-19.548518636989698
180,-69.36348049640358
181,-62.848540436245656
182,-86.0939347619811
183,-236.73571857060946
184,-77.75793798984776
185,-24.646099389954074
186,-105.25542284348585
187,26.57017346996716
188,-23.93531085768919
189,-51.578069570197385
190,-62.016915480829205
191,-18.44141364608599
192,-103.22853893921791
193,-117.70833940556636
194,-92.05989978470092
195,-47.79122811653218
196,-50.48571268609428
197,-88.70458128219843
198,-133.6169572000706
199,-79.28101633310521
200,-43.07329441376422
201,7.2866114374939315
202,-16.59342060677602
203,-1.5704256491935382
204,-73.19761541476136
205,-100.47625025296708
206,-70.43289418759834
207,-116.65900583245497
208,-123.29492367877383
209,-65.62738619028161
210,-14.068463780290372
211,-184.44931820546253
212,-81.27503634915689
213,-18.19455796172005
214,-329.73405460544166
215,-30.31293442029417
216,-73.42818651492291
217,-42.03804493166078
218,-89.07014419512973
219,-32.1753121989242
220,-56.56432845295305
221,-52.028148220261535
222,-99.59072290877958
223,-47.289177073840975
224,-10.596185554149912
225,-61.97479471457894
226,-87.3444842423294
227,-74.23985427702095
228,-93.76116784811478
229,-27.471167628908916
230,-75.53854564582902
231,45.927184223003024
232,-213.3924839944641
233,-75.89922912642797
234,-101.16193483879404
235,-129.6675982892655
236,-36.951579103491184
237,-27.096921347987916
238,-83.10807218570767
239,-92.45246017839776
240,-62.29399392272723
241,-70.63441268880973
242,-60.32193715287025
243,1.0611500367139968
244,-36.6420529799288
245,-65.06505054032014
246,-276.3412950320427
247,-136.5407934983175
248,-137.4963025451189
249,-73.98367201675933
250,-50.63698998017455
251,-91.17549105731327
252,-96.71798323281564
253,-81.39686980264298
254,-32.18822538348638
255,-108.77897742282421
256,-29.646654127762474
257,-66.45040446392038
258,-52.80786255574269
259,-0.9740530486191403
260,-69.80960427597223
261,-95.14321654152654
262,-102.35833315013531
263,-305.1963534657459
264,-21.230695993144906
265,-65.10852958283128
266,-82.68254855698103
267,-41.94841585718733
268,-97.55572065575954
269,-32.60635152225356
270,-23.948588797961747
271,-95.47458506769044
272,-49.484013083421814
273,-12.623616052468435
274,-72.30935994896063
275,-67.4793383804782
276,-109.52420072075486
277,-73.97466805210205
278,-51.67703551657196
279,-50.05793973918014
280,-86.90179073150243
281,-24.888724095192543
282,-66.858229912128
283,-67.79658910085524
284,-45.78066089721467
285,-68.57288231300564
286,-40.16605802617103
287,-91.5245825670003
288,-81.65441348573816
289,-40.17810093587044
290,-95.13827604081965
291,-98.84743964768703
292,-90.38961926028823
293,-116.66087665194823
294,-22.584053659847598
295,-57.81814580672099
296,-88.34870061340243
297,84.83990089150066
298,-110.88479247916393
299,-52.68683624853813
300,-59.65381812878415
301,-82.53003628232568
302,-99.82122068938898
303,-114.19120896397953
304,-102.77349920494555
305,-67.77660409099371
306,-55.75256236182858
307,-75.03026987115545
308,-159.21839319580516
309,-192.84502512860374
310,-56.707455388036195
311,-58.09877252396615
312,-79.69674999443258
313,-111.65897755219487
314,-74.71912327688443
315,-91.28415782219923
316,-76.44694008258048
317,-35.01872283010903
318,-45.51092811094764
319,-48.89399006558364
320,-16.799270306319258
321,-108.5208692189474
322,-85.21897445996095
323,9.761043750942164
324,-43.34694249106042
325,-73.77368520814267
326,-61.76108896505893
327,-57.24247848182796
328,9.063972537037657
329,19.529261434571936
330,-97.88028962963062
331,-32.715348666033975
332,-64.99394277828934
333,-118.63830312805085
334,-46.55272834006918
335,-77.49687933894552
336,-194.1234630390787
337,-24.904868716358635
338,-141.00706207807008
339,-99.51518822568521
340,-77.13581710740952
341,-100.7162839973596
342,-35.676611988331956
343,-51.173690659372014
344,-119.63102755625668
345,-98.08013122175758
346,-21.400068152031565
347,-53.08889218834665
348,-60.41268724789981
349,-80.8180641852215
350,-6.197092728233557
351,-92.70235701085278
352,15.064191394007452
353,-110.99827316635961
354,-86.775030068318
355,-58.08774324894084
356,-106.37100149512385
357,-87.85660689926453
358,-28.850575010352927
359,-268.52137352940764
360,-32.123056952321065
361,-64.5377766528946
362,-98.26195122592391
363,-87.53026335149792
364,-54.57192948426052
365,49.44479456130972
366,-68.42626520938455
367,-84.53573748317045
368,-55.77568748193844
369,-123.5146322759175
370,-51.633179007486554
371,-110.12792841713083
372,-226.87394391108216
373,-71.40868350363952
374,-91.00033366412733
375,-87.42429616155897
376,-96.09510490436877
377,-10.397220219589812
378,-36.02214222640967
379,-39.30970804158039
380,-53.83488422637045
381,-94.21815460882499
382,-86.11486857864969
383,-126.40498823598406
384,-80.19044864644773
385,7.038001495891081
386,-137.00132285049085
387,-121.58403000034033
388,-104.15844212391899
389,-89.80303148042142
390,-48.16742693125528
391,-17.39340818115764
392,69.05962866250049
393,-53.256222969519726
394,-110.67581704711435
395,-91.689761128342
396,-86.90580275209317
397,-176.2125030706615
398,-15.328404299694185
399,-72.50540727139536
400,91.71669573934643
401,-78.21517816124987
402,14.749223971295606
403,-55.702661342739255
404,-39.2583437575518
405,-79.91379009570116
406,-112.23265203816618
407,-83.93959957977219
408,-79.84384194761182
409,-110.27311184578059
410,-59.97087323826573
411,-83.56878097865578
412,-87.90767718025491
413,-93.18424372946217
414,-15.304913813720134
415,-71.17734303715204
416,-18.516516066013565
417,-98.43067294991549
418,-3.3173914005212453
419,-159.9217188696549
420,-10.615191146874679
421,-107.12749105253351
422,-37.935505842618696
423,-96.68963002596766
424,-153.5903856717503
425,-103.15687758157465
426,-48.50125118571215
427,-48.942475574428514
428,-18.434530908975717
429,-64.35293703762815
430,-97.06836551986228
431,-79.16089196726548
432,-92.6169953247458
433,-132.08524458038244
434,-79.19631137481288
435,-78.07562050086855
436,-160.41371284905722
437,-80.80122539692063
438,-75.54596197436335
439,-108.64345883376022
440,11.744981370986386
441,-86.66779618020014
442,-94.24704008810211
443,-102.44423594503672
444,-111.93507922255186
445,-62.752153723924835
446,-56.35869938848752
447,-98.94538013392572
448,-102.41427108162922
449,-128.52828476211647
450,4.48041210696816
451,-71.39441468784686
452,-75.35318001563635
453,134.86648671702812
454,-98.18809212233543
455,-18.401070895042466
456,-74.50459013117647
457,-71.23892321918947
458,-5.022485125159108
459,-25.30804993376563
460,-127.13164635442601
461,-134.07635636494632
462,-185.8628851451461
463,-0.1846528172328874
464,-33.306363943204516
465,-95.04835423969338
466,-94.26175997086409
467,-85.59089884704714
468,-37.173409448240605
469,-24.557047587789015
470,-8.679062667684647
471,-111.5451512058666
472,-48.56134517229384
473,-89.0351561844431
474,-452.0179511957956
475,103.32183866513026
476,-51.70416106583866
477,-128.24091419220875
478,-171.83645352739353
479,-118.09189961797554
480,-94.95220660665264
481,-120.91367312698107
482,-259.9129381228899
483,-109.58464187199516
484,-78.7581875004892
485,-59.89158414790323
486,70.18339095996961
487,-65.33805714126322
488,-19.59911719029563
489,120.84570343721508
490,73.38068407389403
491,-21.163959699309842
492,-92.78820011605409
493,-29.571269924878834
494,124.77977292230531
495,-37.842120638684825
496,-36.369742092302246
497,-75.31695066197938
498,-41.41283943277066
499,-69.3252102422613
500,-111.54558716277253
501,-53.97966824561177
502,71.49029702476287
503,-88.62983081100171
504,-39.68103629817334
505,-123.28287111268673
506,-30.616140067481155
507,-71.28297241605645
508,51.73707198847133
509,-185.47324928052484
510,-113.79510438210241
511,-31.468716081322583
512,-87.38807495016997
513,-20.40848854440256
514,-72.40855664793534
515,107.81185965667254
516,-110.06046817421417
517,-18.424210432008167
518,-41.26607088538964
519,-97.08295129049577
520,-60.43524800376613
521,-76.51152846753197
522,15.775770984892688
523,-99.69736932039702
524,-51.31968459133354
525,-64.60143136028617
526,-59.32384459413504
527,-134.05536234249828
528,-85.29172895390852
529,-7.580328796559968
530,-127.90196212194725
531,-94.45846526674163
532,160.89198687723467
533,-36.35670669520769
534,-40.893241521316426
535,-130.33110371509378
536,-6.6088406485831115
537,-36.67750950098491
538,-68.40362608556619
539,-69.78819696633258
540,-63.22281781627075
541,-7.148978003856655
542,-11.089049594090625
543,-35.22006994266522
544,-53.891233419094256
545,-59.89040894384516
546,-48.48363504926809
547,98.59850222662787
548,-27.73166508146126
549,-56.090613120988436
550,-28.1582917924962
551,-104.0873287276639
552,38.256640503107434
553,54.95245996407827
554,-65.44231614854895
555,-61.8867939669219
556,101.1335943451016
557,-38.59268984526753
558,59.38326238948377
559,134.969726150797
560,-17.16448985054707
561,-86.5173397723012
562,-79.05471596454049
563,-39.63917637798613
564,7.074216582438169
565,-70.05838300334025
566,-34.23112419432776
567,-65.02029452802294
568,-28.862223814245652
569,118.12726874368292
570,6.35929678293509
571,-58.96502083704024
572,-36.8846638248106
573,99.87940749068322
574,-45.576078043363054
575,-42.458839788839015
576,-74.77643543317325
577,112.71700831308513
578,-97.2184394292725
579,-57.64719963014016
580,-13.799157066454953
581,-43.30405155066413
582,-22.140275220612438
583,-100.49823420551529
584,-27.192257863131474
585,-71.43260293302313
586,-140.02951451398695
587,-61.315503940123236
588,-57.82826441665728
589,-87.09148703548661
590,-114.82521576128951
591,-160.3342009253011
592,69.20224799554106
593,-52.02357376091068
594,-27.84288807272678
595,124.56298106896973
596,66.73113027558271
597,-102.19018494969944
598,108.6359664095904
599,-131.0646920880105
600,-30.226209373128526
601,-126.32480423379347
602,-5.852706354482521
603,-10.832823062544932
604,-86.1416442918738
605,136.17065961349692
606,-35.42740201001051
607,-44.60948050357952
608,113.39930125568263
609,-95.57444462569826
610,-31.029746902667227
611,173.81409583745616
612,-85.42949548285186
613,-65.38708115298292
614,-81.10085302966245
615,-137.26323282036702
616,113.80713203931307
617,140.5140743609935
618,17.81529832352507
619,127.19614316831417
620,-104.04315474443888
621,108.73888647597215
622,-32.478302772148155
623,57.445522658712534
624,-50.860138026944654
625,-43.71886173976142
626,135.32910642986036
627,-36.14764110883267
628,-114.8568785396303
629,-20.32849846956958
630,-48.50469528325274
631,-24.882248924804415
632,129.39975660067208
633,-86.1073731953104
634,-53.8177311996998
635,-56.628536300606086
636,-30.033759089915904
637,104.78373651441358
638,-33.89515757972613
639,123.14654506362535
640,-81.9641727934393
641,-71.92310845233779
642,-26.365627663388267
643,-94.62667465808457
644,-76.94967580742214
645,-55.51490041618824
646,123.24522699800049
647,-62.596413162887515
648,99.64691111853331
649,-46.345974568555874
650,-22.837028428361393
651,-84.0303119968473
652,-17.14464666277091
653,-55.11278708026669
654,-111.849161469081
655,-46.555157988310285
656,-25.950562734805715
657,-5.630983322458405
658,99.36443234464687
659,-70.49199346545389
660,-32.21459591369447
661,-45.68510779438303
662,-164.5875931662364
663,-133.47445092804895
664,-25.67768408263599
665,-44.0901911716781
666,-92.45331860650433
667,-198.7041090560365
668,-83.04260393691476
669,-64.70177387620008
670,113.0163446039032
671,18.088914699424876
672,-86.10368305896529
673,-84.99588616221192
674,-21.861946610859633
675,-82.92294527425996
676,-65.0319391897736
677,-35.19987761506199
678,-88.97196466895926
679,-99.92142325316281
680,-70.77873829184628
681,-52.7151466087922
682,-107.89412620399396
683,-37.508747634874844
684,-85.74503925580667
685,68.24426396187627
686,14.389801474474027
687,-25.68129118710283
688,-46.88878235458705
689,-98.9003515016876
690,-38.686987024326626
691,-62.21405995273426
692,-82.80303382000909
693,-65.25596376749773
694,-25.573842369035063
695,-20.862949179133224
696,-81.47113069231543
697,-57.089256133148425
698,-66.7235533443166
699,-43.31260445982552
700,-28.94471311787082
701,-77.09052449132739
702,62.281415500922826
703,34.294018775720076
704,-100.84716721473119
705,61.3127237304799
706,86.29333401286301
707,-19.11256947112163
708,3.030380166109481
709,-34.73797792314011
710,3.884697522707853
711,-63.67836436293356
712,-8.690583931262282
713,-49.95675931673561
714,-44.10998883288832
715,136.96728681237295
716,-68.29011599298782
717,138.50749629100403
718,-9.522954687084876
719,-97.26038201741598
720,-266.4644878572829
721,79.60197414015164
722,-131.47351229118598
723,-106.18190315716903
724,-65.34266769075965
725,-69.3641203957369
726,-35.58291226348983
727,-86.28210383080743
728,-131.9666410327779
729,110.05227070900408
730,-98.50662792084925
731,92.34416985951806
732,57.79671960785634
733,-52.7317196697833
734,-77.80966275300989
735,-57.51278399442075
736,139.547026708714
737,-33.7256576601644
738,-55.5096617885705
739,-188.00807450313926
740,-94.32038548635931
741,-73.23296171077928
742,8.522946617943589
743,-143.4296546395151
744,-34.556453162847276
745,-73.09832178748925
746,-39.15499089170197
747,-118.20315810212281
748,63.899216537704106
749,177.4365538571314
750,-6.698337911965268
751,-36.15308969708123
752,-27.282741228783024
753,-23.91900927507818
754,-19.7792785590849
755,-86.72796487247173
756,-14.734690827998165
757,-147.59624473377667
758,-37.527877751798655
759,-104.53745883541318
760,126.66985805729362
761,-56.953664312387744
762,116.6865902098834
763,-14.721451341086677
764,-30.333299830493914
765,-3.2156269845073666
766,-22.429177685752478
767,-0.2124713337481694
768,11.96574085322753
769,-64.74627570476157
770,-26.15030689344681
771,119.71121237930815
772,67.26756561735057
773,-177.9735987755512
774,108.45298641809217
775,-36.31929299874332
776,-87.93485737840179
777,-101.37838143204594
778,-45.894523095187225
779,-36.32623232962966
780,-75.0641495196956
781,-96.79691712338281
782,-28.69803599253217
783,-18.12159339002544
784,-65.34825537345117
785,29.20773955411724
786,-43.80449010318654
787,-66.0015814105029
788,-200.929519673961
789,-35.325073689739924
790,-39.923300386068874
791,-78.84600619428319
792,-62.9954028091359
793,155.2635747303465
794,-25.547006028371015
795,139.38324293615543
796,-68.17494007046017
797,-57.89652208084587
798,-70.87052109160865
799,-35.03685528618901
800,-97.04988449850288
801,-25.810572722868088
802,121.34140693140162
803,-92.1139732817123
804,-15.171938301625232
805,-97.47785690372797
806,98.40073776887694
807,-99.94413842535897
808,-75.42245938093428
809,-126.7486909720916
810,-119.86687028894549
811,157.3284364863133
812,-22.1178293798378
813,-130.21985955751603
814,-139.4439708599577
815,-53.79847831980372
816,-46.14410559472992
817,-85.0860406846862
818,-116.87351272582008
819,-79.19930449536608
820,-68.15009769185781
821,-124.27348918466524
822,-109.50412190030949
823,170.5804356444496
824,-2.2738906312122538
825,8.5993672716059
826,-53.30221487732513
827,12.785961454570895
828,-50.24532985085828
829,-43.73874224975049
830,-92.7022110465513
831,-145.8651635420345
832,-44.83066772475608
833,-27.10575922218169
834,-47.45113588890391
835,-124.79253706234111
836,-44.61506852228013
837,-194.21296319662872
838,-35.333529702831584
839,-49.9872636638404
840,-43.11528188107228
841,-70.33827767846368
842,28.42356803688918
843,-96.02825935439519
844,-90.70225411658069
845,-30.615288950952248
846,82.5815251863478
847,80.89499484389172
848,-29.982215040937035
849,-43.3590901345507
850,-29.3473522746185
851,-67.68355488520038
852,8.274595100421848
853,11.317594949513918
854,-214.0579629845064
855,-25.29727760093374
856,20.09080129719291
857,-20.735514051972274
858,-149.87293391635524
859,-82.14903371345562
860,104.78594128611557
861,-15.48138626201019
862,-0.6424429710119881
863,16.467145075653534
864,-25.863802499960258
865,24.185639756848744
866,-16.436902388534435
867,155.79334847023534
868,15.514450055307917
869,-79.08763269032737
870,-80.97573958275603
871,96.03886455061584
872,0.14845910600628542
873,-105.56333569658901
874,-71.44973107527488
875,-4.792553665967418
876,-66.48901296383161
877,8.908435268084887
878,-13.921716460835569
879,131.1533009169576
880,26.434155824493175
881,107.64780441361957
882,-6.954889284991566
883,141.49567347337222
884,-25.432909360179707
885,-78.23876934789483
886,-49.081553134108404
887,85.11776476585968
888,-2.3024364126914207
889,-121.88344749821029
890,34.11763101366748
891,-84.88106003772546
892,-39.98146576667821
893,-57.62749775074019
894,-22.596415216881496
895,6.11642087745669
896,110.21692630063642
897,-38.433498638995985
898,-62.02376812947239
899,-58.431266032208946
900,-18.2640414365506
901,80.20159957764706
902,-30.201352548156038
903,31.55991322667648
904,-67.46931895626483
905,-83.20830115780817
906,8.813489874085974
907,-45.086001848810895
908,-40.01407345682773
909,57.863727751061845
910,142.4119760749633
911,21.060151897475762
912,-26.42113227579044
913,136.17172303363793
914,-65.22282769835093
915,-27.337095249575782
916,143.69170060766362
917,-243.4668256622886
918,-65.95821179189751
919,-24.23736885632904
920,107.13075895838509
921,67.32038889730424
922,-17.680545094968963
923,-10.012741146426379
924,-82.68114810453429
925,-0.4234772810488039
926,-86.56350334051676
927,-31.030178229703353
928,218.4941117508171
929,108.08105253993286
930,6.600463216056298
931,-42.91477815942952
932,-55.27921927475319
933,-42.393178885221175
934,-81.79684573976947
935,-41.164649755087126
936,-55.48284092592901
937,25.476705559286913
938,-24.836570106842785
939,4.194794386180305
940,149.82181985812193
941,70.08214656690579
942,-16.376361208616103
943,123.43649390665976
944,154.2914786194314
945,-42.9481444120775
946,125.00431731520409
947,140.17970869883695
948,137.79049336925166
949,-52.47002466173677
950,-22.901430770459925
951,116.47459081477547
952,121.52213260417244
953,-18.941871390965062
954,-38.70137841140904
955,-50.07359668125212
956,-63.232806411565676
957,-46.42852518880778
958,-211.71005971332994
959,-5.522513580936831
960,-2.879229823893084
961,-253.98330483771088
962,-143.3207079207504
963,-17.96994413681567
964,-68.82136997315061
965,117.51779016621597
966,16.521598869248592
967,-53.93868290139747
968,-59.17537145590919
969,-45.92271910065324
970,-43.83618524405159
971,-115.93168788339094
972,134.84021721204746
973,127.52150039824437
974,125.69100472966564
975,-80.42902220242064
976,-219.6964701701806
977,-123.57610876182675
978,146.35761821450512
979,140.70151616040602
980,32.90501299637771
981,60.4973730105187
982,-112.65565504893269
983,131.67721169019282
984,-11.457244294870037
985,62.03380898722787
986,-34.9169949844417
987,137.5182893877038
988,-207.39821411764837
989,1.3770368024872255
990,-53.450584347937394
991,21.205568404507673
992,-39.49660340978361
993,-74.54625411641875
994,32.360386005813325
995,-15.25765947916615
996,-30.08738834147364
997,-37.115093679381644
998,64.80135432931768
999,-19.593137656057337
1000,-47.093411676306616
1001,-58.581422777338815
1002,-11.490196350061268
1003,-21.534667519837242
1004,114.74049994825846
1005,-99.2846589646344
1006,-85.4519969825426
1007,3.3675784724699582
1008,-85.12961908294088
1009,-63.96170616201404
1010,-78.48827671226393
1011,-86.97650627370925
1012,105.12544997319763
1013,-28.77792630782443
1014,-15.953955536964813
1015,-17.472626291008467
1016,105.98178476040876
1017,-2.4567672518192865
1018,-29.103449889355062
1019,-58.6096779027877
1020,-93.89027068888636
1021,-114.63472924612374
1022,-1.1993410536768465
1023,123.38901763324654
1024,130.69254305533846
1025,-2.52050846940314
1026,-45.98211369598534
1027,-37.20626465700737
1028,-57.34392436819911
1029,-18.213346244892804
1030,-12.399983563851933
1031,170.01490951595628
1032,64.18601564406599
1033,45.76104369172876
1034,140.74900384225617
1035,126.18651027817141
1036,-53.69278418254146
1037,167.61982235012735
1038,-16.107927338925222
1039,-46.78457368601802
1040,139.74683268598528
1041,-25.025652175657285
1042,-25.48068447978352
1043,-17.856230444902394
1044,-11.656186265462836
1045,-6.917469612310342
1046,-9.787139218538002
1047,-43.054573155437495
1048,122.44200329786199
1049,-78.62404294023054
1050,127.4501706774251
1051,-33.035602206485734
1052,143.49895703917025
1053,73.59925198925482
1054,-34.509820342262614
1055,5.9971438587220405
1056,-105.76520800770624
1057,207.73144964093842
1058,-55.000866063060144
1059,-26.459474469904364
1060,13.28835285426301
1061,252.47803779642177
1062,-65.46720765782905
1063,-0.14144784537704425
1064,-24.84335140102688
1065,94.87492858562287
1066,-248.43333258871414
1067,65.23629693930646
1068,144.1603054401926
1069,-0.9951828875292392
1070,147.43796403785757
1071,122.95080874692555
1072,-35.36569344177806
1073,123.09930799694627
1074,-117.68561692763642
1075,-22.99404375756248
1076,117.40508122829605
1077,91.3668122165653
1078,-33.42818182094143
1079,-1.4344341635658395
1080,-34.659852802995246
1081,127.32874809817467
1082,-32.13448254917964
1083,90.13955423216449
1084,-15.31087520199118
1085,-31.632679353305917
1086,163.25247575445493
1087,-2.4122671380314102
1088,93.76794049993433
1089,-161.63279982176886
1090,-60.87353193440698
1091,9.72438907786372
1092,-8.062370437048457
1093,-67.39798856378007
1094,-44.009418464527045
1095,-50.4695567620061
1096,143.49795766554774
1097,-51.76732243898809
1098,123.8588212871342
1099,-6.879646810502734
1100,-75.70530526861438
1101,-66.46475975522307
1102,134.02838275414223
1103,-19.924100294821173
1104,108.68948804899738
1105,-42.96228338587032
1106,113.81558504746455
1107,-13.470419812831807
1108,-16.875644711548105
1109,-41.52875514561573
1110,129.74059385519186
1111,-192.43464036493012
1112,107.67238067281474
1113,16.203053276976192
1114,120.27944591302466
1115,-25.86718165793097
1116,53.52953111590173
1117,129.7338926387419
1118,64.86403042902938
1119,-42.29895207474584
1120,-3.4060719300338604
1121,-53.25033413622613
1122,114.15166361483152
1123,-25.181283932138882
1124,103.58347455248564
1125,130.6144990061556
1126,-90.6386708500376
1127,-185.7605718335089
1128,-51.411159564264636
1129,177.30154782623762
1130,-5.1453022597331
1131,-14.530179416658356
1132,-96.07912521061449
1133,-138.08066598816805
1134,138.5017812402732
1135,127.13325086925224
1136,-74.02624915913482
1137,-40.278522036988825
1138,57.87761188413549
1139,131.7638943650503
1140,111.93798329176732
1141,128.1638730815436
1142,177.98680423297904
1143,87.11161658391248
1144,-38.52852766960588
1145,-15.645446804166525
1146,127.13203497430717
1147,-173.09982991668232
1148,-2.1617685679448044
1149,-70.96787509143698
1150,31.536685128859602
1151,53.62263081932676
1152,-57.888507042754064
1153,103.82303592833613
1154,149.697050133669
1155,136.95554361928535
1156,-23.918404410901402
1157,2.174725419094756
1158,96.2063911514952
1159,106.02181513795539
1160,-43.87117721787584
1161,116.69193908832852
1162,138.64413736056892
1163,-127.5497698526128
1164,-23.314043545590323
1165,121.98652694038492
1166,110.6753929549628
1167,4.7364130672262945
1168,188.1777608626992
1169,-155.65661104378876
1170,-37.956555412996266
1171,-0.24894267328214426
1172,-51.166455564264744
1173,119.23819280697488
1174,-109.43563204144928
1175,-33.98537302103446
1176,179.98181621543574
1177,162.8305458987205
1178,132.94015628075928
1179,131.5336811349813
1180,-62.75442276325204
1181,138.94304455162393
1182,80.98127683269814
1183,13.947535918508777
1184,214.69527126015242
1185,-3.403781424336117
1186,162.42838986832194
1187,40.2307403431546
1188,120.77119728273674
1189,141.30570872240284
1190,-43.13341661036462
1191,113.33918234653457
1192,-182.6117349431443
1193,126.74083933269257
1194,-73.22577187891093
1195,2.332503724790996
1196,-34.40950358683537
1197,-0.4702872033605985
1198,-14.921961505527975
1199,138.87170328971118
1200,-41.95183902988289
1201,-7.399464071808069
1202,228.3671875837539
1203,12.515372935133598
1204,-53.99928934097278
1205,-27.288365753593382
1206,24.383088179236296
1207,157.71575084933156
1208,111.29767435521309
1209,115.66691270877861
1210,130.05622479187343
1211,137.04332156017134
1212,107.15532749832416
1213,-15.374644846199217
1214,-40.31749790713715
1215,-29.176131153890438
1216,207.6892305645503
1217,144.01041593951285
1218,-41.63212574911945
1219,109.43680722627495
1220,115.62862696265702
1221,-27.42362720167347
1222,139.26239882334238
1223,15.58245008297969
1224,-17.639416379876195
1225,-180.90619157216372
1226,-58.64048702627909
1227,-9.83855069429093
1228,-12.218848463432721
1229,-24.91019113981109
1230,-243.40190919556537
1231,-19.44241403704143
1232,159.46765860557278
1233,-29.18248321865255
1234,-75.36920767625335
1235,-88.28214965783968
1236,95.57518283044669
1237,-28.95785994884274
1238,12.535549589988065
1239,-37.30773226506918
1240,131.43296812704523
1241,-111.63809579822785
1242,-80.21020962905048
1243,117.95100908317367
1244,-87.49604342681656
1245,131.7310262320561
1246,95.83639049032357
1247,-14.083014523710517
1248,11.247963036832317
1249,85.88061233363445
1250,136.58149102398013
1251,-10.292600830495061
1252,17.148694746291312
1253,-75.84089194839187
1254,177.83628105691312
1255,243.99938108478383
1256,79.8264376758683
1257,-75.54242153775417
1258,-1.0447784713121706
1259,-104.87024724457628
1260,61.09646856027092
1261,131.52825668209593
1262,-68.10582752723118
1263,-33.27060343485496
1264,143.70938926325508
1265,114.11119513794529
1266,81.61759259935812
1267,149.55531380882616
1268,71.21619374113781
1269,153.62573721424403
1270,-0.9929140186791869
1271,150.9917661307344
1272,-45.82657119983543
1273,2.615172439801867
1274,135.68057708514837
1275,169.66788115764862
1276,-101.35198218511181
1277,134.44759030936845
1278,68.29284804071196
1279,120.63096744037126
1280,-63.46769025847162
1281,-427.4677417468955
1282,93.5388261128212
1283,-46.34268891305757
1284,21.755219176240615
1285,-87.38478776626724
1286,-7.156192173577878
1287,108.39985955181805
1288,233.55907336951603
1289,-93.11869823226726
1290,42.67311428403315
1291,-32.43760292206905
1292,8.264586718054716
1293,-19.24277253219917
1294,127.45875974731823
1295,-11.747252273016514
1296,-32.99172051583871
1297,-45.94368809196634
1298,-195.79392181770558
1299,-37.337807196384105
1300,76.03819552569684
1301,-27.863615368504355
1302,-90.04726089271357
1303,117.44547344028261
1304,-12.004330870244303
1305,101.00018293123834
1306,72.26036551169585
1307,116.75806875360898
1308,13.27236880073032
1309,100.05334975922521
1310,128.90892285102404
1311,-4.749549997054146
1312,-121.77253695612518
1313,6.120550049026875
1314,2.231312397290907
1315,-57.68166990773794
1316,-61.70796581737041
1317,34.02761650979231
1318,-12.980877070446951
1319,77.41829345942219
1320,78.18811443914103
1321,-29.30346261814553
1322,-10.817225153627675
1323,-16.289356066980574
1324,112.86759904050243
1325,-23.36980862713068
1326,-32.6885103075669
1327,-26.517140735717874
1328,-31.613118369832236
1329,106.93875307347692
1330,-71.10055759181691
1331,-157.1269104572686
1332,59.1404856931162
1333,120.27460285059755
1334,137.67769916470337
1335,68.18829301580627
1336,46.219932744486584
1337,158.32781019670705
1338,-72.57451339446705
1339,-61.0349711572248
1340,-22.26011856049294
1341,153.6126505331075
1342,-53.999312606887464
1343,206.88765221155407
1344,-279.35041643168097
1345,68.29081177987247
1346,14.782906161735724
1347,135.83246597749073
1348,-24.867852978475398
1349,177.19091659578677
1350,-37.694440775424226
1351,-79.46219333007038
1352,27.812097299247768
1353,146.92419967754319
1354,0.11529702478398463
1355,-13.429431525731601
1356,3.0299117229798327
1357,115.5934447773716
1358,-7.3501240299722355
1359,163.93302049337308
1360,-36.73243742141538
1361,166.5669251214389
1362,25.02127150663398
1363,-62.6863376658293
1364,214.40340831938508
1365,-297.0219785115996
1366,57.32435309239577
1367,73.19776764375467
1368,-25.227723833361267
1369,180.16914822441439
1370,171.30160375536198
1371,136.62351054041267
1372,144.93999457542066
1373,163.1465909180683
1374,145.057832564029
1375,100.93622448276811
1376,103.15715869526684
1377,69.9335587960676
1378,-30.267717139910516
1379,0.9223957756818209
1380,122.25690039761562
1381,93.25677893634334
1382,24.04472399013899
1383,-96.90989565669221
1384,-42.40373945358179
1385,9.175811878808176
1386,138.2209681754431
1387,52.24267604084277
1388,-8.696384762923017
1389,139.04566142604233
1390,154.49683948423464
1391,104.19493535309974
1392,-42.227506672235904
1393,-73.54970191563145
1394,173.62761021562295
1395,7.464848219544692
1396,144.30746636650684
1397,-139.82545123465
1398,-6.384060928651607
1399,164.02974570466364
1400,-63.96324351521619
1401,-74.86019776881842
1402,146.03795388946827
1403,91.47449784301413
1404,58.327077803797465
1405,227.70412182562853
1406,-211.03071281756905
1407,93.59529912662681
1408,133.30193776148477
1409,137.55011018502063
1410,14.261308529629943
1411,106.08685693560253
1412,81.33326736990944
1413,-31.21126989086143
1414,-13.836447605374047
1415,132.55944964962276
1416,22.56548824697927
1417,167.02028456757316
1418,39.34710282329229
1419,162.33766731904583
1420,103.41263964362935
1421,103.6933918277515
1422,128.63077187527173
1423,-73.74171346737414
1424,120.25816899310131
1425,98.0864014994292
1426,106.41051175862066
1427,104.72777139500853
1428,175.37370672787986
1429,42.160561029033886
1430,61.39792343945225
1431,42.75613041556372
1432,105.5267468853352
1433,120.99322497639082
1434,113.10994708143916
1435,162.96074661505594
1436,121.8974638535193
1437,101.35440626190655
1438,219.16958548173923
1439,147.0797451053244
1440,125.228898701518
1441,204.46765245631377
1442,-19.23935389065332
1443,129.90736297368474
1444,137.82405791284623
1445,45.1737131962942
1446,198.2420046146601
1447,27.470692652728943
1448,3.4548261173055437
1449,121.78916221666358
1450,135.10386586562143
1451,-16.40125759671217
1452,119.32333520694635
1453,-48.586761309807684
1454,205.18800869808072
1455,-254.13607431619067
1456,104.29752183024019
1457,123.65336941121951
1458,49.35273500942108
1459,-62.16833941135951
1460,-37.903161134704604
1461,216.29514400365656
1462,152.98280067566358
1463,160.1812094100632
1464,-153.65606196473388
1465,127.2682392154558
1466,35.94527826501124
1467,133.3663231446721
1468,-0.7167478332586228
1469,120.78217904412331
1470,56.56912170107429
1471,123.47267126475919
1472,-13.21595694770501
1473,177.59534691945086
1474,125.64327278329299
1475,148.63697706267754
1476,108.11408528061712
1477,-31.52421068979841
1478,82.9897435623545
1479,-8.944458222474893
1480,137.10585820116899
1481,31.2558101582963
1482,-34.13870438697167
1483,-195.66501296532408
1484,-276.4446954519018
1485,185.10575633453635
1486,89.90034880342925
1487,-29.71840825300174
1488,161.07670667000932
1489,-40.8434013319544
1490,-48.06104365164869
1491,61.67545055273956
1492,-59.685117811442424
1493,151.75101624431792
1494,125.9989931530234
1495,172.88065496188267
1496,110.16085039938729
1497,-4.737129574630245
1498,186.1249979127664
1499,121.6616979645797
1500,-22.86436828335482
1501,122.40272701689786
1502,101.40287100292487
1503,135.18284048857518
1504,123.92677386077655
1505,-213.26522465465416
1506,116.04374297462934
1507,-34.20766854826542
1508,111.45623965655949
1509,236.74120351166664
1510,140.27264668893147
1511,-57.752717670603204
1512,-210.0115859858974
1513,121.2067304637894
1514,121.38481582127814
1515,119.57702478539807
1516,122.36162627132111
1517,70.54418779470474
1518,71.30863623298062
1519,118.78542925897008
1520,138.9224246644906
1521,188.127619149331
1522,35.793997936702624
1523,207.15774916092107
1524,-12.029577545376739
1525,81.96711963509863
1526,89.06108430423551
1527,108.73375777470876
1528,100.65471698398555
1529,163.09453685933
1530,181.99416898873787
1531,-49.88846608911527
1532,30.36429741313887
1533,148.89355363193494
1534,-197.6838269471791
1535,152.83686360690578
1536,128.97787120227648
1537,20.867482917708116
1538,199.61789145934992
1539,133.19176903205945
1540,-19.723191596763513
1541,99.15929389666667
1542,-22.36362482106493
1543,-72.40166253687383
1544,-40.986799613382125
1545,12.394374042450082
1546,235.3725337878437
1547,86.79177264398179
1548,57.57412141836923
1549,8.142287273693611
1550,65.03972470506899
1551,125.79737619664684
1552,93.88494708130068
1553,-17.325850432049975
1554,133.6996120879847
1555,167.93404196758885
1556,230.54026132690237
1557,-32.917691401783
1558,19.952356503480573
1559,32.488466710501825
1560,150.00164860490293
1561,1.9462672835105934
1562,-17.458492215679797
1563,110.92885843291006
1564,101.42557191286326
1565,-258.3819765580439
1566,3.6819069225757914
1567,-115.22788956744915
1568,146.5640286817716
1569,151.59810163481626
1570,135.08998187123143
1571,137.4278505094768
1572,-38.5866991151222
1573,192.52408367100634
1574,-25.28404128871665
1575,9.896600707216194
1576,90.49644766217165
1577,8.53107209190938
1578,19.150415285589744
1579,50.81872506731739
1580,-14.26578456036313
1581,164.44873730141083
1582,0.23044071735748162
1583,6.114392964892701
1584,104.82165622670367
1585,-54.75238687325233
1586,-49.891677027328335
1587,-16.74449060110196
1588,0.09463317906558188
1589,21.438713038833825
1590,9.505239834864739
1591,159.1804918156772
1592,-27.580601282110663
1593,98.06423209831694
1594,-22.059119894721363
1595,133.93274750340623
1596,-218.08066685907798
1597,96.1847904092358
1598,37.55863054528317
1599,101.45610492633152
1600,153.89279653190002
1601,-1.861877815747917
1602,141.42101612859867
1603,126.91878362390013
1604,104.74992109605496
1605,111.16370621809415
1606,-60.347052585108315
1607,118.87453795496396
1608,-37.064857883648955
1609,-23.352007132404893
1610,127.37499187257102
1611,64.66423895116186
1612,81.89335677904876
1613,-22.157846139046242
1614,-20.708107231911853
1615,-230.8376698914389
1616,-15.147587150226698
1617,149.87141550225127
1618,114.19355165777357
1619,140.62145948115736
1620,-9.89478683164026
1621,43.80053063598905
1622,184.2468378268086
1623,-28.052861390921393
1624,-185.04674085930532
1625,142.27282618416933
1626,-13.805930261500194
1627,-14.990880581482799
1628,171.16026056731042
1629,142.79687562639793
1630,109.20571075989893
1631,-38.798455583652014
1632,131.13558684783084
1633,89.1380496009481
1634,90.09711369175508
1635,-30.705619552027386
1636,-15.080358017076193
1637,120.39216259480513
1638,-6.853315275185992
1639,170.6436646109014
1640,32.301997683146936
1641,-32.39024043904021
1642,50.083552655469234
1643,25.15332489316154
1644,-6.059065259061924
1645,110.43925118393021
1646,15.978312224274731
1647,141.33988177629655
1648,154.79836966846793
1649,9.875359083561037
1650,-240.80805118125033
1651,148.51622872376942
1652,110.78180104809762
1653,-29.977863824208086
1654,11.367754654648266
1655,119.88348466189984
1656,169.76198705671453
1657,234.3691188398217
1658,-120.92780184039162
1659,99.3566323027303
1660,113.72628029031175
1661,-28.937348429695902
1662,-89.41989653330823
1663,-26.13359856443796
1664,-119.99685277045991
1665,-9.880979479592114
1666,77.46017703873363
1667,-255.42533947702634
1668,67.27847712464087
1669,-170.77557963150275
1670,75.10833277637374
1671,106.4664206302177
1672,0.7630025905557432
1673,104.9186690006313
1674,141.66501476917745
1675,-14.000131674449506
1676,-34.588915256175696
1677,113.04400461519498
1678,-68.39005411860263
1679,135.77702248321594
1680,-36.714346582775676
1681,-112.38220140198086
1682,-85.58348476483306
1683,105.3968256734507
1684,174.09323705795234
1685,1.0024387393454113
1686,-34.59352587384379
1687,221.37232201792557
1688,-17.581061806441568
1689,88.07465789976123
1690,-11.810518064876703
1691,-24.942846240434065
1692,177.76410507341737
1693,59.54755336075682
1694,77.20131105021085
1695,-48.02161947179188
1696,200.86792140019227
1697,168.3016578664622
1698,-36.007083552670494
1699,154.64218269944254
1700,98.91704910578366
1701,93.13531333277601
1702,-28.369035496488706
1703,51.7015265711274
1704,125.50313768226574
1705,-33.130065923817924
1706,-6.983131137440267
1707,-15.300655819108826
1708,167.68757427938323
1709,141.47673801502904
1710,-47.12333653350825
1711,132.5409943669516
1712,119.65704768628218
1713,103.67188583152657
1714,152.96829683122937
1715,104.12749139303
1716,132.049559851894
1717,120.81103256474647
1718,18.18026732020499
1719,117.85478669298054
1720,140.8403986151753
1721,-69.72390958596941
1722,-109.02733137834754
1723,147.49603488710832
1724,-26.79075215967171
1725,-42.14944866367311
1726,42.062923137514616
1727,135.41791940613706
1728,109.20708832472371
1729,134.0609365198549
1730,1.5807727869078576
1731,-11.555415148512594
1732,129.98376073224384
1733,42.004949040462606
1734,-55.719212850975325
1735,66.593671895246
1736,126.1684995011352
1737,68.05860797878833
1738,-159.35258872517838
1739,-54.316229212126984
1740,101.52366900749043
1741,116.70020052092983
1742,-41.00431909246494
1743,-9.083318332276562
1744,-26.507681838246313
1745,111.60050697085322
1746,155.3418426925657
1747,-59.968715367318026
1748,-191.17051134357763
1749,73.70560763422621
1750,-30.17154866077908
1751,123.71485109250385
1752,94.47636100016413
1753,163.81666090828935
1754,153.9494835547047
1755,193.0967251790711
1756,2.415521973399521
1757,-45.916936160035945
1758,-24.93235790424184
1759,171.4685876272075
1760,87.52125755004812
1761,149.72731945942246
1762,-4.983817776580494
1763,-11.851288403822906
1764,45.38883960628414
1765,-22.74260131705806
1766,-39.21089684393887
1767,136.97762090662715
1768,1.781643759786732
1769,-7.094099179428667
1770,122.55317734513686
1771,124.90388126808622
1772,-1.3967342412371977
1773,-2.574279298236064
1774,143.06696040208033
1775,144.24446564289147
1776,123.76552860922266
1777,-70.43170068282933
1778,-64.18856248593481
1779,144.99716053258788
1780,-64.08986084330292
1781,202.82455988387858
1782,20.61897527890457
1783,-17.611860447075117
1784,106.23065049491832
1785,119.37950320351273
1786,36.940880982162355
1787,86.49819837673647
1788,27.326500121257638
1789,0.7434011907595561
1790,-62.163332308256756
1791,-57.971298587090956
1792,125.03510529072275
1793,96.53291520456978
1794,-27.511101131712834
1795,137.66969118572973
1796,111.98549288048086
1797,134.5666075850144
1798,-1.2665718974681113
1799,-12.28090763973863
1800,92.0533143039617
1801,126.310608783502
1802,89.151825231807
1803,148.9000947343388
1804,143.55808248077398
1805,107.81432891999064
1806,-40.60885790562391
1807,70.02950094162875
1808,-29.773417838769603
1809,-13.317586840142667
1810,61.000289321119624
1811,195.89498842005895
1812,129.3141842589696
1813,-20.909426782869943
1814,181.77220671140438
1815,110.83394822948445
1816,-37.70586690920827
1817,141.23652223316918
1818,-224.04331598984373
1819,140.20244720488964
1820,148.96417599583344
1821,77.05748786790141
1822,128.41442460331515
1823,-26.675577485293402
1824,0.6391877869381801
1825,145.2399054989143
1826,-34.80443476230093
1827,160.33899040102327
1828,-24.15802293417832
1829,-34.87471161756142
1830,105.48740927530814
1831,112.90899719831376
1832,1.9503942468527729
1833,-45.33037424692601
1834,212.3803033738318
1835,1.1636689523785293
1836,-24.9498303414197
1837,-33.07106958936464
1838,148.32251022684648
1839,141.977382008946
1840,-32.74339744987911
1841,-69.80715723516212
1842,97.08316102550815
1843,214.4278981956291
1844,-62.08117117696298
1845,177.35974915795558
1846,-13.883144397229984
1847,-237.71908170396182
1848,227.17172410182002
1849,-6.657462205483341
1850,40.53004166597819
1851,58.364957614612905
1852,-231.78177800002445
1853,149.4222802743968
1854,-39.059146304113014
1855,65.31368443931012
1856,-20.46473729806503
1857,124.6381464863838
1858,-19.750400271126495
1859,138.0988652556329
1860,-57.32436861995717
1861,63.54289954739711
1862,-49.70700492989233
1863,21.52852370208703
1864,-5.187596346468666
1865,125.16683885792771
1866,-69.24547752616664
1867,263.0310960151212
1868,229.4486764416486
1869,190.30644680679916
1870,110.01740191707489
1871,-234.34401500197805
1872,154.41470834666742
1873,-77.931222147936
1874,-41.77203502197737
1875,124.57308968246109
1876,64.37627735809018
1877,292.4043429804058
1878,-12.12839468811616
1879,97.98361288924409
1880,25.56213120356651
1881,116.77592152170345
1882,185.47873329323713
1883,92.761053718214
1884,10.52781967324438
1885,134.91021356280862
1886,28.648174733969398
1887,10.231515047533023
1888,109.91881682784577
1889,194.6021210679911
1890,114.47934649304723
1891,89.32569171794826
1892,2.8865963195896853
1893,-17.68690055936662
1894,-48.71939563018405
1895,-26.00329793306183
1896,15.272519163498274
1897,48.48833653226475
1898,145.83989273502004
1899,116.17945182549377
1900,197.25967435067423
1901,-59.93420156793607
1902,143.96354592575312
1903,-63.38021134644414
1904,-84.41126095072227
1905,-26.980172570888215
1906,41.78569672365108
1907,-7.5974066280710275
1908,69.32056609379288
1909,143.24830706734107
1910,214.00524115162182
1911,145.99143675929415
1912,60.35957808221254
1913,112.34020566540352
1914,-23.46389901571601
1915,121.11225186478944
1916,223.83153690156516
1917,99.25213977454231
1918,180.44415828682875
1919,289.18733569978775
1920,-271.6161484674707
1921,41.3178523027191
1922,21.467010821052483
1923,143.09957953970883
1924,152.07015213696505
1925,260.455657535972
1926,-5.839438615240056
1927,245.3202392444224
1928,186.3643841764589
1929,-10.39851948448262
1930,218.52753631307124
1931,-33.36620008707047
1932,122.7401308397083
1933,122.69974839340745
1934,155.07321838614337
1935,136.6568351047563
1936,66.68774783547752
1937,-14.508555654236588
1938,88.94620414659033
1939,209.60842635177482
1940,156.13426167008058
1941,87.49232844821816
1942,156.16386853219552
1943,-1.438884297369853
1944,233.96503785052502
1945,137.44604121620546
1946,-27.32013873109851
1947,129.88984229749454
1948,269.1403130458447
1949,135.23736102064294
1950,-44.78847021740614
1951,-87.54189321896968
1952,20.766283801634316
1953,114.58865155436739
1954,37.783497348305715
1955,-61.34368000582121
1956,134.7484117994511
1957,108.78364090023105
1958,179.016281326151
1959,90.62131596262721
1960,155.42562600429565
1961,217.41883681523814
1962,215.5820048987095
1963,105.30289213526953
1964,-3.8781159520045776
1965,11.389385210384006
1966,-0.3557406302037549
1967,109.37295048043195
1968,-6.6766042851619005
1969,-185.67708037766283
1970,19.717939941477326
1971,127.90292168558754
1972,123.29163834329024
1973,-50.100698658860054
1974,0.1929531873619652
1975,147.3224151533665
1976,245.4618076607187
1977,-13.470829417055498
1978,-50.17995309429569
1979,245.80499046448918
1980,130.54813034107295
1981,-24.399719042045476
1982,174.0476915192272
1983,109.61985810080814
1984,-9.53615737785995
1985,23.66345233468084
1986,-27.84165118921844
1987,-8.751841558601598
1988,238.4449170290663
1989,-31.244601838224554
1990,-2.8828508386994542
1991,11.304979997618474
1992,134.41880988639454
1993,264.0889263775547
1994,123.08570221824762
1995,34.48225005009908
1996,254.65937689735165
1997,-66.19053371443303
1998,177.0692045679084
1999,-31.23370788437893
2000,179.53216175896713
