1,-237.31847132790259
2,-259.6450820187579
3,-108.6735542796153
4,-149.84160882565675
5,-67.10988268281733
6,-85.7314829014609
7,-79.08310158042441
8,-210.54493965651903
9,-178.57076374675205
10,-40.156483012279665
11,-68.47982828141129
12,-148.5712492143196
13,-225.15650148909117
14,-215.66726543298867
15,-383.32812005783984
16,-69.9401628625727
17,-72.65097793622907
18,-143.0585605735899
19,-258.6963588318033
20,36.37359173585742
21,-99.02157783221386
22,-179.15111924365175
23,-44.99803316475368
24,-92.89334357429354
25,-130.5734372780402
26,-256.70787076626385
27,-75.307913425027
28,-61.343107190106515
29,4.300931595447992
30,-121.82717429291363
31,-112.36929358965938
32,-299.4473072230823
33,-160.4024644258312
34,-157.4146844095622
35,-70.54077511531665
36,-103.4748182837711
37,-85.85592704471804
38,-105.85135210415561
39,-40.103073735074624
40,-122.69034488641964
41,1.441778305699799
42,-97.79655614095022
43,-134.41906128878725
44,-120.96849267631997
45,-74.97001212120941
46,-94.0094366467013
47,-42.77711920245051
48,-51.79652453247312
49,-90.15273121619312
50,-114.94185632264339
51,-30.406701758336126
52,-99.56260419418871
53,-70.78953824193289
54,-274.6152730853004
55,-40.75365788604544
56,-78.77444722776518
57,-36.643956470344236
58,-89.44176903255143
59,-97.26446491894498
60,-86.68886562562348
61,-80.17511853251187
62,-464.74616984495333
63,-61.34642425339105
64,-69.25805398692043
65,-39.29342884609332
66,-78.764986370639
67,-107.73574336025533
68,-133.45749572505662
69,-85.28333928538814
70,-61.41958217505159
71,-207.5763378708217
72,-67.33925821860477
73,-44.30699113640604
74,-115.78749129253902
75,-118.988710949679
76,-105.39175578532804
77,-60.05065421615818
78,-63.139898069610325
79,-248.04669240031615
80,-66.48703104441368
81,-41.031624222028626
82,-112.76290576210937
83,-114.78418808746417
84,-92.70212881983247
85,-145.59865748423454
86,-89.79977053261761
87,-120.78985810596824
88,-51.031742952686585
89,-78.30518256664652
90,-105.9223196123995
91,-98.84984725892161
92,-78.18252317790594
93,-101.93844742967424
94,-111.6833493601389
95,-53.636714041903254
96,-45.31110718925346
97,-75.63943377870947
98,-74.04470853676042
99,-73.99094171726452
100,-102.98470390720172
101,-103.06427489306719
102,-34.8225681611508
103,-73.67593979000752
104,-57.719147332148616
105,-65.5564856596521
106,-79.69604652389958
107,-98.86597630333762
108,-175.07524226152742
109,-55.98615563024323
110,-105.61224946943756
111,-80.75854349134661
112,-54.372040408150525
113,-60.9398883401211
114,-73.1254227717179
115,-86.11337342279131
116,-78.9007296149036
117,-67.80299747036071
118,-186.9283117922609
119,-80.64095318160659
120,-55.118188688658805
121,-56.35681933871524
122,-169.05293439898742
123,-111.20647075465884
124,-60.90217627729813
125,-129.13595296676286
126,-98.88598899943666
127,-83.81407831456814
128,-48.308267034980915
129,-69.02884566832003
130,-87.28120229657296
131,-131.89194904353917
132,-17.318824185189413
133,-143.30445674752997
134,-118.7392377212064
135,-51.905343308209844
136,-68.01020803075508
137,-137.06141900605024
138,-24.43499633839862
139,-95.43196409990055
140,-89.09281402149459
141,-85.038587381552
142,-58.4166559378913
143,-138.6274137511964
144,-81.05125179444164
145,-70.36587699720396
146,-83.85989479979585
147,-169.09842253947446
148,-170.33398894387443
149,-112.65785981661897
150,-66.9026471887891
151,-21.17127016807416
152,-32.734487318087304
153,-220.2309627172325
154,-45.91965283004272
155,13.362791455630543
156,-84.15596120419234
157,-65.1569112185195
158,-118.58265041554648
159,-76.54549850247746
160,-60.578393308535325
161,-73.44647477626378
162,-101.40136272784443
163,-45.51471893438625
164,-92.756674802154
165,-40.8086921603393
166,-89.6712757314897
167,-99.60495369061007
168,-232.8807615941725
169,-71.01450285076164
170,-18.789143203272516
171,0.8991896555022691
172,-350.09853692545005
173,-92.07213061792673
174,-96.7070295092967
175,-313.9298474235251
176,-95.76719338451471
177,-107.28052048081013
178,-225.48995769675696
179,-78.72907204120246
180,-174.56336674194637
181,-84.99606190558828
182,-136.7155589697135
183,-67.5589601571516
184,-75.66653430299012
185,-90.05015262688555
186,-45.749712543880776
187,-60.06408103713903
188,-90.44773443676749
189,-52.90762556220302
190,-14.978762657863726
191,-105.88738541276759
192,-120.89394945226879
193,-38.219247783609774
194,-68.39653859831718
195,-43.9190575443528
196,-14.685852102713213
197,-86.66966917674296
198,-73.66075134322752
199,-79.22448297288719
200,-304.21535731775555
201,-86.78889067796611
202,-54.36078117437731
203,-79.42962475206883
204,-134.2194423692278
205,-179.8499745994814
206,-27.687930087626114
207,-62.32415404639792
208,-164.9921968897012
209,-35.58028411260139
210,-197.31304625197765
211,-56.94646270627997
212,-82.33590344611375
213,-87.41080843859562
214,-82.5203021636541
215,-42.86503387487413
216,-80.85423492273824
217,-74.98198891298009
218,-35.561442536090496
219,-63.63017284674084
220,-61.53675936085111
221,-77.99077244865768
222,-46.80019258555587
223,-50.15688023263421
224,-35.35436273549875
225,-71.02106650044438
226,0.9538364372889134
227,-36.153078328547565
228,-52.25384193513227
229,6.1633708142440184
230,-116.12992400423978
231,-55.35910027299838
232,-114.14056358910274
233,-82.1288952841379
234,-65.25883569049756
235,-81.22063410588183
236,-85.09803912614527
237,-112.75798770164342
238,-34.402378372690265
239,-101.0002972709309
240,9.769648066375183
241,-133.27385013015828
242,-41.33827050050384
243,-60.00927150369466
244,-53.23240531336704
245,-42.49404193687124
246,-143.07939753844659
247,-77.50485101572005
248,-47.998982534916365
249,-87.50484939035923
250,-100.02992890931024
251,-207.0990138381814
252,-98.48799841663329
253,-260.81982732977576
254,-42.34260495907104
255,-64.81564197401522
256,-62.29311207285271
257,-77.33816495206403
258,-83.32752402506678
259,-82.09422689860835
260,-62.53481455916545
261,-84.99064222594102
262,-50.23596190080474
263,-17.23454183772114
264,-81.33599593346327
265,-56.386107555824
266,-87.21816911219516
267,-5.831220717863308
268,-129.92572546285862
269,-18.827264722960507
270,-58.50739145932174
271,-57.64304269064148
272,-63.74866267500354
273,-56.26117497700246
274,-14.26770636514334
275,-92.28497286183203
276,-35.83817742243356
277,-81.0975302543041
278,-78.96674292268588
279,-74.16008563573217
280,-15.270611653676056
281,-16.238460358856486
282,-74.55896536791911
283,-76.04027517721408
284,-169.4158862867655
285,-72.35193288082651
286,-78.92278220936933
287,-81.47518315350231
288,-121.04890799013816
289,-77.17670380014239
290,-58.25464145325762
291,-96.90177946015486
292,-49.77427658143098
293,-43.150676341810026
294,-37.39749839464588
295,-49.21701373877429
296,-125.53370381088608
297,-26.851102594768037
298,-39.9164363176707
299,-61.452423715122464
300,7.870479989341661
301,-70.07076448851817
302,-45.871086904551234
303,-186.7234350640251
304,-68.52379974685226
305,22.989661899893107
306,9.682901978078775
307,-115.9467597644632
308,-17.152678806987254
309,-4.5283391558824775
310,-9.351366094265785
311,-8.834906107153643
312,-124.60434614294314
313,-90.75118117010808
314,-89.01000378680784
315,-59.20656882080045
316,18.316140243484753
317,-63.903259312516965
318,-143.7453160053588
319,-39.34618279355872
320,-90.8330316625747
321,-51.615472284800006
322,-232.82728249015747
323,91.13136257900923
324,-73.96225462386117
325,-37.998129584129614
326,-10.69595214731575
327,-31.478019015316335
328,-81.25369763159517
329,-11.26237755056863
330,-24.483032828622314
331,-39.361554072421114
332,-33.179004829147374
333,-69.26541943712388
334,-2.663472409852716
335,-21.81114972271837
336,-28.405246135656043
337,-120.82960120800242
338,-83.06663837866586
339,-214.9932608252098
340,-87.78132302384422
341,-48.33249899282912
342,-90.70246546118004
343,-33.60533439221065
344,-50.44628452958793
345,-82.52689532932409
346,-32.14637591781995
347,-73.30264589095458
348,-44.048358602402736
349,-53.8289933180247
350,-120.808271940699
351,-42.09440883862235
352,-68.01305947338365
353,103.75245329652827
354,-69.5390814225526
355,-75.60430347195552
356,-77.58444037074833
357,-84.09328057465638
358,-41.0516953482317
359,-38.05879052220888
360,0.36559591754537735
361,-46.50696011019447
362,-95.22640600250259
363,-50.462443340838576
364,-109.71302929692192
365,-90.0944042088876
366,-54.832145543629295
367,-75.6200063286896
368,14.634805394120932
369,-83.26191767221079
370,-20.344499579240306
371,3.230134737936652
372,-81.2244351314009
373,-61.30958915452627
374,-40.49307140799999
375,-24.836213510508145
376,-94.81054450214295
377,-60.556745468555775
378,-68.81560791393855
379,-48.54518142918503
380,10.716694452613396
381,-9.08485325385071
382,-66.73918489360528
383,-14.275413025085697
384,-6.28497375084649
385,17.488399338838732
386,-51.4013997718458
387,-40.457547876199634
388,-100.49047248968027
389,-41.028021480606085
390,-166.29164329543636
391,-44.44801269744815
392,-117.01103041607145
393,-96.83301525812291
394,-75.84273965100603
395,-42.894363235163965
396,-149.34460260581085
397,-24.57057037815038
398,-92.82403192162815
399,-92.9916070940402
400,-74.09992942173139
401,-19.617407893075153
402,-26.18811297437523
403,-130.83959775625556
404,-90.42172838070825
405,-19.328781691563933
406,-22.279735500596928
407,-65.22401596002396
408,-49.789109871596516
409,-134.70465511698814
410,-79.78111214908083
411,-47.87987111535328
412,-54.256567781458216
413,-55.606433133441655
414,-21.800023109249494
415,-8.300494711464225
416,-22.901368734054586
417,-28.725717248394815
418,-10.818071809887172
419,-53.627596549101696
420,-59.60866111726948
421,-45.78754288209015
422,-10.649413797857562
423,106.1068654575
424,-177.7816979948678
425,-62.67272690147804
426,-64.68398252357804
427,-95.12771797739705
428,-123.31313085198877
429,-42.25073909731465
430,4.882434026352357
431,-15.37110831570007
432,-114.7882644763339
433,91.80226680231033
434,-28.188408888236864
435,130.04302355306865
436,-81.70821999193168
437,-42.28197252055442
438,-232.79967280134588
439,-34.480027048118984
440,-66.79830974471741
441,109.54130106047549
442,-40.73443547241443
443,-57.855636881677256
444,-7.27536468826959
445,-314.7752421032412
446,-62.27269531233365
447,-56.62822588034966
448,4.015545431930249
449,-92.18021988850458
450,-11.614926444891992
451,51.93456713420208
452,-41.20521363853902
453,-53.08223515597457
454,-33.437286388114785
455,-106.7780700583505
456,59.764540285266065
457,-194.35897399536162
458,-48.84834717282723
459,-26.817042310380387
460,-33.43226728133297
461,-176.31529991968304
462,-52.08988519267543
463,-79.0949341739509
464,-24.342190009378555
465,-25.240432471937822
466,48.911610636976484
467,-39.34641236685465
468,-0.299370797024622
469,-40.594561019417995
470,-12.298873710321232
471,-148.48921266521614
472,128.3887696631435
473,-43.60969603186244
474,29.57087600911214
475,-54.93852910744093
476,-29.226927400248485
477,-35.453047692139805
478,98.98014262341769
479,-21.66613766865656
480,-55.720833390319015
481,-50.08854149063288
482,79.29261160971267
483,-71.78045300827847
484,-32.328337690984725
485,-33.03636262204792
486,-220.74440574518513
487,-59.59802015183731
488,-34.943490266163394
489,-58.060043004245415
490,142.87751447658454
491,-52.75935356218894
492,-90.9786468430462
493,6.337527558781005
494,-60.201500975426725
495,-60.36704681194904
496,113.93330188461218
497,-87.85964009950112
498,-109.25953280347575
499,-64.88081707615149
500,112.57171858029001
501,-17.46807646876327
502,-38.29945399966792
503,144.83609068429524
504,-17.188726024616713
505,-28.570585903352836
506,111.17796676995081
507,60.57008185008731
508,-16.196244377717747
509,-182.1199875682989
510,-35.43053924357257
511,-64.90915680211211
512,-54.299526694409764
513,-24.701529506679677
514,-147.4209276572075
515,-125.99178743760213
516,-44.696938194855335
517,89.80918038508912
518,-6.5055616356511665
519,3.075523054756772
520,-42.286788194760305
521,-57.85033381050416
522,-32.098731177624714
523,-92.31537929421907
524,144.76668924172756
525,-77.05578197227752
526,-18.496644679060097
527,-76.84642638088093
528,-13.560749823263095
529,-45.58203637771507
530,128.23293821286273
531,-80.1730815092839
532,-24.111031771148745
533,-42.20930780113363
534,-59.117659532087075
535,-49.99986028308243
536,-50.77657290720454
537,-21.408146812382185
538,-15.278154797874535
539,-36.76712932375439
540,-105.69997924906409
541,-58.610460589072154
542,-65.44589299579997
543,-17.604570757532258
544,-28.934942930747653
545,-65.58771385021217
546,1.4583658965444073
547,6.450179237301256
548,-92.79467234780827
549,116.19092597381241
550,-37.08882876432645
551,-20.42290560661222
552,-67.013459604279
553,-63.70191176010096
554,-23.658154422143056
555,-72.24357914906605
556,-87.98322560183959
557,-65.69561725292691
558,-16.73390562844081
559,-0.9957909363455997
560,131.7703151044708
561,-96.00332583841328
562,-2.5631178368368666
563,-56.1930987043429
564,-36.03584574857557
565,-13.106804856378758
566,-258.1601141631519
567,141.1091005846063
568,4.969141417384222
569,-290.0107269603533
570,-41.833347310976166
571,-51.9118021711943
572,-27.197738111544595
573,-102.51772673512363
574,94.63578704096493
575,164.90242732323466
576,89.14169453862253
577,126.05855973528796
578,-41.02533579321933
579,-69.90030545192494
580,-33.362353940694135
581,73.68127805914018
582,-34.99920700876298
583,-86.0600636381412
584,-70.3063483026317
585,-20.54706952181985
586,-29.84142224917872
587,-28.06917212768778
588,59.83697370898475
589,127.14077096335431
590,-14.649418790854156
591,-72.20764669731567
592,-94.02011346537829
593,-29.00953447797258
594,-75.40331044201392
595,-76.14526702552645
596,80.25432356424261
597,-69.23750299461793
598,-35.86439068511119
599,113.93579420137966
600,-192.43978121141606
601,-29.386992035057034
602,-66.9378382787662
603,-244.76653485408983
604,-81.16446801880895
605,-46.64943283976545
606,-38.4939421566052
607,-94.71044311977738
608,-43.71725020119611
609,-20.686643806266616
610,-66.67785798650567
611,-46.65820819918939
612,-32.160164873093294
613,-52.41170616336646
614,-26.399317632136047
615,-25.368255886768367
616,-85.09321059675878
617,-31.16416585611286
618,200.07165871407835
619,-48.508659992128386
620,-44.1093355098502
621,-52.714936693220224
622,124.28257303334954
623,11.92636643739803
624,-87.8657446632835
625,37.986952241560225
626,-96.70279813050385
627,-93.92206617291218
628,-23.456477722909725
629,1.357861678140523
630,-68.79521774006872
631,-93.09948207275542
632,130.42315756044962
633,-48.362146343548936
634,-89.39701436646104
635,-48.53840446488973
636,-42.63740354309515
637,-52.08645046681919
638,-105.39779438306071
639,31.479309163087407
640,-54.51263455885184
641,-95.57149628539582
642,-50.65032771259058
643,-37.564197828636296
644,-87.18649728824796
645,-313.59053425470336
646,26.182692374996734
647,-77.07168136033728
648,-28.772599365414834
649,-28.278965227873613
650,-12.220552712794927
651,-25.16574857563866
652,-89.82502883899912
653,-80.6831523701201
654,-62.72813875875331
655,-63.789503822895135
656,-33.016995845680356
657,-65.29494681904671
658,-45.68698713814821
659,156.60645403879266
660,-184.71173197412628
661,-62.30355169150094
662,-104.79224340178064
663,4.083840942977815
664,-57.2390551805844
665,113.05684804877662
666,-88.11151040817666
667,-57.20875847889477
668,-267.7000044267203
669,-65.549566959327
670,80.19940850315217
671,-82.43335360698448
672,-47.272349779691424
673,185.09882807329913
674,130.55049947463849
675,-65.86872923504225
676,28.513271048115655
677,-93.74085529702846
678,-67.3755502273597
679,-43.437378368359525
680,-88.34515279998598
681,-50.78193279329233
682,-75.35733477236501
683,122.90622809868496
684,-80.00462134681756
685,-93.15053039635474
686,57.01786545485437
687,-282.0569078025327
688,-36.1244968172972
689,-20.943647461013057
690,-32.53862130539848
691,118.30039094280205
692,-45.16366456516998
693,-90.47337090888855
694,-74.03128458303087
695,3.937846626959697
696,-58.28290371784368
697,-358.6738046855817
698,-90.94025609016592
699,-26.030613680937563
700,-66.22694311850177
701,-12.33389402503903
702,-5.180623000493625
703,-62.369978537454294
704,-53.352976890501736
705,119.18008277387669
706,-23.304669125416893
707,-71.08073454763411
708,-77.35536692659922
709,-63.87241197212792
710,-66.12832513310649
711,-77.30890857137834
712,-57.21238917120293
713,-210.47242378797375
714,-64.93286066213837
715,-44.62980433588871
716,-41.64311512863654
717,-36.997558822072655
718,-58.09692320226961
719,-74.3120439234728
720,-1.4796623235983333
721,108.11962311965073
722,-28.062755354714483
723,-53.07500470089512
724,23.806794718592627
725,-261.74950730658657
726,-69.5902675450298
727,-13.372004277578128
728,-127.69640096206925
729,-47.022367467017496
730,-115.45464713423718
731,-100.1857163442151
732,-54.005855860168666
733,-25.905235921398955
734,62.42894686633576
735,4.329151114319302
736,-13.810482337613337
737,-54.94444400598634
738,-69.42813971071817
739,-5.114534641381212
740,-34.53843890207972
741,-58.14874844140125
742,-2.8531373824877733
743,15.414099448587976
744,-217.8417243637245
745,2.2723315665815846
746,-81.49289372516101
747,9.780861465001621
748,-50.25785928681165
749,28.68689089760671
750,-63.200976779478104
751,-47.377537196449346
752,-18.842836139747078
753,-68.94037592934447
754,3.0798440143802424
755,-29.858604914946937
756,-55.55586896204518
757,-64.74546422478375
758,-206.7542147847759
759,-61.83972573180817
760,-31.423887271483053
761,-102.02663691141612
762,105.75717326231032
763,-105.70220470254567
764,112.61736861493122
765,-26.85539817180421
766,-58.80477908489706
767,108.39271528358309
768,-7.161751661835936
769,-120.56345166727311
770,-38.017667064787844
771,-49.10064482011927
772,11.428952323661775
773,15.70911954525043
774,-18.88308676188572
775,-53.17538265871244
776,-26.860484759498263
777,-79.19340808595237
778,97.97546365582645
779,-11.35754709275355
780,-59.54001067269602
781,-83.16545691192854
782,-87.42959163744344
783,110.5441989728105
784,-100.50425833955366
785,-61.76659052155949
786,95.62413711353311
787,-98.1861857225582
788,-126.98599218248019
789,-115.8240058326322
790,-128.12339586673346
791,6.062773884439068
792,-44.60734167760945
793,-89.54674382384187
794,-71.55241372420814
795,-68.00804041162462
796,-59.41622935585582
797,43.94151504314422
798,-103.2626299324773
799,17.51308932913973
800,7.728965594581538
801,-5.701466528600349
802,-42.355302340930976
803,-74.53775893342791
804,-122.77543298461529
805,-92.58200717656716
806,-55.934337687026414
807,-29.36029030576576
808,-4.048109631642248
809,82.6715777019829
810,-54.189212746203076
811,-44.56125723569393
812,-99.86876935241949
813,-80.51749327197784
814,-26.84394611475514
815,-33.152683717927076
816,-51.73116935299993
817,-95.98783511476991
818,123.7154976489562
819,-116.8292993942541
820,-30.37254966262728
821,-48.624443537947855
822,-53.213721721703465
823,5.845632716073723
824,-61.862382379363545
825,-50.239227304247564
826,-21.14474845842419
827,-14.173662991651852
828,-93.01305171901129
829,-98.11868833240507
830,-74.62004750574718
831,-89.65731445400922
832,-61.71098140203429
833,-80.18917439653646
834,-59.41950697558367
835,-107.95518441319398
836,-43.529466642559385
837,-68.5806171952973
838,-83.437139583947
839,-41.70212228475104
840,-26.293158529632393
841,-54.588591336889294
842,-77.05488192913604
843,140.18324691304224
844,-55.24785648907897
845,-46.337634448852725
846,-66.21746911157456
847,-65.9208053884085
848,-68.05871333806327
849,115.73763596426548
850,-10.642964585525277
851,113.65194452618887
852,-50.33419052957072
853,96.72967562661232
854,89.1866931400929
855,78.68419365155097
856,52.44990411409027
857,-18.96700690086864
858,-59.27587637474579
859,-75.05099336169148
860,-33.78239364486471
861,-102.76654159920596
862,-33.53934768570372
863,-5.376592804571175
864,-76.8763522921671
865,-10.547117822008886
866,-147.76220669003357
867,117.87686848266824
868,-72.17199348139555
869,-81.14895588561748
870,-162.21572170542228
871,-117.83798585007212
872,-26.661664670474465
873,-46.09129563552666
874,-61.68541208688656
875,-270.91941250305604
876,73.8183583137451
877,-23.6427989064523
878,-91.21152491366249
879,-94.1395746602021
880,-27.85223146833181
881,-84.55506825220272
882,-103.3132425901842
883,-49.973423059239465
884,-46.76862430948648
885,-3.7576790014871904
886,-98.15532148655146
887,-69.16909738625733
888,-58.38852927750507
889,227.84212839671005
890,-206.28495638772165
891,93.72611047003737
892,-35.24872297716031
893,137.56842012222626
894,-69.39432636898363
895,-53.96708953316045
896,-50.548928263123365
897,-59.805772655783734
898,-120.99332123161987
899,121.93659287540831
900,-35.66639495828302
901,37.685023285693845
902,-2.9191846574508133
903,-31.824953320735574
904,-320.2983172915816
905,33.96715019260549
906,-51.13691566721275
907,-60.535496984069034
908,-80.54327062072193
909,-218.64653866235363
910,-60.73810138866115
911,-57.519901536240646
912,-27.175874663814312
913,-24.99362856688549
914,110.68284300453601
915,-56.17160574753578
916,-47.33673282791383
917,-8.600002449305507
918,125.27227805356678
919,-41.76067690251082
920,-17.087973449798625
921,-39.48737962667961
922,-72.43161688936155
923,116.43505651302208
924,-34.9790162840291
925,-49.67822777349167
926,-174.81989342901704
927,-5.730911048516035
928,-218.10335631416393
929,-14.475145795886675
930,127.40295012110997
931,177.96514076260684
932,-30.940265955402793
933,-60.84067342603414
934,-1.7728068242755342
935,-77.86233676854943
936,-286.4263612447691
937,25.711910479660244
938,98.34528272574293
939,35.29601786325233
940,-164.4830205765257
941,10.105595904784778
942,-32.43319296115925
943,-29.11301530427086
944,-93.61691199438872
945,-14.002928087244555
946,-198.34919953274192
947,-12.925094091587482
948,-198.98333377983664
949,-84.57903625384057
950,61.76390737155534
951,-45.50309253636193
952,-82.66519191095091
953,125.83719439588423
954,-54.92622345342233
955,57.77133065773892
956,-39.85762567116764
957,-261.1113423545643
958,-83.74384284989476
959,-16.141855216190663
960,124.091708335117
961,-8.788639441875901
962,109.83923259790974
963,128.80191120205865
964,-82.39452536943847
965,-98.24364055270824
966,-203.792856904601
967,-77.3827803515646
968,-65.89494642443073
969,-25.3191332381339
970,-44.91549524452812
971,-15.170767058679644
972,79.55916600752971
973,17.70061052988983
974,-75.25742067065404
975,-132.78318703068467
976,-47.44977113256403
977,-4.809053185541117
978,-19.99060891369092
979,-224.4005916248446
980,78.63504253198246
981,183.61637323601317
982,-86.46210684395126
983,-89.43652752391293
984,187.1191465351967
985,-95.3597253705297
986,-26.73422123346299
987,185.16549242650322
988,-224.33434882722776
989,237.42337238361327
990,-17.484900931015275
991,-12.09351724348484
992,-45.33820901712696
993,-47.66835348757486
994,60.24991198709898
995,-168.08948428115337
996,154.2427328312641
997,-169.70702690601928
998,125.43492698766408
999,145.1569798717923
1000,4.17861638139118
1001,-76.53400007862345
1002,-65.57035927888265
1003,145.8277603370607
1004,223.6059930179473
1005,-47.53512402096855
1006,136.6957390204583
1007,-14.937525130270515
1008,109.6615501765644
1009,27.91268094818659
1010,-53.518881991444346
1011,-24.61922230373598
1012,-163.93422207367755
1013,19.80223926854474
1014,-49.56742307076587
1015,2.7697152641800074
1016,-91.65905917601364
1017,-144.08317494178993
1018,-94.39596236871004
1019,233.36598057159117
1020,-46.602310047741256
1021,107.65930283763436
1022,-31.476637626497904
1023,201.31950986893958
1024,-47.35396149378569
1025,-164.34998733598707
1026,-186.1972915138099
1027,-16.05593452874004
1028,210.06190196652102
1029,-82.11655089175812
1030,7.533989513863688
1031,-49.575277188339086
1032,123.21164937576464
1033,-4.721267550354355
1034,237.33170571932433
1035,-45.97412606016458
1036,73.53214293813656
1037,114.0345874431253
1038,-1.6531405236495829
1039,-31.50039028513126
1040,-40.20843288693996
1041,96.40868672297161
1042,248.12451821891148
1043,-2.004215833503011
1044,74.26369145043834
1045,4.299630849686125
1046,-80.42394007189631
1047,-41.50941333434665
1048,-54.58051961222728
1049,153.04512687683825
1050,121.16726228909116
1051,-68.65285792873766
1052,-17.621536016868276
1053,211.29157243154316
1054,129.39473093977634
1055,-74.12949231082035
1056,108.77827454216417
1057,-107.38436440154801
1058,11.347063569150407
1059,-5.846235176858997
1060,-74.01640338883432
1061,-92.12001147117554
1062,-29.6337847322514
1063,-167.98562921563146
1064,-140.6458824856533
1065,54.25457231083131
1066,-249.24953300134052
1067,8.836109545264407
1068,197.2063355659388
1069,127.11028598031389
1070,138.23779496334978
1071,206.09278529736156
1072,131.30291873808775
1073,73.45907491799038
1074,4.9105145514249955
1075,120.44829742486003
1076,135.5207796796257
1077,177.6317343154177
1078,158.24538592811766
1079,-19.091576038902303
1080,10.68572379850302
1081,-52.795074415941116
1082,117.0190024037991
1083,-52.37374422515132
1084,5.7792042525403815
1085,-20.27927028085513
1086,204.28492865411528
1087,146.97162563282012
1088,-51.8543957589596
1089,72.02505943639324
1090,-34.042177073063186
1091,118.24879070661422
1092,-250.3711592422343
1093,23.639912566210256
1094,2.9116663695834712
1095,117.70454611280901
1096,135.2572589040169
1097,14.488372432064764
1098,259.89490846453367
1099,-60.92155109718475
1100,-280.32099697741523
1101,-22.66266014725379
1102,-112.52823205759049
1103,6.028418413485269
1104,-40.364660317834506
1105,-18.941917969438123
1106,3.984759424915495
1107,-55.65509230421517
1108,4.455116830430981
1109,26.733430618838696
1110,41.16863684057759
1111,-232.17398443652792
1112,-53.40554037219222
1113,220.25680903771462
1114,-117.63012706104521
1115,-31.230336675683816
1116,28.872239449033433
1117,14.33028392502645
1118,-32.310111527252644
1119,-51.60827843444628
1120,33.459569858494845
1121,155.7862475819239
1122,-31.516659446101656
1123,257.63999314341424
1124,-58.663224389241094
1125,50.05616814940869
1126,-69.61097262508498
1127,202.35776033916903
1128,-46.499175384720985
1129,-46.809510842902355
1130,223.80407509160008
1131,108.7354254627571
1132,-85.64783971187622
1133,45.041352282278154
1134,14.81074632083967
1135,-70.16331684311706
1136,100.94777620616784
1137,88.83686964331481
1138,-32.46212602095025
1139,-38.463088638372255
1140,-36.75389668294278
1141,-121.48949548213842
1142,114.93784695420506
1143,186.64686210125853
1144,112.32123178370368
1145,49.70831611177961
1146,-95.45151654282648
1147,-37.12522251693565
1148,90.3136587204342
1149,-14.090898517643865
1150,131.09426931548234
1151,115.69001340448605
1152,-100.96976103311289
1153,-60.886234979630984
1154,-43.44739554203038
1155,-12.120619813898827
1156,-7.607709011255295
1157,104.78720018942367
1158,-24.5649004603803
1159,127.14546533953633
1160,-36.30278630673486
1161,-74.88771718541592
1162,117.7507305650206
1163,-66.25494532994831
1164,98.6596797173038
1165,-5.529956460608403
1166,-43.379123817165194
1167,99.52439154945652
1168,-161.296799562266
1169,109.80722514627591
1170,-21.639537830142956
1171,12.367494381686129
1172,77.80725051609457
1173,-61.274049708328334
1174,207.95381684668513
1175,-25.19683191798846
1176,31.146088517398542
1177,152.61161880073652
1178,-73.8706790007129
1179,130.17780768760457
1180,-0.6568581662965869
1181,118.75284892576745
1182,-36.5027406853814
1183,113.92526521438751
1184,8.16433500388193
1185,158.54683036644673
1186,0.7858509299661307
1187,202.45909554972536
1188,87.88515252641602
1189,120.18442375323845
1190,63.45372402640315
1191,-212.72937332668243
1192,-1.3031917470208185
1193,248.76799611911025
1194,197.6256862177206
1195,115.02055757697612
1196,240.91698157351425
1197,138.50729218399485
1198,134.54555994614026
1199,-51.304718070349494
1200,-24.418520446756204
1201,236.5796752299973
1202,104.28610482639019
1203,218.0858278943229
1204,178.0140713451759
1205,-27.505085855203788
1206,-84.9378939523775
1207,166.69877279542092
1208,198.284052719064
1209,196.20720294811986
1210,112.16206741166329
1211,-187.63622612849434
1212,111.58420170878401
1213,-36.22211775354843
1214,89.59057571873744
1215,200.03935448066696
1216,7.99247612610354
1217,127.38317110086908
1218,68.88718055954529
1219,175.6163486227763
1220,-18.83078086163316
1221,194.62052295259357
1222,124.64669445171128
1223,215.3789341589355
1224,-69.54003645563355
1225,224.0601927868833
1226,69.28818327962341
1227,13.22444463401068
1228,126.92724174083085
1229,75.67868518263512
1230,188.1658910632472
1231,-55.78245378583199
1232,-178.25553082389436
1233,-56.87869406984257
1234,194.00153878456285
1235,137.0163671975888
1236,134.97124750670008
1237,97.52140529582022
1238,165.04823510225586
1239,190.03864876349655
1240,140.200746505564
1241,179.22327586628154
1242,136.6757105798502
1243,-45.43374421032202
1244,-193.14937250318772
1245,-20.89195618829531
1246,-65.96655348296571
1247,14.059047934127847
1248,73.75241838587453
1249,66.31359719393117
1250,87.38566391151961
1251,-34.24037521503547
1252,87.97497059538485
1253,183.9338990394773
1254,-45.847996666288566
1255,-63.845170210700765
1256,-58.6184555974483
1257,209.62232485729405
1258,-7.641366168877525
1259,-84.01044111049515
1260,-25.35949108966075
1261,218.59875704721182
1262,34.04826067568936
1263,244.17330097068054
1264,156.69630297095864
1265,166.78854808703198
1266,-4.622827079695384
1267,165.63738876451916
1268,212.05138861182274
1269,-44.038253145699315
1270,103.88424854072444
1271,-30.11746572050228
1272,10.425199290197668
1273,-49.15159899556553
1274,113.01829771816648
1275,195.42109941587404
1276,80.10927569766712
1277,108.4060499015979
1278,-32.46351938663162
1279,14.632179675758465
1280,144.07500940441918
1281,197.8565012609011
1282,91.50761731183
1283,-1.7344039132939457
1284,125.68507606289425
1285,204.38286599722173
1286,15.815641282734674
1287,137.43197076086437
1288,21.601480170205356
1289,138.72060840519913
1290,-72.13637731670055
1291,246.2019695964438
1292,4.3236930443583645
1293,-191.50807068134378
1294,-84.0370947242813
1295,220.79271170080048
1296,146.58305680400807
1297,167.8287693805401
1298,242.53494924057316
1299,179.76826881107195
1300,7.831465767043397
1301,-112.52781152483709
1302,120.15024845606638
1303,0.8610732773914833
1304,127.20995090581737
1305,-117.8907512327579
1306,112.63734855095997
1307,122.68978355668891
1308,58.725777233572686
1309,122.47686256634498
1310,-74.75141175003569
1311,250.67781727125563
1312,219.16290381237513
1313,-74.98227366637414
1314,117.10775184026623
1315,200.7068616467636
1316,-64.93492824849491
1317,130.44828021556276
1318,224.66339873530063
1319,-61.52610469309637
1320,149.25404343574795
1321,17.09212449239132
1322,87.71205956812203
1323,-5.305817234722596
1324,-28.888351991667477
1325,-23.15394097079529
1326,155.50024577395249
1327,-8.298168519240434
1328,111.69650214150549
1329,-94.45204137883627
1330,33.82938872968896
1331,-9.25774560642131
1332,57.55763024234608
1333,-166.0989467466249
1334,-60.83039276467419
1335,135.67764856006642
1336,154.1948511902408
1337,-48.76078748376271
1338,120.98038322634012
1339,102.72388155566497
1340,143.86124567188168
1341,159.05449232682537
1342,-70.5949287935496
1343,207.76876367873274
1344,144.5137275341295
1345,121.64408643446939
1346,-77.60171304429403
1347,-55.68580533222212
1348,116.6659134187725
1349,119.24916761263454
1350,-27.77066858561973
1351,61.862887908289096
1352,-83.35213312611027
1353,227.89250818031022
1354,167.25749949021684
1355,32.969625315961025
1356,-86.11770979939452
1357,222.69536387076272
1358,-1.2856180114045799
1359,122.17802213692765
1360,-6.6003042913526855
1361,-42.15413871468395
1362,137.72115832702517
1363,-26.091287827629387
1364,208.15099652302723
1365,-44.491341525949224
1366,-23.895484759995014
1367,-160.69504646131435
1368,241.29133603223164
1369,191.39722997608592
1370,77.96002002694068
1371,166.7421413406813
1372,59.10570938880221
1373,137.64707058321073
1374,114.9650611609724
1375,-39.86798061656533
1376,-6.850251869952942
1377,90.37746651501544
1378,131.32242842055936
1379,161.18485887962976
1380,-69.85141147816506
1381,159.9486266765953
1382,115.93465384403287
1383,118.40781041667269
1384,97.26516207804492
1385,96.13068446780221
1386,-9.795844670611515
1387,191.93841547490996
1388,206.74911685410956
1389,52.39262727167336
1390,182.95864501180907
1391,-29.273074522221464
1392,-40.443779109928684
1393,129.9385655360456
1394,-125.95244130836788
1395,196.02250464255616
1396,-35.33960548273576
1397,19.98878634084693
1398,114.95940998825348
1399,214.80710526079508
1400,209.96337853156246
1401,134.27642999439593
1402,-77.08063012807163
1403,136.24928162270558
1404,-203.48837195980155
1405,57.581367611180696
1406,6.772624256174552
1407,104.4910642359659
1408,211.54844640678772
1409,-47.05508053252606
1410,-144.26941167322693
1411,-71.92598922860543
1412,164.39745760070662
1413,111.75513094187718
1414,106.54565784894586
1415,-23.318985479282716
1416,148.61251882172263
1417,101.35378333083608
1418,11.31993014710173
1419,249.68947073393178
1420,97.12001189856989
1421,-39.07182231902041
1422,207.2282505529426
1423,105.54712725803628
1424,173.32197389788735
1425,120.00386235236289
1426,-40.359913583661424
1427,-33.08198519874452
1428,143.21446860212095
1429,6.253053991257332
1430,-126.60536368870781
1431,-75.01979213805859
1432,253.65010051685312
1433,28.362669468843514
1434,218.4385842373893
1435,-17.87574095970419
1436,-80.20955513358699
1437,226.89566720303742
1438,191.7775974299554
1439,242.81716801163597
1440,34.757891709334075
1441,104.75377135776883
1442,-56.977777217872436
1443,176.2490309781618
1444,154.77708737398632
1445,-12.55077494480716
1446,80.81858905606207
1447,188.02012987789254
1448,94.97152047059872
1449,17.9353930932474
1450,-45.971080026924284
1451,178.74488874482722
1452,-31.006387687004917
1453,-74.58449829758712
1454,67.08923252706681
1455,32.399733904217186
1456,115.42713607640421
1457,-171.9430290159137
1458,80.58085906472343
1459,-56.32462764640252
1460,-29.581619430668525
1461,-37.903971601834755
1462,81.04916988158888
1463,185.26385411886676
1464,123.0051862882244
1465,-84.75393662245406
1466,-9.100361462362912
1467,24.831223109865633
1468,-36.47164030321811
1469,-47.451440054673284
1470,-188.17591031349207
1471,165.0527975454192
1472,1.0689136073661132
1473,17.228418848587538
1474,224.55407511338754
1475,246.81510382737332
1476,183.6580377504394
1477,109.99965614380022
1478,224.21877430572448
1479,-3.9951045501990876
1480,2.998023402947126
1481,143.6375991624666
1482,-47.168835287010225
1483,-95.0436620389286
1484,237.8750891290806
1485,94.95194800885096
1486,-32.89758370159582
1487,-0.19984804964296643
1488,108.96819307284736
1489,-28.899668318044604
1490,-96.81260405753474
1491,246.2355975259888
1492,215.57355599746126
1493,222.5613930093327
1494,145.616693704756
1495,-27.027725464597353
1496,197.2284463730773
1497,101.50246720425068
1498,111.0877489992205
1499,-107.82092002227635
1500,172.18594998496442
1501,263.159233818844
1502,138.06510545668382
1503,36.58610595385227
1504,112.69527255047227
1505,92.0703276019222
1506,43.654031859769816
1507,198.04106554178296
1508,-8.815373241268787
1509,134.42077563146975
1510,145.32655779071715
1511,-40.624182872705745
1512,-28.280191421020206
1513,-51.39613171202754
1514,241.85346246412024
1515,-34.76936545164739
1516,-22.00636317656908
1517,141.96166429622951
1518,-65.91280087773148
1519,95.68133545354772
1520,102.90369748547262
1521,-25.695214317974106
1522,-201.86046536259508
1523,-193.3488851225352
1524,160.0375057381756
1525,222.062478146329
1526,-12.51410329215652
1527,66.78894769025634
1528,227.07527714150518
1529,65.81339103858396
1530,-65.30888346072977
1531,127.81449611157619
1532,56.331472392878126
1533,-106.56995484680297
1534,1.0261618234583239
1535,78.97026176465862
1536,-195.93174525282518
1537,192.93935003283804
1538,239.82284398807866
1539,79.03957631796105
1540,200.32112889861793
1541,223.91224444209232
1542,-41.969566715720475
1543,264.3752461000215
1544,-78.82038723375422
1545,242.18106346272242
1546,206.70072452009535
1547,-85.92397726809168
1548,-37.675871194846664
1549,-39.60702720644284
1550,-93.40564317531864
1551,4.243985953118056
1552,-29.58516168548047
1553,124.24656564276935
1554,153.61243180192537
1555,116.5558419930149
1556,100.71302596662666
1557,152.7696639972285
1558,222.29128520531697
1559,116.95843576650888
1560,1.1786254045153584
1561,149.02648310745874
1562,96.03601925195134
1563,28.970292347757407
1564,-182.05808914216158
1565,-110.69131074999015
1566,230.6114585674491
1567,-65.11877171441701
1568,169.5790622899354
1569,99.67571010460333
1570,-274.2112103191562
1571,-108.91052686405884
1572,248.6609004483447
1573,100.34916365034381
1574,142.5003108013886
1575,195.81842797015688
1576,205.8146029360787
1577,85.71039450186771
1578,-6.28999933005592
1579,69.94622516448035
1580,21.301112942216307
1581,-113.23355418121574
1582,-176.2819128158639
1583,-37.73853609135274
1584,133.5118833047164
1585,-1.2081793094627784
1586,105.05550307717594
1587,157.00656592261168
1588,188.95457726882444
1589,246.8609170958681
1590,142.60094110436478
1591,-8.121294021727365
1592,-204.45232252336135
1593,134.70218017835467
1594,-59.02858947642906
1595,83.32074472540778
1596,31.585031245530274
1597,72.33225444034031
1598,189.60714451922235
1599,173.4769524149658
1600,-45.68785287414829
1601,-81.48105695226646
1602,98.77174359998557
1603,168.6218279512483
1604,179.85626986611214
1605,-9.95025022430714
1606,15.480798287694181
1607,-177.6626817308363
1608,166.22418365072207
1609,-26.04449440562425
1610,-170.33763120634245
1611,216.52899657457382
1612,160.43876283857884
1613,121.81726551565079
1614,113.86637807922921
1615,234.89953251520842
1616,134.22392340671072
1617,124.5025240031484
1618,115.80244252179729
1619,221.06335141079603
1620,128.32095874963423
1621,6.377523154152385
1622,100.56064536011874
1623,-64.17847779876838
1624,137.83162639547217
1625,157.34334337406284
1626,229.48183652370625
1627,142.37214683505945
1628,129.6321941815409
1629,60.562270800761226
1630,-213.53490343161127
1631,138.43391274554443
1632,-25.27847227640487
1633,-50.13050208110134
1634,170.72114585611968
1635,95.71029393274158
1636,-64.48252216481862
1637,135.28615358087532
1638,60.452755691543146
1639,120.59351567048444
1640,96.65430326506151
1641,115.94378446381143
1642,96.59548467220804
1643,-14.146425581227973
1644,140.23431646421284
1645,-23.463755675477785
1646,95.89054271185435
1647,-17.49114287368876
1648,-42.1391283767027
1649,181.48736645306946
1650,201.2050506708843
1651,-29.761778392087805
1652,92.18837410640302
1653,188.91310116776967
1654,103.9831758155772
1655,233.3444935690471
1656,-73.27394740987862
1657,-46.08611251675829
1658,3.652910004659404
1659,116.81055156166931
1660,-58.208259567504086
1661,105.34092428856191
1662,135.40378158372476
1663,107.70137085866878
1664,87.87623934883067
1665,-58.44433887027654
1666,5.55751989582096
1667,-57.39147074523052
1668,-99.75254025810023
1669,114.2444597541022
1670,-7.059476549660602
1671,119.00866932548804
1672,129.10438655212673
1673,-17.56699420542992
1674,88.44171772633764
1675,-197.02453972361917
1676,157.14710577595264
1677,-16.969431374128447
1678,113.13155064646872
1679,-14.267654448317401
1680,227.06847909643506
1681,199.35075682974008
1682,-42.412459128369974
1683,123.17062979371052
1684,176.22804993813241
1685,79.4646125038859
1686,146.0608645139662
1687,127.32127354430094
1688,-58.715749225889844
1689,-41.75840689256309
1690,212.5719559362807
1691,156.56706030383026
1692,227.33179875637796
1693,-20.769068370448423
1694,213.4323968169447
1695,-15.330280427871642
1696,207.9801363850038
1697,87.71696942767466
1698,240.3111541713365
1699,129.26223539764266
1700,227.24275698564736
1701,5.721320167502128
1702,-172.54454623039018
1703,-133.56433685505561
1704,-16.16062522210072
1705,2.793296666978506
1706,-65.6280281679861
1707,80.1542085583169
1708,162.50751051621614
1709,-72.35970618043919
1710,-31.99434860401098
1711,72.56897222642566
1712,-61.033814131057035
1713,-211.4107001235324
1714,147.7044887650538
1715,221.36690924655426
1716,135.12945215258534
1717,-61.98729839727976
1718,45.7465808999045
1719,9.717132064437692
1720,249.30687525329577
1721,96.7427662180043
1722,-7.41467092416147
1723,-5.503184542447173
1724,96.74387421664777
1725,148.47024794294222
1726,225.96653437000427
1727,169.66602718905392
1728,175.49849786782224
1729,107.06639502934517
1730,71.31366349921956
1731,189.42235610088434
1732,132.05495677914988
1733,5.263274191427385
1734,161.9190541936673
1735,-23.21441208955021
1736,-165.5047390482977
1737,-83.8556784594187
1738,197.38454617873913
1739,146.48349646975782
1740,244.25505342118691
1741,90.82884391300837
1742,157.25617083732018
1743,-96.16665853700798
1744,5.627000820576242
1745,97.00207169251976
1746,-17.076841323101817
1747,14.612555876088337
1748,12.262437134612583
1749,78.94369524088448
1750,204.32439773052093
1751,146.61057355304754
1752,-201.50749628595236
1753,244.6037045956608
1754,-187.23200123573332
1755,130.2955333009111
1756,154.28724068751148
1757,115.81082946223842
1758,198.292372534184
1759,111.32920922864699
1760,-25.790709985400056
1761,132.6685846576818
1762,-2.7140903341410763
1763,-200.3361677664723
1764,237.36288168162437
1765,130.89610156567517
1766,14.271831052263707
1767,130.69277879182127
1768,-31.10962287045406
1769,171.37872088706368
1770,2.4093610284136275
1771,28.232303358376925
1772,19.43642765186638
1773,98.30991679915256
1774,68.34594748786037
1775,14.442124844367896
1776,50.79074796846143
1777,179.19103338008864
1778,263.6757639149932
1779,-99.04171391613951
1780,187.82791625964103
1781,14.649772269671303
1782,44.34755947882184
1783,-20.21099639726664
1784,131.52092843580334
1785,149.95706793863735
1786,153.67014264311015
1787,21.00207475079044
1788,-66.2032526798868
1789,16.490042489061366
1790,-70.06144798806477
1791,-58.13167723025234
1792,94.19007652972655
1793,-28.66201540662469
1794,209.7061750383257
1795,-98.05560578930712
1796,162.02893336691486
1797,139.5312797072013
1798,142.6123591482456
1799,187.82085237809304
1800,-85.84105722567168
1801,137.2538855600067
1802,-172.4310956574156
1803,-30.22593256234734
1804,120.7846641969388
1805,26.423247004606147
1806,209.47444982198886
1807,176.39759945175712
1808,-359.2051669385369
1809,-58.12589974769295
1810,-43.672719820758246
1811,-31.039438531565395
1812,45.75749929065742
1813,223.2139607913165
1814,149.51845763341225
1815,-10.569987403025692
1816,65.89209260461915
1817,-72.70866043122837
1818,193.0961587616176
1819,-8.118101172196475
1820,2.7433933095164775
1821,146.0045382785214
1822,25.86565280154437
1823,-23.278440785198285
1824,12.767546411876822
1825,-13.564000566293899
1826,-62.821741533543445
1827,145.75188630258475
1828,-48.703640297342176
1829,-16.30035149698034
1830,-54.45472922288406
1831,115.24570590716229
1832,89.56404819531684
1833,198.589713795135
1834,141.46146022354947
1835,155.51490173074154
1836,-14.702320302219306
1837,134.0107637636855
1838,123.24517383560311
1839,-70.28819005421806
1840,90.82879703312858
1841,98.22803384161861
1842,-41.43931372170448
1843,-257.5876174639535
1844,61.652069453314965
1845,-54.552794854201025
1846,147.01371699068383
1847,-45.77669138462332
1848,2.3821811313707286
1849,-78.18999074225556
1850,212.09024680503597
1851,84.43544151294674
1852,72.9099950234989
1853,47.602646001183075
1854,4.625722596761165
1855,-46.64450738160561
1856,-88.7237271104902
1857,151.18968969467264
1858,-18.438725153980542
1859,112.58239692642549
1860,153.65841731097947
1861,-188.77644494434315
1862,-22.234147925611893
1863,-2.5598618796855135
1864,-7.985043364637548
1865,-55.72711908437928
1866,-121.67975053476067
1867,-96.83494203032492
1868,-32.84912715605053
1869,275.30631955844035
1870,50.13571886799275
1871,69.51275498283194
1872,-16.68293074788228
1873,-224.3923931714757
1874,144.53646183160754
1875,96.89338167285587
1876,-97.97686753577827
1877,7.462774842052369
1878,222.96881230595127
1879,242.50182279468524
1880,-45.69448935265987
1881,144.98627047840444
1882,-97.29617531499775
1883,218.94446662335918
1884,153.95072644392474
1885,144.82963253989786
1886,214.11003235831976
1887,-245.3059010345563
1888,5.8510086698744885
1889,-42.134077531199466
1890,-59.506786662187004
1891,239.051727604151
1892,171.00524639173187
1893,-136.6533142093498
1894,-0.31566016991247636
1895,-58.747455066394835
1896,17.868369635297952
1897,14.775396816049152
1898,99.9884178005769
1899,-42.45733214147293
1900,79.2639599836882
1901,-80.02665441984921
1902,-65.0035610185243
1903,200.81446530188873
1904,-7.972818057775669
1905,117.80624603566646
1906,86.08767586064144
1907,26.369132193296586
1908,-7.029116153558618
1909,100.97851874701459
1910,89.58522270762897
1911,62.382964962583614
1912,-74.96159184664381
1913,133.47627708649162
1914,-186.855095491095
1915,-57.0695394158181
1916,160.62374619469324
1917,203.12639154653388
1918,159.86718511303096
1919,-82.46305829847475
1920,261.90230736280887
1921,135.89770662283829
1922,231.72368899275037
1923,215.12559649350112
1924,225.29267424292195
1925,116.60557385718553
1926,10.814970408449142
1927,-22.787619444996437
1928,-61.097241173998384
1929,-21.337144014420815
1930,205.79190838085384
1931,-39.99516385731333
1932,215.52309344444413
1933,51.7080539215845
1934,127.17059217790316
1935,-32.37346499580646
1936,-6.224670412268608
1937,196.34089574488618
1938,-14.557519839707084
1939,163.61030997556276
1940,116.80785773199025
1941,106.65391670125722
1942,-58.62938287683926
1943,-114.32088075327597
1944,-96.76049615492227
1945,-77.02526394754216
1946,59.23225184933203
1947,203.39453494256213
1948,-93.39475714654267
1949,116.08779045360757
1950,17.144798423855093
1951,106.6180907832671
1952,77.09743157194735
1953,248.6731550461011
1954,232.15555405635342
1955,-36.168814410587856
1956,196.80408013801664
1957,122.86268567941173
1958,82.62980870477543
1959,-25.302766262614767
1960,225.5182916918596
1961,142.39534725029168
1962,125.19158944577381
1963,138.21041525913708
1964,128.56887291024657
1965,134.9548970892927
1966,203.25064407074387
1967,213.18020519236953
1968,92.88727053983203
1969,110.9774758603736
1970,-49.56672765628354
1971,-64.49831073192748
1972,-9.97929150282036
1973,-104.78279169876674
1974,-25.189165717346953
1975,16.432290821023727
1976,173.472029872081
1977,110.10929739809576
1978,-45.00772768294451
1979,-41.68585559192837
1980,88.47658111250611
1981,217.7209181245717
1982,-82.05735943957451
1983,138.32570921941263
1984,101.58782646760797
1985,89.41547116072555
1986,32.2962171268924
1987,221.1630676735153
1988,-14.845120810174123
1989,136.03728579320142
1990,-59.208622087853996
1991,-149.9918971888083
1992,118.89664262080547
1993,223.33636104908047
1994,75.79621469282378
1995,192.8096620528881
1996,-127.55273675798097
1997,168.2987632290114
1998,141.21056002227166
1999,123.8574134263744
2000,237.92762359364917
