1,-86.72283335590417
2,-160.3121485072687
3,-81.14479158567295
4,-80.72401188309146
5,-205.28237086146652
6,-142.06323206944415
7,-54.7158749423395
8,-68.06921197220376
9,-105.77143444324308
10,-173.0421812255038
11,-177.03392100773016
12,-69.36306476105025
13,-147.38585061050395
14,-145.21322924172495
15,-82.92132653310142
16,-87.4730923945137
17,-207.5850507243972
18,-84.4758078362263
19,-79.48068717860883
20,-47.43250771427225
21,-167.94577312742436
22,-36.21003125287739
23,-73.34019621549373
24,-164.52508326768537
25,-331.4946318187598
26,-127.22837298146422
27,-60.50571219735163
28,-60.75215508697463
29,-369.09515350887915
30,-38.40608338166214
31,-184.86063077628694
32,-256.5174858196674
33,-70.16984426750128
34,-63.90932710372976
35,-120.61230913999923
36,-125.32066848431883
37,-134.18761229539842
38,-80.65954497826228
39,-104.06219901687578
40,-147.5015668542069
41,-123.36541327872212
42,-94.77841535443072
43,-95.12013996728878
44,-108.2646470138151
45,-64.87007807410527
46,-127.56533347018105
47,-44.69660634656931
48,-106.09828555066092
49,-75.75691354485363
50,-27.07693654582853
51,-57.518130785873595
52,-102.23940695153344
53,-78.74280609536856
54,-122.31623684980181
55,-107.60999379841626
56,-107.09218175455878
57,-72.10674511129818
58,-87.88176461537907
59,-78.72818995940592
60,-103.57135679368709
61,-129.21596490764745
62,-71.07383615770712
63,-99.60384024981906
64,-64.70756025602759
65,-109.97369115211065
66,-75.29712404716672
67,-238.2669478610374
68,-110.23028671228857
69,-84.44506810708349
70,-46.17284308127116
71,-112.674900455292
72,-305.78711622537776
73,-50.816893756584506
74,-48.79952762960316
75,-289.032300958382
76,-45.84168655248263
77,-8.32734175774388
78,-143.98694903986853
79,-66.49531554907588
80,-14.944039632415993
81,-56.08661681091361
82,-111.73101576508179
83,-99.62326196797169
84,-73.96118971877442
85,-111.36213446398914
86,-105.77705111957229
87,-66.3714671029357
88,-97.46021170292295
89,-145.70900269536182
90,-291.50728887971275
91,-113.47830370193056
92,-135.59163164573516
93,-92.54820427608648
94,-69.3904031924593
95,-56.94102448342945
96,-208.80452435679325
97,-50.098942651675415
98,-46.254268829512206
99,-68.32793395405426
100,-118.5450539645534
101,-65.29180132399067
102,-35.85509852248332
103,-68.00707655073445
104,-18.747361731918502
105,-95.10151563604494
106,-66.69054375734557
107,-21.382785944549042
108,-232.58283360535708
109,-55.87071279375168
110,-117.25817553738278
111,-63.48928538139133
112,-52.88465059764369
113,-118.40756490338188
114,-92.71450640863424
115,-88.91864779637024
116,-81.58721997050016
117,17.561500151407586
118,-24.67697256799211
119,-66.29922970504751
120,-15.972956459804422
121,-38.4098207604779
122,-84.33691244905211
123,-79.55339276681562
124,-33.243858262322036
125,-36.28789053225718
126,-103.43855334004677
127,-45.499287243516164
128,-45.43508376570054
129,-24.83220513667645
130,-58.9774950593776
131,-59.55229725686944
132,-47.37534809418847
133,-67.67973003446335
134,-268.9763586038
135,-53.05312979145589
136,-70.88106778419547
137,-103.55515295333456
138,-74.57946184916153
139,-89.27043541839537
140,-223.85823250710257
141,-22.386864677936813
142,-124.20519534723023
143,-190.84502590757984
144,-66.56543813762742
145,-54.30207797556074
146,-58.716715136550036
147,-87.69280902270602
148,-223.9883874656837
149,-7.88332371704999
150,-86.42490727473646
151,-81.1637035897242
152,4.691625085187638
153,-55.82921366427282
154,-186.76891775143014
155,-82.93471010951222
156,-124.62424336721577
157,-110.54814499835608
158,-30.11023077743009
159,-98.9972614776483
160,-28.86405627358603
161,-57.130277552226616
162,-49.658261924231205
163,-69.5510420309739
164,-11.286854552087917
165,-24.368302147865606
166,-135.13050092462987
167,-244.67888082909806
168,-85.95027666404312
169,-91.997194699136
170,-109.08588630493398
171,-66.22760789867604
172,-79.84300276340119
173,-124.33483969622344
174,-66.90108210324229
175,-37.99743171830046
176,-92.17132962226722
177,-59.93917068784953
178,-120.1393096946801
179,-88.68246608088201
180,-96.41154335396467
181,-278.9186743923828
182,-79.24507316228154
183,-20.84214413434576
184,-130.26076943103018
185,-6.235124179924384
186,-21.872449500248933
187,-52.828216466396846
188,-121.22158304579649
189,-142.43974254639363
190,-81.13467280707013
191,-134.4588140706137
192,-242.43617732236385
193,-51.32707137153044
194,-99.1232306936799
195,-148.7902672871718
196,79.28775396313284
197,-148.24937691474207
198,-62.00119516752376
199,-74.50834725277595
200,-43.27021423049203
201,-119.50359188053613
202,-73.79175721058252
203,-68.18575407361986
204,-138.23618797842852
205,-133.24104155263905
206,2.413570138391478
207,-432.7512617817298
208,-151.8750509231387
209,-125.53485781467023
210,-208.31369669132494
211,-72.04484800220658
212,-78.37040632338338
213,-115.83530063660332
214,-52.25795142872717
215,-86.8928372753194
216,-93.25243088422263
217,-129.64877988389782
218,-44.904275906563925
219,-93.41149618071704
220,-105.56281048443918
221,-150.68151408120707
222,-102.99119486043715
223,-95.93157128346839
224,-106.63441434641851
225,-21.701811537029513
226,-46.83288416367372
227,-87.75473369660718
228,-104.48447062381956
229,-226.0555991406562
230,-40.768238475255785
231,-156.0518894352292
232,-44.80119628074397
233,-90.85570068564456
234,-92.85412923646294
235,-75.72913509530505
236,-59.88392228031644
237,-230.1957897053869
238,-50.10741081753815
239,-109.01968782827718
240,-3.2158565760996822
241,-49.32730029430286
242,-111.00803331260872
243,-117.65983032950382
244,-124.7214947801667
245,-118.64558000829429
246,-80.62545447988104
247,-31.465357895371824
248,-72.28484209907433
249,-72.29492622289726
250,-42.219653792886604
251,-30.320589380698024
252,-154.83822217448483
253,-46.77432306509219
254,-92.79624862674626
255,-133.05436629308426
256,-73.56116535493558
257,-108.68662899182844
258,10.934531845746122
259,-61.006388292871726
260,-39.59005310204719
261,-89.11434406014973
262,-44.18351681082284
263,-60.36728623983858
264,-102.66613386972593
265,-2.2774386222043717
266,-69.03761156688122
267,-97.0497904031852
268,-110.98658013160303
269,-111.21296547468896
270,-22.869483545858273
271,-84.21077381077386
272,-123.46235718160692
273,-12.831567456650319
274,-71.9293623163504
275,-71.79889579189259
276,-158.92296577836441
277,-55.68756062644266
278,-60.88761848126042
279,-111.91027806377414
280,-112.81236664130373
281,-93.9698828780382
282,-73.07739779331547
283,-48.32133212989919
284,-72.95320610995131
285,-102.53442967055847
286,-158.34604897799636
287,-61.36892671243347
288,-40.12072642823091
289,-50.93578206670399
290,-46.68729096297804
291,-131.50895795147238
292,-117.383457404997
293,-48.83285419550124
294,-50.49186591470429
295,-21.93003302224332
296,-20.668562207906135
297,-333.4915157937527
298,-72.75226114731188
299,-85.19405346583254
300,-32.04285223091074
301,-103.56178232348455
302,-65.36294409461925
303,-142.98698218969685
304,-41.06465819613213
305,-29.12664710635137
306,-20.326063636929078
307,-29.18385102114742
308,-118.78953238471247
309,-39.035781132330584
310,-42.7089086421524
311,-55.633970202997766
312,-148.57666488219195
313,-124.41571123240824
314,-114.95866909294051
315,-122.24892923019549
316,-53.68283137935782
317,-109.85191800410435
318,-69.2114752284494
319,-92.92000020808543
320,-49.59112011457299
321,-92.09690739435769
322,-58.64336445611715
323,-30.340865559759735
324,-80.91764390178203
325,-60.07423873186094
326,-20.338497378802828
327,-46.81608682765759
328,-35.64340781304709
329,-47.74673659471587
330,-60.923495695329684
331,-175.32695418007947
332,-46.89298617688132
333,-91.19422886375132
334,-44.219818095119756
335,-58.51666165694887
336,-127.1617734635183
337,-49.22552032105757
338,-30.88981108154188
339,-39.90999233994229
340,-59.73957810082319
341,-57.9341736033835
342,-19.653179004615183
343,-76.67799592171276
344,-45.16069772003069
345,-56.3273457516045
346,-67.7312553375157
347,-9.184346494284824
348,-36.46232979828875
349,-83.98726139188234
350,-34.91572253619498
351,-63.50668934877951
352,-189.62394071047305
353,-86.0624716905229
354,-67.402341408193
355,-53.11480008019828
356,-67.76769346324133
357,-111.8683451056877
358,-113.5460139446409
359,-99.95356498110014
360,-108.85754104817659
361,-77.97412463439328
362,-58.133279908722876
363,-56.04463991445999
364,-55.94797598060232
365,-86.7219576991951
366,-61.0834947933718
367,-93.99257681538545
368,-29.266261206002312
369,-55.45968900721923
370,-57.71599417203767
371,-64.8774800026103
372,-22.82294644840782
373,14.663802931646885
374,-22.929711755039534
375,-92.83405789654007
376,-64.48747871222614
377,-58.71263286949434
378,-65.20853282415928
379,-79.63539598681007
380,-64.60588379210421
381,-40.768847021081356
382,-45.486252035867956
383,-24.01105144380182
384,-331.55771981101924
385,-76.71783667990532
386,-3.309601374130665
387,-36.93253135018405
388,-78.78850625336547
389,1.9868538525686432
390,-85.68388992233382
391,-89.59605390990144
392,-64.89044810627308
393,-72.74113157585047
394,-24.244469903955846
395,-48.23564131078734
396,39.2809084514908
397,-71.58583902375423
398,-62.61622677257352
399,-34.761105139409594
400,-66.37041655777242
401,21.493196185804365
402,-19.49306396264261
403,-33.865685136117335
404,-67.49788664182249
405,-53.39074777638875
406,-49.71566899202877
407,-175.78295995659283
408,-82.56862805169148
409,-22.433813476380863
410,80.30583987616973
411,-48.93843264435862
412,-31.01909805953312
413,-108.92678296484078
414,-53.21692186403877
415,-43.23774481718232
416,-38.50867122305719
417,-46.253230817039224
418,2.163584249125165
419,-13.507712190449666
420,-83.27593916978182
421,-146.6866063244264
422,-81.61977998442129
423,-74.11289651073025
424,29.46908488806818
425,-34.45541846415264
426,-3.6398152127195402
427,-68.55643797665698
428,26.732488740094038
429,-57.417440554429234
430,-17.10858611616007
431,-77.69741123598892
432,-84.6056173656008
433,-34.62629164006451
434,-5.524904749407739
435,-88.838871843013
436,-73.94341260089462
437,-126.96191576294802
438,-53.74732048769362
439,-84.96025918874173
440,-17.436394367609736
441,-125.5331287160761
442,-67.76026406130669
443,-25.972530394532185
444,-48.11557203076707
445,-60.81477703055841
446,-54.94270576776427
447,-90.10731832658482
448,-22.20462986041028
449,-58.74406925826739
450,-24.033493115305873
451,-59.80717082947938
452,-47.93153357659209
453,-52.23180435577295
454,-79.93350219248705
455,-75.89460436762647
456,-122.26981647155856
457,-51.57614089982816
458,-160.95975866985424
459,-261.96503912827666
460,-44.270464115736615
461,-47.88981019551611
462,-24.744259514128373
463,26.616373424076812
464,-51.879690623200226
465,-190.33541228466004
466,-53.37557827267657
467,-110.79470455864228
468,-277.71355942743367
469,-46.64519263407715
470,-10.330094633740643
471,-70.26612530402997
472,-34.12900830204252
473,-29.81798073362252
474,-31.583425004514694
475,-93.98741494552758
476,-25.36812509488776
477,-106.16386849130518
478,-82.69333359273043
479,-90.38181146955858
480,-76.11229241569767
481,-270.00010692822553
482,-59.975353172150434
483,105.23664936891221
484,-72.39375171468672
485,-10.24971908616169
486,-74.8528856665097
487,-21.86286628681097
488,-34.943020720835975
489,-24.819002114435634
490,-5.181382766449573
491,-19.282461806290996
492,-84.26254160896504
493,-83.52185731094978
494,-3.0040760104947566
495,-26.980955155477744
496,-38.15176981440702
497,-48.58208939621589
498,-146.18779382017487
499,-46.361329965414654
500,66.91585673928988
501,-112.6171354219698
502,-33.337887896311514
503,-80.37996863295392
504,-17.686976328620347
505,-44.08008271852715
506,-79.99957987067492
507,-59.394560394880955
508,-55.5255839343705
509,-98.1406590354845
510,-26.977037823089717
511,-106.79662589398463
512,-33.696551319934784
513,-15.6853013920244
514,-43.40772034679324
515,-44.77108558956691
516,-120.88717016445615
517,-18.43127437364845
518,-82.30532646404993
519,-19.65034185989562
520,-121.99861391429344
521,-158.61097464518446
522,-30.464582714726276
523,-168.83492469921458
524,-73.50296141845426
525,-61.41346831500965
526,-17.566907658983624
527,-15.80029608556056
528,-40.59272189226664
529,-50.42578500890457
530,12.410391881079269
531,-47.39286475119488
532,-125.6435551826255
533,-6.348351563845981
534,-81.23057565887144
535,-38.28175749262253
536,-114.33952823372962
537,-7.971111494062882
538,-64.9725266225455
539,-56.24864395224226
540,-70.96840011523796
541,-154.4001526303255
542,-62.79214559432338
543,-12.518178835994803
544,-15.805687642278741
545,-22.46090769017499
546,-30.020501454439213
547,-29.235644203661295
548,-77.7466321950479
549,-34.82461711968986
550,-158.07525670043043
551,72.74070580885153
552,-32.31527657999425
553,-52.56373185555262
554,-26.476248115428447
555,66.44229904046927
556,-28.3710567236908
557,-80.9421874890449
558,-97.26542303130172
559,101.56985813298009
560,-67.05938641581352
561,-82.53805380713666
562,-17.251956489134358
563,-81.99693837437343
564,-56.58222450222764
565,-1.1669751212487682
566,-57.72843610893757
567,-36.029488413544854
568,9.361675165440744
569,-8.018530889539946
570,2.247739698661647
571,-98.50591764809609
572,-89.2546644039197
573,-53.511618828244714
574,10.109681032684733
575,-30.28957073738033
576,-161.0373645804012
577,-95.47266521711705
578,-40.86078089652938
579,-17.581178243482498
580,-146.68499913246313
581,-145.32785279593435
582,-27.54091640726304
583,-272.39047823712656
584,-5.59832652353731
585,-22.629073729227727
586,-47.4327410964824
587,-75.40066437806283
588,-41.46860908152401
589,-87.98812315567012
590,-164.47426268000845
591,-65.0612333079748
592,-25.950884820512925
593,-33.00698454382582
594,-8.83178002401209
595,-84.05129737558742
596,-27.969476401435628
597,-27.447540293051617
598,-22.52810406814234
599,30.561390730649805
600,-46.707709594780454
601,-102.2479243303573
602,-45.199686730565645
603,-29.228059202736887
604,-36.73014379798306
605,-261.83061495678464
606,-37.73929529877661
607,-63.6470694872663
608,-23.452173808585215
609,-53.09945609727484
610,30.524110892190095
611,-17.89853351076684
612,105.23316054308344
613,21.4157280780164
614,4.798084797678328
615,-19.222913748649518
616,0.8780086918007868
617,-50.957386093859284
618,37.34177922149365
619,-20.383752910981983
620,-27.271844958533862
621,-44.9803392329898
622,-241.46487535360643
623,9.451228077196845
624,-31.817080197254455
625,-28.13546892782682
626,-14.182646682355823
627,6.257917424638052
628,-18.27195473749407
629,69.77764610085536
630,32.17698685235817
631,-30.67487581838502
632,-27.15753694167155
633,-34.34764328138502
634,-54.54376373310585
635,89.48702640152302
636,-36.77200762860194
637,95.06934865900396
638,-6.632250994567258
639,-18.692279135571653
640,-68.62392400566428
641,-90.39473156847126
642,-212.16177516496623
643,-29.766376608205093
644,-37.17893518418535
645,1.3928638545321377
646,-80.9747201685184
647,-90.17533783636138
648,-7.594183110901213
649,3.461824132116419
650,58.569555397965516
651,-24.962309516783137
652,-257.44784192055863
653,-14.879302909177994
654,43.86096665769762
655,19.527548473255607
656,-42.586813173083655
657,-68.56747970484807
658,-38.06115466073226
659,-6.33600884988509
660,-15.306207242238926
661,-38.47526577797521
662,-38.426833839023985
663,120.46257952170662
664,-241.8853802867855
665,-33.705485440085866
666,-20.930705712746445
667,-45.14276351507549
668,-0.37745230744970115
669,-35.78968192465676
670,-16.82037775002543
671,-45.10268365917226
672,-14.090464202656435
673,-116.06083454736061
674,-24.19662038988089
675,6.351913154982967
676,-198.63485646410268
677,1.5624274660782618
678,-16.686164193461664
679,-0.6479459632124502
680,-6.615293211384284
681,-18.217125801094866
682,3.3741308905942304
683,93.7560498814311
684,-42.972554057425924
685,-36.190616409099995
686,-49.80881345363568
687,-16.200779646948277
688,-38.94570832105039
689,114.68686797841609
690,17.55871663048302
691,-72.64586898329333
692,17.174317011851997
693,-6.843837257569547
694,0.25696529231788645
695,-49.3477548220604
696,-34.02605645844541
697,-46.61290961121176
698,-258.6709105872414
699,-17.883242786083855
700,-17.945581705100068
701,-81.04670210495033
702,-61.10622845359085
703,-32.41178777940429
704,77.29602952753761
705,112.07843817229207
706,127.90583125385575
707,11.538795145571015
708,-8.834264089215935
709,-29.31455452854094
710,-85.13405680697302
711,-10.469307475800733
712,137.4098542343221
713,95.01440162859204
714,-68.73807430235814
715,23.77186346483589
716,-49.51634161162936
717,-59.055725422830946
718,-49.51462222395554
719,-33.26777466394921
720,106.14988244563823
721,-8.903085046371146
722,-57.50032306591572
723,33.05464409204754
724,-5.720552191042387
725,59.72148377393383
726,-0.8324190828203228
727,-73.62360904345879
728,78.33734542897238
729,10.925043853176959
730,-42.720378962715145
731,0.08032071411248864
732,-35.61483575244458
733,-31.716029433555562
734,-35.78599767615199
735,-93.81982344422003
736,23.282664137164502
737,20.267921549406793
738,-32.6933170865622
739,-37.674624644920655
740,-2.756665431561018
741,-61.34361746618882
742,-37.37298714333138
743,-228.6042877551231
744,-21.447856774937435
745,-33.21692687216063
746,15.774307251943483
747,-11.955703961500575
748,-223.13300183206695
749,-1.0381916462781504
750,116.26497061365765
751,-21.294434164720798
752,-67.15102051368021
753,121.52793786118406
754,131.81883789782952
755,-33.11286326005062
756,-71.63243354587141
757,118.88040907327235
758,-82.62140461560645
759,-75.66679027652322
760,-9.023743417482734
761,-38.338449687407916
762,17.689965969067828
763,-45.759494673287605
764,-49.04465227260606
765,64.03290759827001
766,-16.31654712481405
767,45.460644262972004
768,-51.898487886390356
769,-250.50519211587547
770,-85.52533996151696
771,-36.00305957139922
772,-56.78262431277609
773,-47.71287872852476
774,-0.4827317622477807
775,-32.30175254001831
776,-29.046546270222677
777,117.30694248190058
778,-44.38674982969193
779,-148.52094369399595
780,-77.20989786929576
781,-15.214421494099255
782,40.603207060039985
783,25.869212078183494
784,-2.4863331376433138
785,-68.06457324534584
786,8.33662720314652
787,96.2391447760594
788,-30.711591807953226
789,-25.390105522787906
790,-33.55350869259921
791,10.541921842180002
792,21.19635998107414
793,-48.881297738790494
794,-145.9014161101076
795,15.715711319113765
796,-74.12631493680198
797,7.510089493818612
798,-67.70308225901823
799,-24.366308594647194
800,51.814952610738146
801,-21.109543056531734
802,-18.39336590437192
803,-43.15286336559444
804,130.17755424583535
805,8.302998793152554
806,-46.37460897630824
807,-39.72137211459733
808,106.48663471065059
809,3.3062144678960834
810,6.763485877492954
811,-14.073852708549438
812,-30.22321427270836
813,79.35373583118799
814,-43.009078908702335
815,146.80738293821634
816,15.05334096477813
817,-0.25075406969779124
818,-37.89004864361604
819,-10.819327031182056
820,1.2444143595930797
821,13.860088710106865
822,-63.9725537199874
823,165.51782047433872
824,35.74384753956787
825,-24.344471020055906
826,-102.75989108143446
827,-21.28867476192285
828,-72.5982879423987
829,-12.235346050833144
830,-1.1104479013389295
831,130.25977687424862
832,-44.76820426062198
833,55.676924702016784
834,16.09249235460183
835,98.82133667797852
836,-93.88308502323682
837,43.95979880434493
838,1.0132624840927775
839,-32.635234819483685
840,-13.381003965869908
841,133.7880553689581
842,134.1255123316988
843,-30.920209585057833
844,-60.553383083665224
845,-15.953273559256274
846,9.265351432888139
847,-36.66754753131583
848,-6.6449849684703395
849,-181.93229370211196
850,-65.60483097163936
851,16.05352327975018
852,110.62277376641386
853,19.584952249834018
854,-30.810211897803057
855,-4.939832496658411
856,-90.21893546524035
857,-24.55651403381188
858,67.95652822631294
859,22.320421338328266
860,34.07952991639595
861,-102.16318952131954
862,-12.807183966977817
863,-26.92888387626978
864,11.306919261893341
865,-8.760223335321385
866,122.10195023195247
867,-214.10899853699487
868,5.0155506182798035
869,-25.433777345396066
870,1.809520500938845
871,-49.566665935001744
872,-68.29401309248443
873,12.364964795934341
874,-60.32167402985141
875,28.731351870764854
876,28.96687708071144
877,44.28450526136109
878,135.31373460403634
879,12.474403522209613
880,-27.332218426766985
881,-41.62030594378845
882,-14.56948768370468
883,25.283793534031304
884,-12.347818972309796
885,-22.15340828368653
886,127.98724547346558
887,19.506799238461795
888,-23.162388221277396
889,162.63509928264128
890,36.025016214165746
891,166.66195792630003
892,55.39085565612157
893,7.623954919928295
894,-68.97114124612835
895,82.02024539322062
896,-67.18460456960054
897,5.467322285932667
898,132.04060975183435
899,13.120473474952618
900,3.7567433145767097
901,132.26502723944674
902,123.77096659210778
903,125.9560263676091
904,-4.415693875801068
905,-24.70279498059695
906,-57.877440839857215
907,139.66893260559874
908,-6.100940221639462
909,-78.88619567730562
910,-48.907859944996815
911,101.6313919456264
912,-36.513461098757645
913,-82.42367263276594
914,146.01564252241133
915,11.219794328253371
916,-64.34507251394453
917,-244.74139907208968
918,-73.32485708536136
919,-56.26659543522821
920,-28.551775968742533
921,16.193188384644017
922,-43.84723562845835
923,-3.385230996389879
924,13.536630980629653
925,4.365854492055277
926,-38.04955310808187
927,25.881059479427364
928,26.824267893555685
929,-2.8664557339423595
930,-23.684017660959654
931,-8.70358886990482
932,-43.2835359906885
933,-39.950474940835974
934,8.18310876972059
935,-12.470323431502791
936,8.280779621280985
937,122.01112620407903
938,107.63861930662634
939,6.268923609083586
940,-94.60505645982269
941,-13.020997335840832
942,162.45724221112374
943,-51.74977787046966
944,46.16889408689218
945,8.933718679645693
946,-73.2793549191629
947,43.56645481569393
948,30.919557385586387
949,121.90775329694145
950,22.387046012501727
951,-24.676543193432252
952,-63.589830861450366
953,73.30975463732615
954,66.54094191683616
955,4.4606339443390794
956,-10.368360763312111
957,8.384089783470088
958,141.20200538223625
959,-19.5855914084633
960,100.7072087374163
961,-21.298356485092583
962,-31.575392316695996
963,-50.58161822052794
964,94.48614785213417
965,146.59034683000425
966,8.851689344171248
967,-56.55312520277742
968,111.65049273071521
969,7.5191780401956265
970,119.31017745272081
971,38.05744140899458
972,16.944473573946794
973,145.44469646905952
974,20.29392099009003
975,-97.56166502654554
976,106.44135483987833
977,-34.83765607133414
978,-12.571090020281773
979,58.09369827544765
980,135.57323212202508
981,-25.962446305101636
982,162.70053252590952
983,33.83809472793132
984,46.57671502159921
985,30.259742929551663
986,-186.40036922460195
987,-7.983287165141093
988,122.17026359181185
989,157.59787444692472
990,56.50861989701835
991,138.31642020676728
992,23.94902987052255
993,5.605756317100244
994,-17.771905730571945
995,21.601463883982603
996,15.440058028483563
997,-79.5412149602405
998,-25.595125047623014
999,-161.1115637320804
1000,33.21341360202322
1001,24.838700666296774
1002,143.51660806986504
1003,0.8030857800960831
1004,-4.675058813331177
1005,13.669806773888297
1006,-265.9099983064023
1007,154.46624583891327
1008,112.19288023410232
1009,12.979096488073822
1010,-77.29653419376777
1011,-14.68037286797788
1012,-45.34659275854893
1013,-49.063857297208315
1014,150.27460228394008
1015,-10.711385163139198
1016,176.56910878608014
1017,113.00402755413698
1018,34.99995186955519
1019,23.52624299831072
1020,-2.289824312909886
1021,-27.901217398145377
1022,-86.6521003584875
1023,127.86562441804377
1024,143.48869833219428
1025,19.55711252965034
1026,18.002718031112977
1027,-23.2990164392576
1028,-60.85080538583373
1029,33.45357379189804
1030,248.17641933296113
1031,-36.86128322277419
1032,260.81432762284146
1033,122.16706829800636
1034,0.3785423764153677
1035,139.2882568932177
1036,13.66000287836006
1037,22.221295411942677
1038,-18.357377202803377
1039,145.47989292245617
1040,166.47828336252977
1041,-225.27426718763326
1042,5.724203658953144
1043,-12.56426411493149
1044,65.73549899629481
1045,24.295493680840067
1046,3.4150915940179942
1047,-41.59835356101913
1048,-2.0881856200369526
1049,-215.4651413468285
1050,-88.82445195431534
1051,14.338038199460016
1052,-79.62875149871931
1053,130.78072429102582
1054,22.764592109992407
1055,72.31685601086821
1056,-23.813693949905215
1057,167.21107149728587
1058,234.93740483990348
1059,-21.172773635553114
1060,-27.14981879394918
1061,120.0463062070429
1062,171.5312853642029
1063,-70.3818973082654
1064,118.46171789471431
1065,16.466700856660964
1066,-9.851135629026686
1067,35.98756189796288
1068,40.31978822553299
1069,146.1645342132495
1070,29.080840308981152
1071,-3.7541210209335816
1072,119.38336805394168
1073,-4.198755803589293
1074,42.82929307508786
1075,-43.670714569669656
1076,-54.46709696649539
1077,112.10364448244971
1078,118.45257597972648
1079,-16.351236994525166
1080,-68.16292211351214
1081,-44.95563424396161
1082,-16.44323483047515
1083,-15.72792242970398
1084,-22.15196674569873
1085,-21.88386157211741
1086,5.53468625974763
1087,35.87495324263688
1088,-74.8458606431438
1089,58.412309187259524
1090,-42.51209767170765
1091,165.69247477121803
1092,161.30631029191022
1093,121.8087270405282
1094,-209.1502504535523
1095,19.674341046025546
1096,-78.59259338245643
1097,9.82881145831388
1098,144.9545589603267
1099,-36.875049822469656
1100,-66.55053007116715
1101,-2.8900469634618986
1102,-3.7851893485047583
1103,2.3851733615216517
1104,44.18827929888138
1105,-41.04362756386024
1106,64.13084308893912
1107,160.74359394699917
1108,-41.49227036841737
1109,90.5838185056775
1110,10.724172390447904
1111,-37.88888740342378
1112,-21.095435837808992
1113,-63.283873965348576
1114,190.1347943316394
1115,110.31481539039258
1116,163.41230920612782
1117,-78.52897897539866
1118,165.82980065597243
1119,141.1099300319117
1120,52.56686141740076
1121,-51.37091302489571
1122,120.36443595966755
1123,81.66514023956135
1124,140.59659724830144
1125,146.8907105870846
1126,118.06221245749114
1127,-45.24291887062752
1128,124.80084623148733
1129,50.65105988186025
1130,-38.12664051024656
1131,14.81790401598441
1132,-11.665862104368912
1133,147.76473909390913
1134,173.91992396221232
1135,10.265081712098123
1136,-62.73767835899698
1137,175.85068511604905
1138,-60.473865996156675
1139,51.1063357157811
1140,-7.030357377538877
1141,178.69446671492588
1142,134.26998754485078
1143,-45.36875357101144
1144,112.5197680734591
1145,114.02572885836612
1146,-121.67758215336339
1147,-2.0347907354695565
1148,186.36305336454052
1149,111.81956127906011
1150,138.19786511566903
1151,134.60809605372583
1152,44.95478694478837
1153,-22.377436004198216
1154,20.85656349117035
1155,108.97010095497372
1156,-142.42860604868716
1157,96.56699134426188
1158,-11.569739020288281
1159,-181.14737614159847
1160,27.552006969190025
1161,66.92261583179615
1162,53.63295161408698
1163,125.58362068540795
1164,-34.62488807824057
1165,27.675944434365007
1166,-39.22109954692789
1167,139.70387471473762
1168,105.76559489117047
1169,129.3419158194045
1170,7.757305331817463
1171,127.79515490896725
1172,41.5948533374949
1173,122.87052720538657
1174,212.90209481954287
1175,-40.29338974191187
1176,-60.956581357439035
1177,10.597130141506469
1178,113.48697148852719
1179,178.1151681317966
1180,138.41120558514098
1181,149.83937440856963
1182,0.7454449303229325
1183,-37.28163693031901
1184,102.45499944966758
1185,105.44120961626002
1186,-45.86996364168769
1187,-4.6702168084219124
1188,41.43342099510414
1189,113.77538431829659
1190,77.53483052115752
1191,-25.858558508207594
1192,36.88535914371519
1193,115.88921918056785
1194,149.09080785102918
1195,-256.2035305732725
1196,107.0659919126092
1197,-212.63680477724625
1198,200.87534180553308
1199,132.53390601017517
1200,153.97033293871317
1201,203.16985759935605
1202,-90.84931240169628
1203,-30.394035561751338
1204,-22.052223044891875
1205,87.07396586753491
1206,156.17077562268543
1207,-59.4231177995178
1208,-45.96582860783501
1209,110.72288008073312
1210,89.4578358720893
1211,181.98072166549977
1212,57.254317087119404
1213,-50.10934384105555
1214,-22.346604806692923
1215,-75.44688499553476
1216,-80.65287836602735
1217,31.35487000758303
1218,-45.90238268971615
1219,4.099054530971145
1220,106.37932205448888
1221,-53.52109855854167
1222,124.84719874195808
1223,-79.49366854731842
1224,-1.9734160112516577
1225,-50.20881187973181
1226,152.59746833565907
1227,139.9334648924997
1228,154.03831104322666
1229,160.04558486229527
1230,157.05840372997204
1231,84.44427670591618
1232,167.00123598490558
1233,164.45898817690056
1234,41.419786891747464
1235,149.11403925748
1236,32.5892907345397
1237,-0.7799189029551314
1238,95.86620177233846
1239,-87.38108326701253
1240,191.54236676864042
1241,132.9475379158037
1242,52.82479000726792
1243,125.42000554283722
1244,118.85773628011106
1245,142.48345123728706
1246,134.67492984307438
1247,277.143779643258
1248,135.44731279466498
1249,-126.99953173772104
1250,103.03919138971975
1251,12.747963791250427
1252,59.47214163752683
1253,172.5345720365305
1254,148.71191631746825
1255,161.97740426548125
1256,183.13448923108024
1257,142.72141448172866
1258,165.69941713325156
1259,122.44056511199561
1260,129.4616494446556
1261,110.73118166764293
1262,170.38713265729484
1263,15.52534778324106
1264,2.9183603974015
1265,155.53085964362384
1266,138.54312060669722
1267,92.43160654522157
1268,152.27118337556172
1269,-60.34277423003462
1270,136.1769316633623
1271,-45.9020375376397
1272,160.32331959674755
1273,132.41888790603875
1274,-127.68127769063236
1275,100.47035818259643
1276,-27.229721638776837
1277,161.18902820117364
1278,-145.40318378121515
1279,-39.90019151865692
1280,20.876521490882425
1281,-202.30564526670457
1282,157.0213100647847
1283,134.85147987380606
1284,119.03388665770625
1285,145.648614655715
1286,-115.07026047084052
1287,-29.36505041677411
1288,176.7786722798777
1289,151.7326631102036
1290,157.22428379987613
1291,-32.32277712033064
1292,141.85772105180274
1293,-186.2008323295583
1294,-28.369670447185612
1295,10.970320565020131
1296,-25.14903348468181
1297,139.98435503976384
1298,152.6845359855253
1299,185.6404463555984
1300,24.23229282342568
1301,203.38049057684444
1302,-81.83302067617129
1303,-7.162875579968272
1304,137.08143190672195
1305,173.76511793552518
1306,-29.640743992463086
1307,122.68425093089346
1308,-21.538265332919863
1309,18.575681273926563
1310,99.09461302969287
1311,138.14885712116262
1312,109.60367608242942
1313,120.73655786422043
1314,-194.3123510965355
1315,84.7081277068326
1316,145.82338565061386
1317,126.38771940014209
1318,153.70533192163353
1319,14.046863912301191
1320,170.96694538491624
1321,112.492492271123
1322,278.76912320974424
1323,100.34879880361612
1324,141.82768213703292
1325,144.5074967477934
1326,-53.254809995159704
1327,108.52695486465478
1328,-65.45026144541018
1329,-26.799970753221544
1330,-52.02507227118526
1331,132.2057500247345
1332,158.98749586997653
1333,105.84405427394307
1334,103.67773727336866
1335,99.16673155522199
1336,-80.52288937489207
1337,137.57510168624214
1338,98.18649326233037
1339,138.34238129666488
1340,40.120371690482784
1341,123.93676568647444
1342,127.90681121437709
1343,141.59150038807482
1344,-38.970456311125474
1345,-17.9587984677362
1346,-73.38348123189326
1347,155.8719041225266
1348,166.21438473640578
1349,149.59385597223167
1350,-63.23619497595732
1351,125.82037987922635
1352,-59.01683824816861
1353,-37.25263484559751
1354,139.11213769778834
1355,122.61033229515456
1356,144.66037146078256
1357,-16.863918995988442
1358,144.45277802126608
1359,-7.472856901821942
1360,126.7141271536897
1361,148.71219496499364
1362,145.35114579741216
1363,-59.06313063598732
1364,-29.584211382880966
1365,-55.044742609244466
1366,1.625423852422486
1367,157.51581293224484
1368,102.57763292603076
1369,159.6616713591558
1370,125.69454677274383
1371,-23.704201499844558
1372,34.083516928434506
1373,150.53165344678553
1374,67.68434323169484
1375,147.77544747263136
1376,154.01420054583033
1377,122.00526030525504
1378,152.93894431910402
1379,112.53661855947652
1380,76.2257885636488
1381,-49.34219602030127
1382,150.3228334187074
1383,17.369711131356738
1384,131.38800459086468
1385,87.82132050454774
1386,-28.310828069853557
1387,94.7721962554691
1388,159.7354411266177
1389,158.49562878795504
1390,147.2264471434408
1391,89.28383176831848
1392,180.60546598035583
1393,6.741183589595366
1394,52.36867314433536
1395,85.35011652822942
1396,-150.14183803819836
1397,-70.96232088523264
1398,-25.146877191881117
1399,30.641809663616726
1400,235.20620731681421
1401,111.80215354460435
1402,-19.742983724520286
1403,178.44956266088457
1404,9.738031452620945
1405,178.02766950948507
1406,121.6490384354499
1407,-96.37074486523247
1408,44.80743353645774
1409,132.8066594052859
1410,142.16830125311807
1411,164.2207911404229
1412,-47.601340402018266
1413,154.05147839586803
1414,29.156944481307505
1415,58.70634043933871
1416,117.48824163666742
1417,134.19075403535882
1418,96.07864246917978
1419,-21.969934294237618
1420,186.4434041460199
1421,111.27600233330193
1422,-56.62994897257038
1423,-8.558583199166335
1424,-88.67265447712703
1425,96.33326302540951
1426,82.48802490161168
1427,-27.68478303564953
1428,132.32322383000624
1429,87.95777664681158
1430,-38.48013813072158
1431,194.82482992063774
1432,15.802441262523516
1433,179.8491088547657
1434,-82.63705217823852
1435,-49.10104980133309
1436,161.40517737344797
1437,137.67370696414824
1438,120.67091964483897
1439,97.77991153120541
1440,-13.083525323432028
1441,-171.54520348250935
1442,121.40239720043097
1443,-151.36121787322548
1444,138.3374485013831
1445,135.15379312610298
1446,-55.837542892278314
1447,-38.807410533688625
1448,-48.014888912071214
1449,167.53216260481747
1450,-15.243569371344364
1451,131.49684669762433
1452,155.76783535025223
1453,145.21103089608644
1454,156.78294256690594
1455,-38.11754821376434
1456,-46.13189409875766
1457,219.65863100678337
1458,96.76060950588602
1459,145.33783137982292
1460,75.45569072455866
1461,3.4587019283859064
1462,4.885291295886006
1463,80.18411482437828
1464,-20.70238107958454
1465,2.6280915232870683
1466,154.03214357823686
1467,144.5292812735323
1468,132.3199119689087
1469,-63.97377191407348
1470,15.727346704624466
1471,139.57638262954313
1472,142.51815137106308
1473,166.5140337008416
1474,6.7846403225171485
1475,-10.676846816132539
1476,122.92268119049905
1477,138.81921775701016
1478,44.39417457882261
1479,-51.63668651871693
1480,152.26213418818725
1481,80.42228030124365
1482,-194.56382115552418
1483,-42.403848286084354
1484,11.416442488924943
1485,101.849996300367
1486,143.85019056812035
1487,2.942169928719296
1488,129.45159629162634
1489,159.52589306454024
1490,164.0264209637877
1491,-253.19020570562196
1492,247.1725794389905
1493,124.80205756571337
1494,267.4804933772639
1495,94.43035784040578
1496,118.92369717998075
1497,179.1684518160989
1498,-140.30089929207261
1499,153.531757715276
1500,76.666343337628
1501,116.53182995728518
1502,156.50209407024983
1503,156.80362033679526
1504,87.72525475492255
1505,-11.701864191466044
1506,-38.0225871238176
1507,185.63569456680747
1508,92.34993063464476
1509,-239.9649751980074
1510,202.57328022925668
1511,105.68642936216085
1512,9.803099134592872
1513,133.8299415048284
1514,125.22430347062969
1515,11.938621791461955
1516,-60.50628675127996
1517,100.90646913468116
1518,107.66422684379843
1519,-62.26938067210598
1520,110.76448585488004
1521,172.78292258456577
1522,178.36190132210487
1523,99.24288780050391
1524,185.58867479713874
1525,147.52775511822568
1526,113.6428434451706
1527,161.3342012317151
1528,163.84432195563215
1529,132.23364205542728
1530,-24.85911879585194
1531,-222.91107121641994
1532,-71.59463449686682
1533,158.78618032690983
1534,147.3542498582549
1535,252.58911450207572
1536,-41.569914618540324
1537,47.248610226904106
1538,159.6043348851735
1539,87.77321650241517
1540,133.74601069857493
1541,151.83027525956396
1542,156.8002060201698
1543,152.67409222731226
1544,27.425373595640323
1545,188.75424760848264
1546,86.14146785965353
1547,122.53285579162237
1548,23.4738090658881
1549,162.85372953532394
1550,-70.02494333609404
1551,-25.90975620879935
1552,19.85303454973719
1553,183.18598001346467
1554,159.63716737510512
1555,167.26849216628744
1556,102.74121261465397
1557,193.79826503469315
1558,36.315586208689496
1559,-48.785788389378496
1560,223.50335935220636
1561,-30.908529517493704
1562,239.68117047791415
1563,111.83686790498066
1564,181.03276439685033
1565,45.500990633442626
1566,225.13216668508184
1567,-45.43109210496702
1568,283.8980258232616
1569,36.93469581160855
1570,54.159541216014816
1571,32.471243867292685
1572,85.60358976426595
1573,21.71598079622227
1574,289.73864750804916
1575,264.0271547249936
1576,45.8535915678703
1577,-6.400293694179084
1578,271.8686311949207
1579,62.49140651348236
1580,153.31086610231847
1581,261.0622239499828
1582,123.81424729789187
1583,19.57831660337048
1584,255.2108848865887
1585,273.2246625731457
1586,-17.435286994923942
1587,-202.91210458441014
1588,-92.70629702434518
1589,120.79287456421638
1590,43.40736829567106
1591,77.52691505735923
1592,145.4683293122434
1593,-33.58617391330141
1594,12.550336434354847
1595,8.582996436847921
1596,114.26487766840899
1597,89.8723010605749
1598,120.76403095533917
1599,264.9906744152899
1600,232.12841430019597
1601,147.30277980366714
1602,164.37387391214756
1603,280.156960867193
1604,249.21783133549022
1605,-55.228834553175005
1606,30.47037742376125
1607,169.70952331858945
1608,75.29847842688372
1609,-43.10862609486733
1610,68.60705305561964
1611,-139.42745874164916
1612,152.23601315401177
1613,41.49914900084765
1614,128.53449998053634
1615,278.90509578513377
1616,240.55998735284624
1617,125.97613883181701
1618,248.3304544624641
1619,56.43390475811312
1620,121.33491061320655
1621,130.15146452293178
1622,-33.68409930078711
1623,112.95357646175901
1624,238.48846726117478
1625,16.153108732518362
1626,143.97093934287986
1627,273.922079009924
1628,250.29210065464432
1629,264.46253191602545
1630,46.916083078064815
1631,46.59284139541043
1632,3.587520114502425
1633,-34.43061569507401
1634,245.85965157917795
1635,258.08771550744837
1636,284.74534927082755
1637,253.2307435467486
1638,52.68023613909667
1639,152.71203877445254
1640,88.31498405160636
1641,26.04474823238334
1642,270.47421106047875
1643,68.15693056281216
1644,266.36945156876675
1645,155.65492620092087
1646,161.17650720138204
1647,267.5775818148893
1648,220.737602261939
1649,258.9573392192051
1650,117.72630730180822
1651,200.40611191097054
1652,37.55314597370193
1653,12.295069598908327
1654,217.18118022263297
1655,49.00131269027486
1656,21.841981936481773
1657,208.73610506007083
1658,237.50765968079307
1659,-44.920526932937335
1660,286.16972080970856
1661,-26.55974395533039
1662,86.25874738765751
1663,-18.10071490621077
1664,148.20412057611395
1665,-66.24964751162085
1666,131.96077496619822
1667,0.9978515781929786
1668,262.2133696450311
1669,-36.49148104727317
1670,289.895372309238
1671,26.940423072354065
1672,57.17911802393902
1673,246.88857232357694
1674,284.9086114610489
1675,125.2920773388332
1676,216.01467932572598
1677,157.35870949792394
1678,84.82595788254515
1679,233.19845686878074
1680,162.30615513040277
1681,-7.575289621533955
1682,-26.494799987947815
1683,137.69791539705506
1684,275.97081188685706
1685,165.55124706722316
1686,-28.106941808279203
1687,141.79803859041053
1688,52.30789486809493
1689,269.0823558746665
1690,-29.31217077745943
1691,-8.377122987773447
1692,255.60039772258477
1693,82.74102321719012
1694,197.04248970486213
1695,165.46170631317764
1696,-109.9705435957831
1697,119.46526070413232
1698,74.13700663299949
1699,131.96380477054328
1700,182.35861768938977
1701,271.3917455178053
1702,106.36183053029245
1703,280.18705480200805
1704,24.34176090818769
1705,6.333757843172961
1706,5.238871506698388
1707,54.97553883809374
1708,244.93295648316393
1709,102.83693964488849
1710,275.01394049956644
1711,266.64728492475285
1712,215.24306522824526
1713,178.72901445186073
1714,72.64275597826929
1715,249.16343651006804
1716,278.7023931687409
1717,-1.9718113798340795
1718,159.24938865962363
1719,-29.708265104723452
1720,4.215949550313482
1721,13.962360384800178
1722,244.86656668728742
1723,156.75799213688367
1724,249.04051642574066
1725,250.85357779141978
1726,162.9094062247631
1727,75.41510312400004
1728,-39.38948622822264
1729,251.78443891451687
1730,-31.102172346517136
1731,46.67854515614749
1732,270.799859778097
1733,-63.70895556993294
1734,-21.749641153098906
1735,-100.37241648260341
1736,241.79280600765034
1737,76.47181901279589
1738,-6.667092243935883
1739,176.59764343316346
1740,278.56255287130716
1741,84.70013796121579
1742,22.234606019063833
1743,274.5125151632858
1744,-50.84249883191592
1745,-13.000465693319384
1746,294.128750490499
1747,-42.888295229223814
1748,147.84151852593197
1749,124.44614880157543
1750,241.79347473190685
1751,60.54698944438988
1752,-11.452155368980684
1753,114.76069345825168
1754,-66.38188641147035
1755,243.3265718419086
1756,-15.264158262301294
1757,270.8852111295211
1758,36.206829108952604
1759,266.1907625941253
1760,133.6881209105151
1761,-15.4164429998321
1762,172.50031776810448
1763,277.9023031844444
1764,265.15597175319584
1765,150.1383734282468
1766,-38.18154853370395
1767,-19.121763658543642
1768,-50.412640578165835
1769,114.51672219337024
1770,-46.95679552240261
1771,52.6401293897581
1772,82.30500228828751
1773,283.19809578737505
1774,140.30577432968508
1775,-39.14303248021665
1776,153.19727758424796
1777,272.37414366530885
1778,254.28105047168864
1779,47.855210446482175
1780,-215.1618219176886
1781,130.386144592754
1782,285.76934604665655
1783,229.8205356005555
1784,214.87314475785536
1785,252.8623674946445
1786,14.442100320346924
1787,-26.160193765844014
1788,205.23745319963075
1789,292.86075273748327
1790,49.64324713330299
1791,-47.46315418608745
1792,136.3519090820956
1793,263.28040262238574
1794,102.58845952631981
1795,147.17248084196822
1796,221.31092255448937
1797,-29.515797240006222
1798,49.70296620780175
1799,243.59766005626958
1800,98.79440125022873
1801,76.62322129775796
1802,-113.45770118660212
1803,15.046821069654328
1804,-36.45963278041049
1805,248.9167340846391
1806,160.73003815554344
1807,-30.997429773212886
1808,219.35103078260838
1809,280.545491201522
1810,-71.60715615014473
1811,23.02229037408746
1812,-41.200309441518016
1813,-79.44359157067043
1814,88.5492789086883
1815,251.41336500439988
1816,147.33402837542855
1817,42.180834206722835
1818,42.91496169777656
1819,131.25663182124643
1820,247.27451785939212
1821,-63.16791540093885
1822,98.3537635966264
1823,230.49730473672423
1824,257.99088928127924
1825,249.4903579417203
1826,27.580348962043395
1827,145.95228225762963
1828,226.8095178606688
1829,-14.226653585537136
1830,22.38003680292688
1831,290.54219778185615
1832,-61.49880411820484
1833,135.19104631090687
1834,258.5674601487156
1835,174.54538365785297
1836,150.76421742088465
1837,-36.69025640202895
1838,285.0431106969609
1839,168.68512912210116
1840,271.3695856507612
1841,139.75469620645077
1842,-80.86778387706305
1843,159.47700074006627
1844,175.21845696183482
1845,38.618246275814414
1846,-41.93981265418145
1847,160.37439541788564
1848,48.883571736173664
1849,-48.078109983509826
1850,69.80796814893714
1851,116.10604084525063
1852,108.6417138754502
1853,234.61948383700877
1854,41.904357026473775
1855,260.34776436290394
1856,252.5565257476986
1857,235.5375665604136
1858,-59.264394162902505
1859,3.3647724309631144
1860,252.17097874372558
1861,-32.77173738326937
1862,-47.30742439669591
1863,252.1521603227995
1864,44.91314266202198
1865,-207.11762327894155
1866,291.7655585118662
1867,27.03782872915488
1868,-158.13259106429982
1869,84.94901847553332
1870,-211.4283895837953
1871,229.21038588594325
1872,219.49563908725605
1873,-66.9670551096049
1874,294.0018187485667
1875,101.91197917291105
1876,99.14403576078689
1877,-24.31051764209826
1878,16.607063858043574
1879,229.85000047988598
1880,-61.391873822238765
1881,16.86651569890519
1882,-277.1883960511494
1883,15.65181508092219
1884,164.17030549333072
1885,157.83180645563584
1886,143.4661447535252
1887,245.98649992863804
1888,106.44337246675883
1889,257.6886966071267
1890,293.4879331529621
1891,-71.45551740973109
1892,-25.449150163581635
1893,26.252634182752246
1894,-182.3480646594524
1895,-90.88742028342384
1896,238.61247102203654
1897,157.1631503998603
1898,182.51381814087344
1899,-41.28093598156292
1900,-79.16825280763032
1901,-21.46517987279296
1902,279.10800633470706
1903,244.45512847731402
1904,240.13554694091437
1905,247.4062932952763
1906,-16.606940125241067
1907,113.33119109548102
1908,-46.62634453748866
1909,244.71882184525262
1910,278.8232033289273
1911,-10.860903495232254
1912,18.771480064096224
1913,280.175557153054
1914,-292.7330976238918
1915,257.4191872769752
1916,11.825863253648151
1917,126.63592966861086
1918,2.7404715473767993
1919,235.80711786459517
1920,252.6505398508593
1921,280.3532878852134
1922,294.3808365928095
1923,239.91293601548125
1924,155.8631873851094
1925,-53.25999562843671
1926,69.34919673523913
1927,-70.20516656877606
1928,26.074768282373412
1929,-19.218953728998855
1930,63.1413133043254
1931,-21.213962476894807
1932,-58.961498969962086
1933,-22.472036596340885
1934,278.903886967336
1935,-12.694865526662127
1936,146.03118593396943
1937,269.96085026592834
1938,123.78787469529375
1939,29.396296141041603
1940,-84.06618285276093
1941,226.6654693465268
1942,-85.87922113007747
1943,-190.2094265694563
1944,20.405410693320903
1945,-39.40445750435255
1946,247.0374135325878
1947,28.36512941596709
1948,-52.37419930296288
1949,131.71095303279827
1950,152.67535571055902
1951,-22.316994951963792
1952,-20.223362998580342
1953,237.97254166637887
1954,136.49428854726239
1955,50.56418071889095
1956,-76.83783707188559
1957,72.63017172472352
1958,-2.475489702211661
1959,146.234822621734
1960,291.69631896701264
1961,203.21598922564186
1962,-12.853933230359772
1963,286.6095353509583
1964,266.49016341172876
1965,121.9318227294602
1966,37.56308459758671
1967,125.49706902452088
1968,291.41353046837196
1969,275.1111161075661
1970,82.06974556811274
1971,162.1815977638541
1972,105.03906952380191
1973,247.57239739895314
1974,227.6356674225904
1975,152.1255794290779
1976,-31.845544032475402
1977,62.725891582581525
1978,298.61654688071314
1979,210.81436083452422
1980,237.10565561699502
1981,119.29703147651057
1982,-22.126977559909506
1983,115.7662287179224
1984,255.6504847203879
1985,277.7934957332622
1986,290.406691236606
1987,25.765114451502527
1988,17.59341029443256
1989,-31.692525651778425
1990,133.67514046401413
1991,234.4311897952897
1992,-95.88826577797049
1993,140.4362929451946
1994,277.8242576981577
1995,56.53568262120785
1996,1.3897188716832716
1997,289.69257791265784
1998,-14.123572670077664
1999,-42.00160754051908
2000,53.525794145858185
