1,-92.53113476896293
2,-271.680614520807
3,-131.44874815552225
4,-291.76303805452795
5,-92.19357387249096
6,-87.34761579396167
7,-145.12813005589493
8,-168.12382166400502
9,-277.0247166905721
10,-117.42508183171176
11,-139.3856820511309
12,-524.2066179522621
13,-61.51485106555094
14,-240.59366639410368
15,-95.79795371838001
16,-64.37441526680624
17,-79.1703176548184
18,-124.47358668034278
19,-109.60159450339987
20,-81.62485122394276
21,-319.1392636699519
22,-58.31247140309552
23,-109.94091356576824
24,-196.17609329589777
25,-84.26821351183911
26,-37.45006723472825
27,-59.40335831651128
28,-138.84680207198141
29,-141.81839926188871
30,-104.21127137163904
31,-101.47607158449745
32,-50.374651150030786
33,-101.28377379516489
34,-80.1339926854393
35,-79.73448276990366
36,-70.77647738420583
37,-132.22589557800492
38,-79.47232198219899
39,-34.81716626314001
40,-358.15994858045053
41,-111.8346104480567
42,-98.63362097387683
43,-102.15752619081438
44,-92.93737195372535
45,-289.9353957931275
46,-108.68259768045753
47,-45.151259388223295
48,-322.76391779432936
49,-11.032482130991212
50,-63.80726537529506
51,-92.33674909578497
52,-33.231665498273614
53,-198.97420473854856
54,-101.00510538292741
55,-53.81895366718399
56,-173.15746448610355
57,-51.86703736789791
58,-117.53935021156346
59,-29.774688328381515
60,30.341587404530515
61,-105.88230158323121
62,-46.93808615940799
63,-114.10187403683629
64,-80.6850878796214
65,-98.83349476066991
66,-113.06769341834038
67,-97.56098873422962
68,-74.42749372095922
69,12.947025233269983
70,-80.97273818186716
71,-70.58501781077182
72,2.679803721592407
73,-114.73506052104094
74,-41.64775723861686
75,-89.24050274913965
76,-93.95773987990034
77,-248.93149790734103
78,-151.36709960874938
79,-104.19632578054605
80,-113.54514260547323
81,-31.492280280132306
82,-92.78208786618389
83,-48.82213214680567
84,-45.44361100909714
85,-154.9566975163612
86,-115.46955550127777
87,-27.657595149718674
88,-126.59318791001576
89,-62.51188567477706
90,-86.88523597384169
91,-64.73738028499909
92,4.35357677954795
93,-12.23201949257647
94,-48.12730023329317
95,-15.906920523966704
96,-86.81444189292549
97,-53.60929749601097
98,-147.13940197021967
99,-83.70542995845152
100,-47.62237979555873
101,-87.96363124201953
102,-37.739458753025204
103,17.89772295487053
104,-77.72693649318421
105,-49.55287657424795
106,-114.99121497349161
107,-64.28814806583694
108,-4.280846612998289
109,-47.54455392565454
110,-68.6779042281787
111,-63.62761475855332
112,-62.898233832229195
113,-53.91976981595578
114,-25.99109242016408
115,-133.33767170615084
116,-80.730351220098
117,-39.99177492043263
118,-8.271921732046295
119,-39.98272738420361
120,-69.27110672472418
121,-57.17846966133757
122,-108.85319733997247
123,-60.27435729527149
124,-59.32822405341574
125,-51.56296048251536
126,-197.10672071789415
127,-124.70565607943732
128,-99.992994803468
129,-76.89894227687242
130,-92.22351294959557
131,-137.30864207080015
132,0.4450140856395848
133,-162.3058829679427
134,8.41137038187309
135,-0.5504580168158952
136,-115.35458177237487
137,-122.81419927359218
138,-253.91130845708096
139,-121.10895816799172
140,-103.03427493993355
141,-69.46854614374573
142,-122.94791919941711
143,-54.90614925035103
144,-74.22473558509537
145,-99.62184352194308
146,-48.77318632233025
147,-148.75596732616333
148,-67.06768086815349
149,-101.67094002851233
150,-75.96771058171036
151,-96.96853184714398
152,-16.59946458948454
153,-33.63705322043613
154,-88.98850472975074
155,-217.98643899811128
156,-100.11326628554909
157,-105.26980498070057
158,-146.29836498190662
159,-70.57663654569603
160,-102.73499348397094
161,-93.03119636006069
162,-125.97979510443955
163,-141.20493364084936
164,-58.99030620334002
165,-47.791824605471746
166,-75.68817428700098
167,-126.49445998921858
168,-74.17410613476565
169,-93.84919783744026
170,-140.9786218282846
171,-91.75283840570023
172,-37.161608572288884
173,8.412098078560746
174,-74.47910567399781
175,-89.52232947149662
176,-67.87594416009037
177,-97.9021280802603
178,-319.99061229231506
179,-78.08686059559138
180,-105.7223531451962
181,-95.70349399089922
182,-230.5710494357953
183,-55.03024776605136
184,-101.45919039398807
185,-57.721043776605576
186,-24.13629157763866
187,-121.76098354498242
188,-75.41878862789704
189,-160.5391219808527
190,-56.719033368166606
191,-121.23617960200005
192,-56.11323503684504
193,-106.88906765189388
194,-149.60801047438565
195,-124.63305924471504
196,-112.83732828369871
197,-78.64834393531223
198,-66.43223593277217
199,-67.13900810307359
200,-209.72591058233309
201,-82.38113352069259
202,-74.42607000769084
203,-60.98320663984021
204,-286.1669813162687
205,-69.10204488851328
206,-126.05410432419896
207,-93.39077742657736
208,-9.473703811462329
209,-74.44581670289769
210,-48.245015660198874
211,-92.02308994634134
212,-115.51537611224335
213,-106.07795310742516
214,-156.59675187107823
215,-39.15597001953002
216,-35.63453677741275
217,-62.73416605017122
218,-100.24425975011575
219,-150.4383744549089
220,-110.93753130363838
221,-215.15583500289011
222,-155.83391735396657
223,-69.46367950524123
224,-64.23600766028949
225,0.5251965989604628
226,-115.2915061839223
227,-137.05228768703952
228,-113.1972950718553
229,-102.01613680948827
230,-88.90606820400446
231,-79.22030363235916
232,-46.85926054320137
233,-43.87124511921178
234,-53.941042452912335
235,-106.89667513388555
236,-68.74533916314645
237,-55.631460130793
238,-76.88652788980468
239,-134.0367071906827
240,-88.28690149882833
241,-123.64183744880998
242,-136.52520490975866
243,-56.40068855744059
244,-74.67425589069084
245,-43.32129801099401
246,-70.24752768659889
247,-5.9328451437970955
248,-139.4015086125004
249,-117.09509467359439
250,-82.16969827699714
251,-109.63178240775709
252,-84.27374712255293
253,-57.643480820315375
254,-63.33982494679931
255,-16.052932362185174
256,-68.08992900800925
257,-39.09531389021238
258,-48.276880768882776
259,-125.57645000958004
260,-65.34866708921925
261,-79.97716308347547
262,-307.75752903707746
263,-78.76840805881851
264,-58.84562444930889
265,-2.0070202893394935
266,-111.62055922331444
267,-119.51940905733248
268,-32.915151156986994
269,-127.840494124499
270,11.185670740451329
271,4.577218917264261
272,-86.24263993799912
273,33.54651648601023
274,-23.50886583006185
275,-12.411411792489304
276,-121.21328627344417
277,-12.747292314511341
278,-59.247450036499316
279,-84.44481237450924
280,-13.498171474829974
281,-120.97834645994001
282,-100.2640368561083
283,-5.2651262704780635
284,-26.687382874554615
285,-21.971400034971012
286,-62.26830256240256
287,-59.827734400298624
288,-69.09227034742068
289,-115.32118663680113
290,-94.71347686864047
291,-67.39834940900435
292,-128.3814986346842
293,-64.33092811619501
294,-55.80306128496193
295,-74.95524002827469
296,-50.77947882132605
297,-87.09620638383015
298,-122.22512011069587
299,-61.616509190206884
300,-272.63247085519816
301,-104.9812329956115
302,-32.11472104967848
303,-41.24090287652821
304,-45.64635442862955
305,-15.959977306660122
306,-97.6317248098054
307,-45.31026505421919
308,-26.13318192561117
309,-77.47944101471623
310,-74.65979065907422
311,14.649771292724736
312,-29.740144334529717
313,-60.02047812138422
314,-61.20526877265559
315,-95.56605511265624
316,-46.019290100633455
317,-50.26128422718823
318,-14.975053940265028
319,-86.75003500041797
320,-81.78728288857934
321,-4.142857041372736
322,45.06188107559514
323,-66.82912856820903
324,-77.22074718785987
325,-58.4830529347595
326,-109.64131916618315
327,29.821903865261667
328,-52.345357405273425
329,-61.718370013058696
330,-155.65883727923526
331,-80.28315533461833
332,-361.1463872238052
333,-114.81074601579253
334,-11.855229585967521
335,-75.24989348058185
336,16.423468401738916
337,-36.468791640069654
338,-72.00031317750046
339,-50.513705052420065
340,-123.90554014249105
341,-494.5481182516895
342,-202.79103284402282
343,-70.12895284883422
344,107.67097518301979
345,-33.70538194281592
346,-31.637762658801094
347,-60.40579232054247
348,-50.736772469144526
349,-12.665222992414385
350,121.19791868789642
351,-74.6351944986764
352,-31.825946374417995
353,-18.1722239106966
354,-56.35583071882451
355,-16.97046671143221
356,-60.87341246698528
357,-44.535728265292576
358,-9.233092352415966
359,-29.367348192487583
360,-48.0981627056113
361,-212.57954156250963
362,-40.60753519403721
363,4.263752728021245
364,-59.40459100854811
365,-46.446427928781276
366,-39.970945462788364
367,-69.57763800428286
368,-64.37624539366305
369,-59.12376203054572
370,-46.20981692716809
371,-87.1322233518762
372,-122.1524455258656
373,-62.48657220364905
374,-23.442023993099326
375,-82.38737167077744
376,-29.291967593873167
377,-72.44902707463717
378,-13.451059027270034
379,-42.51977061049294
380,-26.975118053670712
381,-44.02806797913574
382,-59.00721200897991
383,-44.35489299055294
384,-89.68677339416678
385,-68.51393857864261
386,-36.33654623832959
387,-28.251914804021013
388,-17.695662859087832
389,-103.04813688068259
390,-2.6379877104375566
391,-85.61937013887979
392,-56.234475160978675
393,-155.29012394633742
394,77.80617779295275
395,-38.955292427993044
396,-110.92267603181523
397,-59.67282766033882
398,-57.99044375038372
399,-201.39158709798303
400,13.553594915259907
401,-73.69769840376617
402,-43.22609818492789
403,-97.27666251006875
404,-21.946208010382435
405,-44.47112216656501
406,-58.26797559387117
407,0.47565732503929326
408,-53.24684042387961
409,-50.38939165454258
410,-23.344595464223133
411,-54.88586212671204
412,-33.04549882162432
413,-70.90287258084697
414,-60.54993603387
415,-110.65269451788097
416,-29.667967923631693
417,-19.039888002678993
418,-66.39668230101853
419,-40.48690911192175
420,-9.141355099960592
421,-85.66473744483027
422,59.506705888732185
423,-110.60424708302827
424,-241.06259158639708
425,-73.92817657915263
426,-135.82495281358274
427,14.80793040332216
428,-69.62733923879722
429,-5.050415387226593
430,-36.228939390103804
431,-89.01696584649382
432,-6.377623410623542
433,-36.283009644969695
434,-35.97610255086393
435,-48.85760441147251
436,-14.32811493032608
437,-102.81608998525813
438,-39.9532467838452
439,-47.33875171823132
440,-63.46861676548514
441,-44.74654880962926
442,-64.05174177011392
443,-26.629185684829423
444,-224.98660999948936
445,-58.43694285409218
446,32.13660890609404
447,75.530128886406
448,-53.351414438880596
449,-243.40104332292597
450,-100.92447812322537
451,-105.53875330797956
452,-30.115058287208754
453,-45.290617624400895
454,-41.61144651710394
455,-37.56346613714012
456,-32.46697047125262
457,-87.70339904330322
458,-95.14748706029597
459,-47.694403326106105
460,-71.31039126945538
461,-136.77810412428377
462,-35.480270536867806
463,-94.14637384081672
464,92.66738639014962
465,-8.339477214724923
466,45.533493999852
467,-77.01133518831651
468,-22.545140340491713
469,-100.27334898325091
470,-60.917449639036874
471,-27.761072829651894
472,-19.916853179656826
473,-94.23288052865063
474,-43.17397697055833
475,-110.70988184224592
476,-68.83868057481348
477,-55.41349990891224
478,25.203597189566324
479,-39.1305670561264
480,-30.714154667366216
481,-77.26198411966068
482,-88.01278723235848
483,-103.83662657072755
484,-68.13203010054163
485,-120.82342249563307
486,-42.385654243564474
487,-26.473521061594397
488,-47.18613880145328
489,29.691419020598886
490,-63.906140115802835
491,-59.320212149572725
492,-51.08817579254833
493,15.669464000132407
494,-67.91679835490987
495,-72.05898949722149
496,-67.31276428054667
497,-51.27405002876266
498,12.596616611110704
499,-36.88095492843868
500,-64.25625058464533
501,-81.35681536005585
502,-79.25721277299441
503,-29.86591344126323
504,-41.84557535541772
505,-57.31545236785344
506,-31.058061194633353
507,-45.29995217161925
508,-2.3227418306723564
509,-58.958939172861676
510,-56.81877869250839
511,-103.50926395939598
512,-59.04034343757749
513,-25.056925082419355
514,-27.7682694821532
515,-52.19210358753992
516,-75.92643439751984
517,-39.05346016578163
518,-103.8906768187834
519,7.684050171332274
520,-62.563244467478526
521,-46.35266692881555
522,-84.63129764376754
523,-16.2177440000018
524,-38.45159239577202
525,-90.74355481121047
526,-74.52000308931628
527,-71.83134823816825
528,-97.08437923529216
529,-28.105575270929123
530,-91.95905550245651
531,-24.9571811082521
532,-106.74357663581436
533,-55.395217650202426
534,-6.52464016798038
535,-36.81089790644525
536,-122.45331193922674
537,-29.427308059072715
538,-132.964797611796
539,-15.44190882184931
540,-29.80692082837561
541,-57.71478973708831
542,-93.01815186441804
543,-66.64461703235388
544,-138.06167369388294
545,-76.33121426042808
546,-35.647300514958985
547,-43.10961619984712
548,-81.43206603644342
549,9.26625123118481
550,-59.190491559214934
551,5.037414782917665
552,-40.065203524275745
553,-117.46649178975666
554,14.5151047090405
555,-181.84956823970896
556,-45.88971058577439
557,-26.059281616309036
558,-16.503100451906207
559,-101.78073037965125
560,-31.22371759182289
561,-16.0506626918435
562,-52.46251402649244
563,-38.60316593857493
564,-213.72104964356038
565,-65.59871152168917
566,-28.896201447163236
567,-44.30313896104438
568,-175.83248175993754
569,123.22366237788727
570,-92.18819090745029
571,-21.329602295232604
572,-3.2013372317704807
573,-36.47123040054797
574,-65.0389279366456
575,-54.53384001211499
576,-27.074710816891894
577,-163.31354111228376
578,-47.17984223523467
579,-110.41916888836877
580,-49.520709374332625
581,-160.16261449081367
582,-38.37387568898835
583,-74.58217056980743
584,-21.088467616599445
585,-50.80950025841824
586,-46.16016393975602
587,-126.16813872200807
588,-72.88295507773775
589,-81.53397515068762
590,-47.607282479572675
591,-51.925278055351654
592,-40.569300845379345
593,-210.84853779763196
594,-76.7237479395836
595,100.33781111493595
596,-97.74949976106595
597,-90.14520073299987
598,-62.62868739200248
599,-102.94377253076688
600,-59.50423485089404
601,-178.9332984627854
602,-52.52734032507319
603,-51.62218055159664
604,-45.801998793155946
605,-61.847602429174835
606,-17.710584529146303
607,-44.143135055077735
608,-244.18991829766483
609,-54.16766701029303
610,-40.015864499361555
611,-74.4636862736661
612,-315.87380277535794
613,-40.73437030968124
614,-50.74613276144642
615,-57.357750860283986
616,-21.667320741872658
617,-65.48812969968708
618,-57.83132195787986
619,-23.541073682270735
620,-71.04297947590989
621,-50.02189343233573
622,-36.247142144019264
623,-175.81098289296284
624,-89.68177975937301
625,-22.995427546551966
626,-68.66599380405536
627,-14.96710086832232
628,-34.20120473068272
629,119.16426184133353
630,-84.69789611036795
631,13.954679105984823
632,-27.100528237966202
633,-69.15954274803035
634,-7.287687539224223
635,-266.894694513735
636,-75.68373453343888
637,-1.2021131579797526
638,-101.78538246040736
639,-1.4984956488878964
640,-106.59821219116509
641,-55.30879210756963
642,-98.45175682134527
643,-67.42839119177839
644,-153.7270178421987
645,-49.81534855497155
646,-97.31701732222284
647,-53.203686104129105
648,-101.30685057672237
649,-165.5378727318184
650,-257.1152196361803
651,-114.02943942311633
652,-215.86570783022083
653,-187.74302917738333
654,-61.333038619822574
655,-24.346882395916538
656,-64.08336911044111
657,-42.66305615273066
658,-1.5561973954458495
659,-61.0513207657836
660,1.4742311965982253
661,-21.621272085370023
662,-39.600154635750314
663,8.608616372837517
664,-44.874195051703126
665,-78.70165163241114
666,-100.09349426124999
667,-3.679392506572995
668,21.75244324757729
669,-52.03230214315161
670,-57.25653248534191
671,-109.01661284445389
672,-32.54498289981274
673,14.35730022262716
674,-11.68490863531315
675,-7.320830910531157
676,-8.730267208260713
677,-96.38158863872503
678,-6.992839469168786
679,-36.74103539770351
680,-48.02982522893739
681,-37.492748668234285
682,150.48766959363093
683,-33.269473122612595
684,-32.20873167031601
685,-80.02307530417721
686,139.8976443265248
687,-87.59152975906616
688,29.25687792849638
689,-14.155355276149052
690,-66.22065459027782
691,-202.40225945322987
692,-44.01796335456261
693,-65.85645240409289
694,-38.2146825683992
695,-109.39073407758403
696,-67.12725467818308
697,-47.216145177920964
698,-55.51436328537635
699,-35.66274985499952
700,-221.734953373745
701,-39.825559993154314
702,-77.01185667127388
703,-43.51031151310198
704,34.28578807639113
705,-67.03571436599462
706,-22.180570997635925
707,-99.48794723200896
708,14.23264166451379
709,-34.44735008877181
710,-3.239687820837986
711,4.3771397262895135
712,-14.127599124046043
713,-66.02544635929024
714,-21.74695384297607
715,-160.99866849650422
716,-76.22436937263379
717,-55.86050612072019
718,13.68362556992895
719,-14.472557086486148
720,-233.85856502877192
721,-10.813732539126207
722,-13.369777579251902
723,-63.64107223983094
724,-23.413726421345814
725,83.64950763600065
726,89.25775303018996
727,-100.51714562522054
728,-14.664357576247781
729,-106.3981773111893
730,87.19960217071305
731,-60.23005025993989
732,46.090761407947625
733,-27.881613526635306
734,-73.01193146493999
735,116.16955455771974
736,74.25776315186911
737,-125.14499886515655
738,2.896713086059407
739,-52.91839128947679
740,38.903120948514086
741,13.787402600996614
742,143.84810969140284
743,-107.91684584077217
744,-82.58811333611462
745,86.31574592133062
746,-45.52618570597524
747,-0.8024881365170415
748,-10.939051737845432
749,-18.672841154607454
750,-69.69104802718014
751,-105.01001673358091
752,71.95520779219692
753,-74.43495750503021
754,-69.70806717909618
755,-45.082646406391014
756,89.88976688312864
757,-57.10300901432349
758,-65.37399105863491
759,-97.65893132504986
760,7.67014464668847
761,-37.73113960559104
762,-10.628754728151932
763,-30.074572342456975
764,-63.982364867089956
765,-239.89311549403936
766,-100.52693151215661
767,-32.40514028610946
768,-20.811639418956915
769,-51.032048899694146
770,-15.243372861127185
771,-55.27373552947516
772,-14.476586608734209
773,-26.678144443027662
774,-18.6837267042433
775,-234.43727428203465
776,-19.11303202209818
777,-74.08892478671876
778,-33.01916808719936
779,-38.485169595052994
780,-74.52929580769812
781,-0.8991649541166211
782,-46.30884481727273
783,-36.09449740846929
784,2.486234904494978
785,-15.14253659500325
786,174.95754227268884
787,-49.25465895798382
788,-18.497667282616135
789,-60.76295949922664
790,-24.947895197232597
791,85.03227458741736
792,-34.710431910063065
793,-95.80558633332942
794,-19.926109324070936
795,-123.84471723881487
796,1.1189208764123748
797,-57.20377449866932
798,-11.499359526075338
799,28.67763370420252
800,-65.10792653098105
801,151.73918239149427
802,1.1589771113126375
803,-43.585449384095384
804,-68.35969635940023
805,-76.63849694037907
806,-31.702872449057466
807,-171.99930034050567
808,95.00207820215421
809,-224.9250845487432
810,54.64260807555282
811,-6.369134800521579
812,-93.48074340509892
813,17.791614139982116
814,-17.558609283442195
815,-13.858476978999207
816,-41.15202843030982
817,-19.62768087146344
818,13.661030721876102
819,-39.998824553646614
820,-30.188440730062
821,-46.14959182842341
822,123.14427500496124
823,-0.7404612189794193
824,-31.532550519303257
825,67.3978060736074
826,-29.52912861059545
827,-51.729714261708686
828,-46.904750755202855
829,-18.39103974805937
830,-3.448173253958032
831,-36.466041417358625
832,-24.464354653928638
833,95.69964705784292
834,71.29918810923229
835,146.09417731522163
836,-43.08369488662541
837,80.45389072707673
838,-35.660255300052924
839,-20.04776898513893
840,-48.75982314446607
841,-67.71366933238363
842,143.5047204598069
843,-46.54979138791837
844,-91.24837271864097
845,-30.41012182760558
846,-52.80860363851433
847,-49.12835832539649
848,-3.4473318481337287
849,-64.11827967610705
850,0.7262961598968758
851,-185.3629823057335
852,-14.119751220409256
853,-121.27741289183308
854,-160.84775625234533
855,0.5561595391594238
856,-113.57886917686105
857,-70.70627643367551
858,-35.40837203680381
859,-158.24746487675156
860,-39.61060138603041
861,-44.386307798295036
862,-65.7952566964891
863,19.40472168601238
864,-81.73455752026214
865,-31.384010477091223
866,-93.68590986187245
867,-10.119890499762988
868,-15.541700908878099
869,-22.76680568359815
870,64.84671471444909
871,-3.177068408694481
872,20.78597005514331
873,-29.243291249490028
874,-48.47652976168219
875,-78.62855057427095
876,-67.96255509529792
877,12.949791993974472
878,-98.22624142313398
879,-35.91421560062821
880,-44.506614607406476
881,-35.14052139882442
882,-21.01527516210868
883,-2.8044374549502633
884,-40.748748776069036
885,-224.18057625839248
886,74.80027091100521
887,-13.028925951857374
888,-10.809033938197004
889,-20.606538317436232
890,-45.77774143877453
891,-64.07137097443092
892,17.866203638624086
893,-55.224753304662975
894,-30.05551999440617
895,-13.383740798495566
896,-30.895957086542808
897,113.48227844660693
898,-72.88360436757361
899,-123.46404108755054
900,-15.421171318142612
901,-34.20269429200722
902,-12.675686323114121
903,126.78349718966452
904,192.7834292399639
905,124.53516216371052
906,-41.51783173414948
907,29.473868245087232
908,3.252741628084607
909,-411.0175316669923
910,-241.94368583620917
911,-51.72514865436702
912,-45.906792199625556
913,-87.38113342648758
914,-56.27277981948488
915,-81.9632078979089
916,157.6824307020099
917,182.1516029545511
918,-7.150085142167271
919,-30.672190338037424
920,-63.655570030521346
921,-70.35863246596477
922,-76.91367291573869
923,-104.47719854889718
924,-4.97749828238608
925,6.051991057714346
926,-17.427715399336506
927,-11.55979951062288
928,-55.922529560866984
929,-57.46011717005803
930,-24.05500459195747
931,76.84758340069445
932,-21.881767139714242
933,207.78668676162138
934,-57.60920523439326
935,-38.14330040094153
936,80.81844937473558
937,27.110877159358495
938,196.60326752619397
939,-3.9873255873472857
940,41.12988257351535
941,-54.00248474401789
942,228.33625571672462
943,80.74612927793254
944,-237.41519007675979
945,-61.746691868334864
946,-37.85253457165592
947,-35.022183844980944
948,146.952959656004
949,-72.15479562917776
950,-56.36957017263002
951,-38.749573924665235
952,-29.214548960644308
953,-29.023829867188766
954,-72.11700562672227
955,7.757226566813685
956,-45.248671742096604
957,-55.684538729482284
958,100.46764328236738
959,1.344740811577438
960,-38.379602616417976
961,-7.662970330532929
962,222.58189292763666
963,18.520858698316545
964,52.57862507120634
965,-49.6465463983527
966,-52.81719836457444
967,-51.06849401162372
968,1.273688894015038
969,-24.93152310747091
970,13.135196990214666
971,-46.76891791023927
972,-46.52364645151087
973,127.15494093977051
974,-65.69765391060734
975,125.19517420683226
976,-98.04456813936982
977,-66.54114485457174
978,-37.18133613911856
979,113.06378794531345
980,-37.89090598673509
981,-62.92640231163354
982,-93.17272188953328
983,-97.97646063630017
984,-12.887046596233972
985,-44.60680367286072
986,-24.77175511208503
987,-128.5944713236392
988,-64.2294627678524
989,-53.54206309988865
990,-9.793013643132497
991,-51.92457535502834
992,18.113858411224406
993,-106.43064164328517
994,15.790849620348979
995,-46.197466234513314
996,-43.05839223720777
997,-70.76142847156174
998,-18.9141912552667
999,-62.463907492820105
1000,-60.257852187953006
1001,-61.13195884489573
1002,-64.51672939515613
1003,-71.618029731932
1004,-58.953309447925264
1005,-71.98088429592727
1006,-55.036467506011604
1007,100.34799312549472
1008,91.93224117739045
1009,35.063998411825935
1010,-93.56824677290258
1011,-21.014090474175973
1012,-87.13301777998916
1013,-24.07076408507851
1014,-106.41714864962981
1015,5.61790759741092
1016,-77.71624004368239
1017,-57.47166658954757
1018,-51.37977747449585
1019,270.7530320079655
1020,-5.560570122789329
1021,12.983281161365056
1022,-11.830297369114604
1023,-33.30114337167704
1024,-2.1948439189717135
1025,111.40427756818396
1026,90.26230468498044
1027,-60.000518063872676
1028,-143.3043293345874
1029,-103.15811980248309
1030,14.640762071277592
1031,-17.94155902660269
1032,255.75972258855762
1033,-54.71088004994334
1034,-39.707590196244226
1035,-36.838220632619354
1036,-41.97234677352171
1037,-47.515556965332806
1038,-54.52895855959473
1039,-50.092495996810584
1040,-19.283340124802038
1041,-62.11715051886491
1042,-30.5228031850002
1043,-46.69773472335042
1044,-69.14274664072826
1045,-78.79510825024082
1046,-58.496616060941754
1047,33.79474778594815
1048,92.0682584376195
1049,-73.30107758427833
1050,-25.11099493293105
1051,-75.63172361939169
1052,-31.188257217985637
1053,-57.485513555360455
1054,116.61369851538458
1055,89.9846889079132
1056,-61.067506771832385
1057,-79.26171918872626
1058,-76.86363823328344
1059,246.50878534244845
1060,-14.875671817861871
1061,49.901970737190595
1062,-89.30866732270144
1063,9.859579919136607
1064,150.46253828740947
1065,-16.543702508309877
1066,-0.6397202248052594
1067,-80.46657040271998
1068,160.53126363963722
1069,137.5218236549012
1070,175.14803349964973
1071,-74.69790335918171
1072,4.341467850523756
1073,-55.78001110827257
1074,-13.265976067677627
1075,-80.40693364865125
1076,-50.18020483075766
1077,4.174197327396186
1078,-50.017732751145466
1079,-37.11304669366011
1080,-30.05609510857896
1081,-27.475245876039295
1082,-60.70430298629204
1083,23.752607076146006
1084,-16.39305113456031
1085,11.788104551144443
1086,-108.49389978671833
1087,22.56470024257193
1088,-9.721329970981827
1089,-64.39015291396449
1090,-49.7265115549759
1091,43.1117211958462
1092,5.374174447494923
1093,-23.43707283495712
1094,-8.739791620644425
1095,-38.09195741130311
1096,-22.45546844443669
1097,28.593834445680386
1098,-69.4559109340575
1099,-28.11406406050466
1100,-53.22865592002633
1101,144.31036936326302
1102,-304.1384070581984
1103,-68.05909861701112
1104,-64.11978691230371
1105,-19.554424033120654
1106,-163.0685765263933
1107,77.13710711682185
1108,-94.24060324532057
1109,124.93293907055588
1110,131.86850040086668
1111,-28.69051681760037
1112,132.18973657611863
1113,-46.50287626351184
1114,-7.06979831168208
1115,-22.312346286551005
1116,47.11171624013547
1117,-83.63604596148019
1118,-6.0439907343896095
1119,-34.469844772716755
1120,-50.47675756852671
1121,-84.25054178110157
1122,-3.656631318814263
1123,138.77586914065466
1124,139.47731091838898
1125,-28.147102190484475
1126,-74.55378126334693
1127,-7.6929446112168876
1128,-20.45017565850003
1129,-33.23040302364477
1130,-74.64203650737413
1131,-67.36563413644362
1132,28.83099296983889
1133,-82.4689743968118
1134,-23.42600317953952
1135,-4.752294403319709
1136,-31.020255152472473
1137,-56.89250222443967
1138,-46.823610251512505
1139,-74.11770493474506
1140,-13.159464619912853
1141,-163.39162387583175
1142,-200.10662104877917
1143,143.39851620668207
1144,-86.66138582664493
1145,-61.40328019595834
1146,-67.81653654635767
1147,-41.726636700227786
1148,115.84497465763555
1149,152.80175529417573
1150,-106.86574403695963
1151,-51.672171595859304
1152,-30.98356444155756
1153,-75.09571492888551
1154,60.38095056887316
1155,-44.46778631397842
1156,-377.92191245224444
1157,-45.853737916102986
1158,-26.73524339722168
1159,194.45811157373748
1160,112.77312419596979
1161,-45.4678637284929
1162,-18.621083763270164
1163,145.76151218302957
1164,-22.54335679467124
1165,-50.841559673090316
1166,-44.8270938200794
1167,-64.62426362641516
1168,12.459133128630043
1169,-29.974030865325076
1170,-30.343873913334804
1171,-29.190925582450262
1172,-70.15860026188759
1173,110.9844848028429
1174,-86.0212372543121
1175,-21.633888159106164
1176,-31.732560528447962
1177,-49.991658678548774
1178,-54.19799181155322
1179,14.827763200041655
1180,143.32734669913884
1181,36.074651974537375
1182,-33.652569778865825
1183,-65.16990691759197
1184,-82.31166683805468
1185,-77.16277373392298
1186,122.94517819219816
1187,-177.9746160374283
1188,-52.3769017753218
1189,-7.859230044656201
1190,-134.36257207657425
1191,133.36384964797946
1192,22.3540979134752
1193,-44.42504086682564
1194,52.849005402488146
1195,-26.681455313814652
1196,112.51517999811031
1197,40.22278507028349
1198,-12.858795442715802
1199,-209.97663277230947
1200,182.32922321384686
1201,-125.18509344324974
1202,94.66944648427616
1203,-82.19892617905143
1204,-72.69952145320251
1205,9.283915125498254
1206,173.44585253536593
1207,50.22612643252495
1208,20.700394462546164
1209,117.02861563928771
1210,-191.27097453861768
1211,-20.401883196640924
1212,-149.3545037368831
1213,-96.492052799136
1214,84.2790962968969
1215,25.666927777694838
1216,-38.55005075701021
1217,124.61302384244584
1218,-13.936831141645655
1219,230.4178997197957
1220,-75.94685293945359
1221,-67.16363345208259
1222,-17.36436386370417
1223,153.95614902937834
1224,-47.84367178679866
1225,-24.61409433009284
1226,26.219224084481155
1227,233.73224817284841
1228,-34.65684273384748
1229,-256.94703657290194
1230,-10.6019848646676
1231,-36.95271111888705
1232,86.55721111381315
1233,118.51708907867682
1234,17.10554576539488
1235,27.322404850091146
1236,-27.821611925508407
1237,98.82411595510787
1238,-73.06002738283401
1239,-43.22757686487488
1240,149.72989054112563
1241,-45.75831115236156
1242,-152.23441805899046
1243,-76.06530296581651
1244,-40.18126982322103
1245,-64.63716439263003
1246,-46.97801234658516
1247,8.092256906123794
1248,-221.4207261564124
1249,162.96600254984605
1250,-18.883695685006785
1251,-23.215241722261098
1252,79.51436911747592
1253,14.029751975321318
1254,22.713812025573915
1255,243.16792008327153
1256,-22.980994309578776
1257,111.31025206195474
1258,8.941769048262486
1259,-14.152808488832761
1260,-44.594281370157844
1261,-82.30097767988772
1262,200.8811845595515
1263,-140.1891170853287
1264,156.66149378851964
1265,153.6768754429746
1266,79.66393525455337
1267,-104.61836465854981
1268,-27.735679282309576
1269,-195.80728039292595
1270,-187.44441417580106
1271,145.2672098181698
1272,-52.74707872100656
1273,13.573629067060935
1274,-50.88903294942942
1275,-210.3942315286934
1276,2.2847631995933
1277,163.25561882421448
1278,-67.21133189626032
1279,157.249762809612
1280,175.34029333883217
1281,29.98913771305007
1282,-14.277532229421226
1283,167.36866392891963
1284,34.8941355312414
1285,-125.77445012507918
1286,-113.84378717793909
1287,79.55747258565954
1288,78.045393404697
1289,-87.46317714456757
1290,114.3698285509495
1291,147.9308098600749
1292,-27.1666636339107
1293,1.49632614724716
1294,6.739729156939546
1295,-47.32780315932973
1296,132.5865962870665
1297,225.9064103902648
1298,-14.592151181254962
1299,78.33826084768225
1300,19.605358778017006
1301,108.61042816840761
1302,-210.76181340017808
1303,28.840403193522093
1304,-6.806283574654145
1305,4.087239075208825
1306,-88.80544458767278
1307,-109.73798577256042
1308,-62.92616984487256
1309,-60.50832373924551
1310,122.7415095308734
1311,-245.2124155653023
1312,-9.80109850319596
1313,-82.75700673897202
1314,2.6133524193155893
1315,-10.712389014527858
1316,-199.0321078051993
1317,-66.9857722073286
1318,82.3709819103799
1319,98.74543478065429
1320,-12.552863820060253
1321,107.63434379331665
1322,-46.50590565203969
1323,21.08092809973047
1324,243.87888219892218
1325,124.98750449740389
1326,12.358467046920254
1327,-80.4554681764915
1328,-40.522518612334835
1329,98.37732410985244
1330,-8.049743587863688
1331,124.2261116963401
1332,28.610089233108596
1333,-21.757318696124386
1334,-18.66902563561196
1335,-24.88906439768631
1336,-39.861555824115186
1337,134.7445976945698
1338,107.02475110722239
1339,29.00342513830054
1340,-47.99456896941075
1341,-12.53909896689214
1342,-44.28578745695249
1343,-79.04503277490159
1344,-15.860873270036109
1345,216.1299477038762
1346,171.41866108310862
1347,-57.18393168940797
1348,-20.760084776270247
1349,141.01846298920344
1350,90.09516318352469
1351,56.21994967833675
1352,-14.688894274594276
1353,-64.9399180644732
1354,105.64195635635839
1355,11.329804943081939
1356,-62.18401609753769
1357,-97.93193922813983
1358,99.74967647103585
1359,-37.57789019564592
1360,110.3783419764905
1361,-70.29346187906395
1362,-20.2227347281532
1363,-16.19165703379653
1364,29.859668141980592
1365,233.03133700457494
1366,-19.503030357714607
1367,-213.25439912976825
1368,-69.40680138997485
1369,124.59776212923285
1370,-46.59555393962707
1371,-54.83646146686556
1372,134.88936666865519
1373,60.663552079290525
1374,129.27196689753268
1375,-51.70720837605651
1376,-9.460570404492856
1377,-68.75652545653658
1378,6.9657001297264145
1379,104.4514520133595
1380,7.196559870320854
1381,109.13160776882705
1382,-58.06477195646356
1383,-19.945407221575834
1384,-2.340383928334944
1385,108.96989092027354
1386,109.51205651759177
1387,-49.06733130820538
1388,96.38738120716762
1389,89.3572490309972
1390,177.03293191123936
1391,117.53264442917221
1392,-139.12361571849007
1393,106.83779706658717
1394,-156.80821522362692
1395,92.51471257828187
1396,113.90163477839326
1397,-14.07223493974189
1398,-71.64295302181932
1399,228.00486570531262
1400,-84.09836626924113
1401,172.96306953133563
1402,91.055446934017
1403,94.19550559076791
1404,121.11239206856135
1405,232.90934541860352
1406,87.26298955872363
1407,98.63127155730177
1408,-13.33259507921926
1409,-181.81999030173165
1410,116.85983272426293
1411,-20.557523506875782
1412,163.7330981966095
1413,111.15822536122619
1414,-34.469129311791974
1415,-2.353695022751836
1416,95.43065653838798
1417,95.53153115202625
1418,43.32457620781497
1419,-16.48760351188986
1420,-4.8728927251112
1421,54.189745522949806
1422,-41.57963782600464
1423,-3.882555962533587
1424,17.56144811218131
1425,-26.084212585884572
1426,92.57106380160455
1427,-184.53060576837834
1428,72.10503712892681
1429,234.45798463173784
1430,-61.13392826019606
1431,-7.170665378742228
1432,217.86709176444347
1433,139.45710593847363
1434,-29.375348734369567
1435,-139.34133918245058
1436,157.23063742406669
1437,149.17813036784835
1438,-39.9224878147386
1439,65.1606009886446
1440,-26.146472673005448
1441,136.37853397890052
1442,-88.95465177512565
1443,236.18219516825891
1444,-26.680147979728318
1445,-46.29590071826422
1446,-25.267322207258445
1447,-6.858196019241305
1448,-64.8039353572714
1449,42.486724871954294
1450,136.63787671101215
1451,14.32173811930383
1452,19.065136567508233
1453,-22.157668648627123
1454,-1.2154301847992883
1455,120.80938932306131
1456,84.61914903429712
1457,98.2095176661157
1458,116.49022025847297
1459,-65.90066600831238
1460,-35.00780941113321
1461,126.29103973034515
1462,186.3524025430793
1463,252.65702277321688
1464,-55.56038218087319
1465,106.27985495298005
1466,81.58745996793692
1467,-72.02798746347993
1468,-18.11544906433474
1469,-208.45111085014963
1470,-14.876129171139723
1471,87.21986044945962
1472,126.27923419482265
1473,-40.613040416108774
1474,0.03591987184572076
1475,-113.16733476249648
1476,131.2309197602103
1477,-60.91532211393272
1478,-289.8947502770161
1479,-38.00013362617547
1480,-6.136809212125868
1481,-43.755687511976106
1482,107.39033281925796
1483,-44.98401565054906
1484,-190.91978688142072
1485,-60.185731419909814
1486,60.80483377389103
1487,-36.81169142674702
1488,272.4420798599489
1489,-63.41639575599059
1490,-114.52814539800937
1491,93.80022849984073
1492,33.99084202775204
1493,169.35235342494576
1494,3.9198630016926614
1495,226.4211220855421
1496,4.8288046091404055
1497,147.012237355701
1498,-57.132121618189686
1499,-8.684439412221778
1500,112.79009198826748
1501,237.77336842863116
1502,118.17187738032983
1503,109.3873082014324
1504,61.07960204446345
1505,-24.8360053487948
1506,-181.9735131941054
1507,-19.53071367492886
1508,211.14401104867648
1509,170.43557942698453
1510,99.4818364444619
1511,11.665448990603736
1512,-223.59197395935922
1513,264.7010939836995
1514,115.46853201113402
1515,62.62525936973541
1516,-75.61069000435245
1517,138.7686237175451
1518,111.11228784940603
1519,-61.81171461252238
1520,-9.047918249232211
1521,134.03541759040522
1522,108.2777022991807
1523,-76.33352375472442
1524,160.9056054209414
1525,18.016824405110583
1526,248.21385852979785
1527,37.283131846085595
1528,103.06179955701494
1529,67.78938238656173
1530,35.22970440658659
1531,-20.673842968931368
1532,193.1032821648588
1533,92.01714933070265
1534,222.99938673854942
1535,-92.99580031554275
1536,109.22094008679022
1537,-39.45504280377318
1538,-15.314042409226047
1539,-42.11873389742297
1540,3.864253060550098
1541,17.675779230650818
1542,111.61720817218162
1543,135.79027981362574
1544,70.17775078032106
1545,-14.884633288496119
1546,109.63341933080957
1547,-230.4204474580886
1548,-18.270169221135404
1549,0.759504552260637
1550,202.85273777665037
1551,215.8780710063112
1552,84.96255950803084
1553,123.96186938673245
1554,108.11235903077423
1555,246.69726358191429
1556,147.99377039448026
1557,112.13462835542967
1558,-48.27620509064288
1559,9.958311202602673
1560,65.21626498819022
1561,74.46579550578274
1562,78.91062314349362
1563,-12.068526726565338
1564,90.72054258407373
1565,12.003364192037893
1566,-26.229788565116337
1567,-46.05554725263653
1568,-61.799936510829255
1569,184.12388585569883
1570,168.16310300186382
1571,123.88603378960177
1572,51.213857733863506
1573,125.85127619664325
1574,-178.57468980963168
1575,-138.47210384347474
1576,205.30441002472574
1577,0.4643265132062311
1578,222.72941027262456
1579,-25.139808297446677
1580,-119.1024193720462
1581,102.98528085433156
1582,-5.619344869020765
1583,30.59185423466201
1584,11.913671987467202
1585,112.85307040314326
1586,105.43426559751194
1587,201.12411031133917
1588,-32.75042798061486
1589,64.68927696173044
1590,92.73899912961816
1591,138.66510825341126
1592,90.24470940184206
1593,-105.48079722484148
1594,-147.07840701345285
1595,218.413530956455
1596,-166.20998612791834
1597,57.244099122312576
1598,-45.90919897998394
1599,-248.72493450071593
1600,100.7568273375196
1601,206.56634417444667
1602,-31.709379395357928
1603,119.03248559782433
1604,-175.15459414920815
1605,-7.655997125493499
1606,122.85169760796634
1607,-22.1914543257803
1608,-20.817320849274225
1609,-64.04216636446579
1610,-95.05623064457806
1611,86.84697700139641
1612,195.33110759455025
1613,-12.436184546631551
1614,-40.311116894862096
1615,74.57525518426995
1616,-157.44124658424644
1617,94.91755355537342
1618,-106.05988856563368
1619,-235.73262164565156
1620,205.02281420426266
1621,156.4585438386694
1622,107.82829075102576
1623,-21.53292763904912
1624,86.53858587856861
1625,-3.2810610108594744
1626,109.59773462592784
1627,42.46204413746263
1628,-63.30310624018399
1629,150.71108004238013
1630,-38.841747593176294
1631,203.12650806908903
1632,-94.31202410622902
1633,99.15190716421172
1634,-47.09951519103787
1635,118.05869323811325
1636,102.41790457923923
1637,-3.202732124835862
1638,154.66194507809698
1639,-13.669580145678438
1640,-39.06268829060793
1641,110.66911529465709
1642,101.37921189891605
1643,73.49439325684608
1644,225.135856010515
1645,94.66907919596567
1646,-32.25169782576462
1647,233.51865521844798
1648,4.392166504996206
1649,112.85726620065888
1650,-0.6954706853124861
1651,-55.40721041710657
1652,134.3978816778887
1653,89.18228333630111
1654,92.6926220785486
1655,102.18575489020417
1656,178.30834996543237
1657,-251.99654682178488
1658,-141.289977213246
1659,8.814536324017311
1660,94.05383462771822
1661,186.1847851767583
1662,215.537072262453
1663,-43.3775960620537
1664,-35.897095542826264
1665,109.85213345123519
1666,142.8287069808935
1667,-152.68845134812847
1668,26.295715749149323
1669,-69.83467203207611
1670,261.75142901228537
1671,-64.77144614486438
1672,204.63361450981625
1673,-65.13766052707173
1674,113.48038824222064
1675,81.58241385502119
1676,75.93542263457825
1677,138.3836452256441
1678,-63.96176289854435
1679,-107.85689227218728
1680,134.87616840356273
1681,257.43098777037085
1682,22.41451590208233
1683,199.11011004152743
1684,-21.67006254713509
1685,89.83317744160107
1686,272.99380418616556
1687,244.94515172396405
1688,144.09670754452674
1689,133.6567995689731
1690,93.7009824770929
1691,98.32866087946671
1692,-11.20082436287737
1693,82.77652301748996
1694,144.3004063005895
1695,210.6345989517517
1696,140.49468753407783
1697,157.26421166476507
1698,-150.91800813784025
1699,-123.28188051411738
1700,247.95019031439327
1701,-129.6139850468737
1702,154.3998106881481
1703,93.14137402597069
1704,118.04471417231373
1705,206.73804802466339
1706,228.51278182864553
1707,-154.90644237112465
1708,143.24022157786408
1709,-38.59632456864931
1710,130.3810408321638
1711,186.80093727575758
1712,106.7944611471585
1713,-233.13945162509964
1714,215.77892836270445
1715,106.90525150421139
1716,-174.58219301608102
1717,144.45635121670074
1718,105.6628077075429
1719,90.12721523769383
1720,74.12691373120447
1721,5.154741111543856
1722,201.4237278706716
1723,112.34525828149945
1724,61.74717604207534
1725,79.40002182216816
1726,128.29981328584967
1727,-21.967238110919183
1728,203.3785693480175
1729,150.48647359986046
1730,101.40436785744649
1731,-62.95790979228238
1732,-31.41228043057987
1733,79.66164595962991
1734,200.78151932827404
1735,-11.56398835810728
1736,-10.354289024729946
1737,135.38002159678206
1738,-129.2663794120463
1739,45.83970862643836
1740,137.82363402610275
1741,160.7967879139438
1742,142.3099419662247
1743,245.26369269790172
1744,-44.365751520107025
1745,-112.08128597488499
1746,93.40129691484401
1747,97.49184714377166
1748,80.5723861196122
1749,-111.2403517445686
1750,-86.68325579819137
1751,-2.987200735364169
1752,-40.2041594814675
1753,83.48832695255197
1754,92.84676455653471
1755,55.01261596197915
1756,218.18558977974482
1757,262.2699639145732
1758,122.91835992194491
1759,-71.79761057684243
1760,77.46363793353426
1761,116.63012666474245
1762,113.6345178897955
1763,14.799915819391714
1764,132.65103309881667
1765,81.45785257091728
1766,254.53323502787538
1767,112.64923963858617
1768,97.13318600253373
1769,-95.79764780835447
1770,18.2552500059993
1771,176.09702147060187
1772,162.03988920576705
1773,131.9312552230789
1774,-27.485939804271112
1775,83.48798309402632
1776,82.74071652792614
1777,-33.00987279693136
1778,15.137352309224
1779,202.1652104522165
1780,113.43892243811334
1781,113.6206068325213
1782,123.05523580108014
1783,-171.23212293552928
1784,39.824672531936685
1785,90.53728385033045
1786,49.306597764450416
1787,143.92317564225408
1788,-48.92220970194278
1789,117.32441275144438
1790,-49.57053152368748
1791,216.86312521820787
1792,2.0132917860907895
1793,155.58305440582512
1794,210.70840801592175
1795,117.52391405279717
1796,106.76104632810367
1797,161.51798024938202
1798,204.83079857290542
1799,260.371902695213
1800,240.9548425056321
1801,-50.20284328181028
1802,218.58811308282847
1803,255.03772651991687
1804,146.8640986250889
1805,86.68753023929116
1806,100.18643878149325
1807,106.76854258340285
1808,77.03363879373764
1809,148.61876880337215
1810,7.014334987242407
1811,152.11939060267426
1812,120.96593263276577
1813,95.96285973680187
1814,-29.53017366103151
1815,219.04838539392534
1816,245.64397724289427
1817,111.10316711499047
1818,234.38729451336786
1819,-43.64062107633427
1820,-117.78924547194521
1821,-3.5323911520479783
1822,218.3101949523973
1823,-20.174028890911515
1824,69.9037483322668
1825,77.41059296396472
1826,260.9493955143152
1827,56.17638488305997
1828,115.25717961992007
1829,-2.4738248492840995
1830,-31.60802921557398
1831,172.69186920603806
1832,133.99073948172366
1833,158.8886763251957
1834,105.99625891078207
1835,218.05375706591
1836,-35.41515444670665
1837,84.19288790577902
1838,82.5715718272588
1839,227.35630389989944
1840,99.36224278550503
1841,-82.79309247449494
1842,-7.98786124805288
1843,216.77940807958333
1844,-44.751190599582614
1845,119.8848271228068
1846,244.01621938944817
1847,55.94935763204511
1848,-351.5337401077327
1849,224.5502092246295
1850,71.06161055083356
1851,-39.79666449357839
1852,36.2578792126226
1853,37.343540223095715
1854,-261.4068687037583
1855,118.55089613360671
1856,144.19599888281385
1857,281.18746921258077
1858,121.88175877260267
1859,0.16527449324161125
1860,-25.847755627012802
1861,42.10441103635782
1862,-206.52040562858843
1863,-58.24193082036406
1864,119.18395277254184
1865,107.11837700442354
1866,-292.71488389635994
1867,-18.45043104544409
1868,-4.704566678040663
1869,2.7388734976354243
1870,74.16872717306435
1871,70.40492057941988
1872,-4.668388535461801
1873,203.1926305697267
1874,33.90906391309039
1875,3.1775054941415135
1876,-55.47861631477652
1877,244.45123878854292
1878,127.2094747864713
1879,-0.6489469569331732
1880,212.00224610884592
1881,149.11693663835916
1882,137.15705851103314
1883,151.91494110101596
1884,236.5704634257562
1885,118.84938662080205
1886,3.2436901374043856
1887,249.48430717089704
1888,-117.5651449066941
1889,-11.747166222037336
1890,142.57315487275832
1891,-101.20334869000888
1892,-14.546176236547481
1893,-18.37537700701064
1894,215.83119554511364
1895,63.23120566706684
1896,-54.28531277203791
1897,-28.77235926998931
1898,109.65617318402259
1899,229.48044868368132
1900,134.3554075624569
1901,91.39212182619599
1902,-79.75417548384854
1903,113.7814278758496
1904,-1.4164535051465208
1905,240.72585347754244
1906,112.15634804501379
1907,-41.25089925731005
1908,113.73514868263624
1909,256.4353893201654
1910,185.14320701536326
1911,-20.48350138866337
1912,216.26658936893594
1913,123.86490174122325
1914,234.9822885950429
1915,114.78647377308457
1916,26.03553395580616
1917,201.8615382685349
1918,-4.131776914576363
1919,-49.57280933609703
1920,106.16090636972004
1921,81.67153223131699
1922,-82.6398077898248
1923,148.3770305861123
1924,149.4497375824057
1925,154.60975746220316
1926,15.56769724744025
1927,-21.113311032722365
1928,291.23431238770604
1929,198.60211664506824
1930,126.31356795881103
1931,135.1525078231949
1932,-8.805837845815049
1933,33.00047843009631
1934,118.89890646375994
1935,120.91048317564525
1936,246.93013772441898
1937,239.63322195576117
1938,138.68686825042406
1939,169.57741560482293
1940,266.9743517644287
1941,-25.298628580378548
1942,262.5271782058659
1943,101.95995229864981
1944,106.06716532226328
1945,212.57751560349212
1946,157.88962719561
1947,150.91396116265736
1948,134.32052411367576
1949,75.63056288303164
1950,-73.28186844004235
1951,45.52974200348258
1952,42.18323370673572
1953,71.01689228388587
1954,180.67156822333754
1955,44.88273389298439
1956,-66.45747877015292
1957,112.77583883596537
1958,94.92692767888965
1959,146.58195106556838
1960,-56.030016101077194
1961,166.83288211904534
1962,-3.5768733579924685
1963,-8.649054887356513
1964,130.1730316023918
1965,-17.831690333276327
1966,242.50205621251484
1967,222.56558554809314
1968,-14.008106791497667
1969,-101.7711500847476
1970,106.71419651307187
1971,9.742476341308823
1972,248.27190942440293
1973,208.1300063679821
1974,112.06209439673088
1975,104.8482710383334
1976,162.3405980445744
1977,-8.95877875179012
1978,121.05718623612029
1979,23.64686565209115
1980,-15.285082422028324
1981,-43.02064202404352
1982,141.13499826053422
1983,-29.077918153243473
1984,171.17465337861503
1985,192.44568134333298
1986,-16.766621563111656
1987,108.58502773114462
1988,197.75575737865637
1989,-129.4597493110496
1990,-11.133420312243587
1991,3.180901909524067
1992,266.0787738176504
1993,190.8387787450019
1994,92.45639910690738
1995,93.77103561357696
1996,106.82074038150877
1997,151.58644305493624
1998,102.21950434043735
1999,102.73995575554707
2000,238.46887879322497
