1,-411.92029100034586
2,-146.48752558871146
3,-103.01241254353984
4,-67.17392374487339
5,-31.855986040770006
6,-197.94507409926257
7,-61.562599558861265
8,-186.91685156791542
9,-110.42003279174149
10,-104.27931757119781
11,-100.62851117316498
12,-143.66214707914946
13,-113.97925671357056
14,-94.41216474654345
15,-286.60441307098034
16,-94.13863011873961
17,-87.6312590318894
18,-169.68144717614985
19,-93.00922066194961
20,-371.2054037666984
21,-135.6218092361026
22,-103.53532210804104
23,-104.38277302625433
24,-209.03651429665172
25,-34.09498412813221
26,-294.39833967290997
27,-150.72083160183846
28,-178.79700476636725
29,-40.109159778167715
30,-132.6620009285835
31,-128.61017787561462
32,-124.93864390677444
33,-91.8076351302689
34,-60.459114940994525
35,-21.463442345265676
36,-40.90025619078787
37,-97.02987665584834
38,-60.270130788601804
39,-112.5505686763784
40,-80.21867442502258
41,-78.69058452569456
42,-290.6832782375552
43,-74.67607760469815
44,-71.9328967375421
45,-75.74321880741495
46,-146.14099071002494
47,-60.532270726224766
48,-72.27379375830839
49,-136.22249601387165
50,-219.42381093155012
51,-169.53389539487716
52,-99.68046985769357
53,-237.70878433442738
54,-57.534391006593225
55,-134.96079797350507
56,-118.7798869463472
57,-142.49362473496396
58,-98.6130163581728
59,-66.53768548993537
60,-93.91790595081457
61,-26.690429611803324
62,-53.431771020870556
63,-96.93963158284137
64,-74.73926129364791
65,-82.38759668467469
66,-123.62649851925173
67,-54.15507225344135
68,-76.87284018497203
69,-46.7271914774082
70,-119.59730107023614
71,-78.74503750178243
72,-77.66788578675303
73,-141.513425082565
74,-145.08680154761117
75,-170.15242937811254
76,-63.545374345533475
77,-64.19641670284855
78,-285.81191874700835
79,-90.04549939532045
80,-52.97299592698039
81,-42.88190951828911
82,-63.47920397749475
83,-76.9642702398175
84,-81.78359277573485
85,-130.42825269535865
86,-70.6832158788273
87,-282.03301218736704
88,-50.1662420338249
89,-50.02592007505036
90,-14.358839401120179
91,-86.80172782247516
92,-73.64791847455629
93,-38.34732464197957
94,-52.749474379063486
95,-118.95666055142249
96,-80.36683447231597
97,-133.01241151501537
98,-132.73641600293698
99,-67.63971147644438
100,-302.8579644648629
101,-100.82082086031842
102,-106.10304674848177
103,-72.14649946978055
104,-72.28046323815067
105,-81.72201419252009
106,-82.9775564493886
107,-101.22622241742401
108,-117.63853823647948
109,-125.02737451157375
110,-116.35992293459519
111,-77.4856126863248
112,-122.50369787378563
113,-114.37153748388138
114,-110.68746868187257
115,-13.894144079096776
116,-89.75146622853873
117,-128.49152065436985
118,-84.3674310008154
119,-53.02552656782818
120,-89.47997902812466
121,-112.07278786044904
122,-82.40472751106796
123,-109.72944155278
124,-273.17668832062964
125,-84.42614943863094
126,-89.40999806555453
127,-97.61273816116687
128,-165.57904889112564
129,-94.73494002866728
130,-96.58930629937502
131,-54.90932889562882
132,-59.31380164413115
133,-106.16537855066288
134,-113.86764762408171
135,-105.72077124069817
136,-111.7057736396778
137,-114.8981473144978
138,-94.43900544453305
139,-80.50496262767946
140,-110.8640719437706
141,-101.67182261854005
142,-135.540991801063
143,-102.87490611266638
144,-53.70378254804994
145,-215.4624638237605
146,-175.5108739274777
147,-116.56904358001216
148,-79.88407548516855
149,-77.34430313283156
150,-106.07131237826881
151,-120.67863811627763
152,-107.24818249137618
153,-245.45905003312976
154,-149.30818398672665
155,-64.07597351725637
156,-80.74327653955967
157,-322.5534908587164
158,-320.0050360578663
159,-77.09873360952257
160,-63.68528599583995
161,-99.84667120425023
162,-185.70871311671624
163,-70.43843604846626
164,-4.15705227697471
165,-16.650811660543255
166,-32.80645912764692
167,-9.010147017447707
168,-166.40263367849852
169,-24.938343203875036
170,-170.20713716148308
171,-39.16981282011538
172,-48.53787285205658
173,-92.66587185343093
174,-50.48745800505668
175,-74.80717029014053
176,-5.509036948219418
177,-65.45040553446323
178,-64.39737052082845
179,-88.35876113709728
180,-171.2743329301427
181,-80.53461792058415
182,-9.65223890812507
183,-25.692824891032615
184,-62.087446274753944
185,-137.19111465911274
186,-104.4234666269623
187,-50.32735562325597
188,-34.30321428628122
189,-45.474513588384795
190,-83.09825054509551
191,-106.1633488431912
192,-96.6076167335534
193,-57.75650099189738
194,-79.32337648772648
195,-95.62808274305536
196,-111.85887344969612
197,-110.58385642019452
198,-89.19368589250453
199,-69.01559697801055
200,-44.16754555703476
201,-109.21738663725523
202,-74.28031373199761
203,14.688084462952702
204,-74.77883871300023
205,-26.79838770830851
206,-152.50515659864428
207,-68.35229767437505
208,-54.510177818175606
209,-131.71518633941417
210,-66.65557234562114
211,-80.7650442793647
212,-188.09380727071067
213,-88.24990671664403
214,-81.47886003502263
215,-222.71714322143748
216,-93.14244713981552
217,-43.924196989065635
218,-81.63806582607069
219,-37.34327261557157
220,-22.340586877808718
221,-2.819581615971572
222,-92.8019938235446
223,-101.67800161785337
224,-72.12239373684588
225,-194.01809715601962
226,-58.94649475048911
227,-122.786303205961
228,-71.53990245535492
229,-44.68093227155988
230,-103.48212341331282
231,-73.9022810496425
232,-53.606678401427686
233,-59.541602741486635
234,-88.19128770379531
235,-48.85054622563145
236,-26.497805243997476
237,-46.250755750971905
238,-22.79561333174962
239,-69.39912571293748
240,-40.80306265111882
241,-220.96505039040787
242,-147.58443316570444
243,-83.7447592669924
244,-55.98393723315608
245,-26.42561497876983
246,-36.435069420898174
247,-76.42464079288581
248,-167.60378830921582
249,-48.41591430249595
250,-22.37485897737281
251,-90.4701542653048
252,-43.04529059511357
253,-93.07941170078469
254,-255.4091355780627
255,-88.3065182279606
256,-21.144834807531694
257,-50.280423509658235
258,-91.16807222524241
259,-54.83270721220251
260,-99.82130041080998
261,-41.42418650030916
262,20.434424283605537
263,-60.32324013834459
264,-50.740636630460074
265,-64.7031760008486
266,-47.1281378651835
267,-157.20487257097653
268,-63.992401695430296
269,-56.86483498908321
270,-68.64262535657811
271,-114.55368508508087
272,-33.74483587718467
273,-75.466515264526
274,-51.081249027736035
275,-21.634462238700863
276,-75.87334457119232
277,-74.45897212344101
278,-129.71113234402753
279,-45.188817582049865
280,-84.07625154477257
281,-173.02031836112357
282,-74.02192408918569
283,-77.60767893930998
284,-35.06037349379304
285,-41.3525188721629
286,-67.99720200920098
287,-124.52154411900564
288,-44.54101613285687
289,-41.894945345249155
290,-78.26489635728987
291,-73.12026672298234
292,-41.21443609541845
293,-44.34675336501592
294,-80.74410261808325
295,-199.22665405133841
296,-15.999995969963805
297,-73.46876442099504
298,-30.252169378414678
299,-44.451239983099136
300,-16.786992037641525
301,-44.89928199808435
302,-24.97926118639596
303,-47.56896429877308
304,-39.93221121000104
305,-117.83367439029914
306,-93.28380171779625
307,58.85806517800081
308,-97.69159393889026
309,-26.472954522954495
310,-51.675012640177485
311,-46.307191495974934
312,-28.03332702013195
313,-51.09006289176676
314,-46.44488021591793
315,-80.35531514284679
316,-47.968535543915536
317,-171.97506742596576
318,-86.23277540009597
319,-18.534216790300988
320,-21.296510243822297
321,-114.60834700868267
322,-325.8018555149067
323,-42.21927472385411
324,-59.93687452778586
325,-100.19028102218348
326,-79.12772188968897
327,-48.09400759792418
328,-66.1539870294179
329,-79.64526306012492
330,-84.85064686894162
331,-69.97083645046159
332,-85.49166348972102
333,-61.61784210479943
334,-104.38648513436134
335,-59.528494672298166
336,-113.5670712284657
337,-47.94356633983991
338,-101.51249056558686
339,-53.96134193786767
340,-1.3621632980536873
341,-86.50080055439413
342,-79.44388178432641
343,-174.14850874594384
344,-65.46652173349098
345,-35.881927389159145
346,-19.26811120801335
347,-17.67124238033243
348,-6.242262390404264
349,-90.57920383812343
350,-109.19619810577483
351,-46.99554843204423
352,-82.57771490477077
353,-44.95265136790361
354,-275.3705124538386
355,-34.105178772829674
356,-68.09717758357624
357,-32.121622988368074
358,9.405990081806536
359,-7.141659024308012
360,-163.39024348388645
361,-90.6969077079697
362,-104.53087876001845
363,-109.9018879676885
364,-212.49525021226276
365,5.080486890878646
366,-18.262736106871074
367,1.9926497212342298
368,-29.067475813749596
369,-17.390548323624884
370,-93.58170859199666
371,-24.35906116877355
372,-120.54714691512277
373,-110.40811118605032
374,-10.597846486747798
375,-44.03392439151903
376,-61.97592425375691
377,-226.82782217247416
378,-29.990938141513894
379,-113.1976769349141
380,-173.57425353126905
381,-77.9800556917616
382,-57.3435464008903
383,-51.460114736300106
384,-61.748291744546584
385,-51.75204709981723
386,-30.37018391930569
387,-92.54268269089734
388,-61.716437800444425
389,-12.698364807046659
390,-46.351706082948766
391,-70.23646203607665
392,-44.18759481082088
393,-54.70177145215766
394,-135.3803233930484
395,-81.82892208716888
396,-25.769813303861838
397,-37.34343075286624
398,-38.046880633684495
399,-32.74886340581831
400,-32.39333956163344
401,-132.4203783264848
402,-4.79576896117004
403,-265.58457008773445
404,-32.50528878876956
405,-62.65343495922255
406,-26.778349146181384
407,-170.8325043788051
408,-54.3127881656368
409,-28.65224273433371
410,-24.720345052589465
411,-57.46651732605295
412,1.0967343067280666
413,-39.63581413930588
414,-220.60510254625189
415,-25.699759220889092
416,-58.921901505683834
417,10.55983475410224
418,-38.80763590585049
419,-73.17323606737213
420,-146.92948185821155
421,-20.308999641924615
422,-53.77454276516184
423,-6.236107530763817
424,-59.315935595386314
425,-28.058899522754785
426,-17.93453153823883
427,-72.46977810199236
428,-52.22758752422239
429,-53.0761520143392
430,-116.773150890296
431,-56.07911177324091
432,-90.58674061035028
433,-65.17345938365713
434,-128.4684158747254
435,-74.113631423622
436,-63.65601019821462
437,-34.57531167456906
438,-378.62149475838174
439,-0.8055136379454382
440,-34.01578335310441
441,-70.23548619140061
442,-63.41986853725168
443,-83.57680044312892
444,-63.47220251580548
445,-89.74227651417473
446,-34.16557313315833
447,-33.04849822725318
448,-49.56444263560385
449,2.4319999887244563
450,-118.44930000517209
451,-25.183842841051472
452,-102.83228245659737
453,-28.87468398425517
454,-63.34489848155424
455,-12.644518364082302
456,-60.09395653252227
457,-29.971799123480338
458,-17.20753787532132
459,-164.2280777362057
460,-7.423753284321421
461,-133.0692279408496
462,-15.141107292199365
463,-22.837542665881728
464,-44.129683107867216
465,-95.66264956015264
466,-53.92348934175999
467,-49.28271699225469
468,-73.4902900898571
469,-3.5558729181649937
470,-63.73906140881705
471,-106.6249227361296
472,-22.059251166345376
473,-36.11886229295686
474,-223.28813955203412
475,-43.369296392738676
476,-57.41631038752971
477,-41.74393721800847
478,-57.40556911806631
479,-5.7558830279022
480,-104.60969376982207
481,-63.16904529311746
482,-71.1306426482815
483,-3.2151916136022294
484,-76.68765728860464
485,-80.21992541142923
486,-130.75932622992153
487,-38.44135801807211
488,-47.523781773300996
489,1.6368125635360684
490,-74.55370697678785
491,13.395935957237526
492,-38.81695488990448
493,-21.700040623853084
494,-116.0234755021728
495,3.624687920690448
496,4.585233902821514
497,-39.059984157274705
498,-16.01464259265272
499,-62.835198579463324
500,-50.20199288966089
501,-87.73698128683267
502,-51.21723073382407
503,49.73192926620496
504,-59.38665530381907
505,-94.34301611149886
506,13.964213476174848
507,-68.00504348369614
508,42.34464879193433
509,-9.106942038400732
510,-30.63071764650023
511,-105.84977288958528
512,-82.01761156176583
513,-18.985213307265127
514,-44.878664823199344
515,-227.29468077725903
516,78.29776927018341
517,-27.602127724425486
518,-6.944859247080771
519,-25.077792628428767
520,-86.64485843267178
521,-105.01191686598149
522,-47.495025055550194
523,3.6190188233981786
524,124.71264542187059
525,-26.69678491039933
526,21.03932209727229
527,-89.11625264875208
528,-197.74380928470413
529,-11.65631765283797
530,-45.98255491606784
531,-215.50108061332358
532,-91.2773484984649
533,-0.6066143476107158
534,-69.3006189186556
535,10.90300559169961
536,-51.1406951573247
537,-14.725129265994141
538,-99.21229562325267
539,-43.622300696010846
540,-41.65204073880337
541,-25.042508001731747
542,-36.72163374459892
543,-8.133424969792543
544,-18.452740475693446
545,-11.211750091742317
546,-64.78178938821458
547,-0.4866335011935661
548,45.771298861693246
549,14.60960263593931
550,-98.22412948257575
551,-54.385635658303116
552,-74.15748873516351
553,-18.002803128729795
554,-77.88993270870817
555,-27.977044537577683
556,-76.67949360789856
557,2.8044395816691434
558,-25.518566058686247
559,1.7378512906573036
560,40.75531620351947
561,-29.241204739286573
562,-29.05298446289393
563,-54.71586815642264
564,-66.8987401381412
565,-43.4008812191603
566,43.88006503335339
567,-9.65758648708308
568,-45.648859680309144
569,-3.2914472394917595
570,-56.8541313659736
571,-62.358185403916124
572,-70.80172926244406
573,-181.01062307319654
574,-33.62028507699664
575,-2.478333024350448
576,22.465182457563472
577,-84.48467474076315
578,-32.24208442900145
579,-105.10591248933284
580,-60.73825758588377
581,-16.886406639136467
582,-42.13528219679601
583,-99.81053664993664
584,-67.15403298070375
585,-107.25907589225262
586,-15.632820648024847
587,-42.731436320531465
588,12.662476321365276
589,-22.642052627451093
590,-170.58614144257206
591,15.489107696258401
592,-44.89915309488099
593,-42.48562533152083
594,49.87866026181132
595,-32.24472162917202
596,-47.03380151754922
597,-42.595404760098404
598,-36.77347442197336
599,-19.500882166571785
600,-37.948992503073015
601,-22.40058087805447
602,-63.03193988097823
603,12.198302717830174
604,-52.47983631024405
605,-15.942912157364603
606,-20.88267242777856
607,-84.04195645044427
608,-41.35634170623171
609,-29.22641151052632
610,-66.11427056827196
611,5.235213165166243
612,-257.8374863435118
613,-27.329709226152346
614,-53.69415664408736
615,-66.44177263405084
616,-100.57603205916031
617,-25.59790453778656
618,-51.092112398917166
619,-19.709073715200745
620,-48.522450055055316
621,-35.89715515155824
622,-43.94914142009519
623,-24.8266512054698
624,14.7624379317392
625,-61.22555298602962
626,-27.4290272583208
627,-14.416768564193518
628,-79.31452788132982
629,-121.90160198151307
630,11.41328843779327
631,-42.287481175392145
632,-28.065999718277723
633,68.51492446242716
634,-128.189674417293
635,-22.374606899211372
636,-93.24769993830421
637,1.9339369452200401
638,-40.65175290850895
639,31.97502459134529
640,-101.10002166801667
641,-290.73486102259176
642,-135.81260797236524
643,-16.041892545449215
644,-21.752210751254495
645,22.84351748913113
646,-16.672906908311262
647,-53.30788174817102
648,-55.02247120172916
649,-24.876279814924757
650,26.229456741217334
651,26.532866548234225
652,-35.813683228221805
653,-10.063138087637853
654,-58.873248081335326
655,-6.367608390313833
656,20.518612125873176
657,-77.24097698911045
658,34.90174740582498
659,-44.78873534408348
660,-50.39673703639238
661,-5.141261763668993
662,-27.823016470841637
663,-31.81930664752626
664,18.176548816384383
665,19.435533435883457
666,124.7715824078319
667,-31.318020347892656
668,-12.33399240777139
669,-4.007938563441897
670,8.795398107206907
671,5.275482357261879
672,-6.201376171419668
673,149.71499209687482
674,-24.945897637726816
675,-60.63210632931093
676,-87.88948788922174
677,-63.907309516246855
678,-11.838209132951278
679,167.70924426761093
680,2.7961949720372843
681,-159.32219916927298
682,-40.19694331084473
683,-244.8167504919329
684,-68.43103847247853
685,-17.736507159364564
686,-107.96903830775952
687,-33.72118833330249
688,-55.21024402400601
689,-71.05680383494362
690,-80.11092700032376
691,-45.35779713684887
692,-39.78313540728469
693,10.331489493819717
694,8.758709010287404
695,51.16994694233824
696,-37.04158778230965
697,-64.97420063430965
698,66.49211221836593
699,-1.3921684498052258
700,-264.2706685734904
701,-16.430122803644508
702,-77.62554390826236
703,-78.033151349937
704,130.10687876474177
705,-203.06244640004513
706,89.61371362956906
707,16.494245741418837
708,-22.40285725091063
709,-31.189963468574234
710,-4.928140442901039
711,-51.787576818787976
712,-46.80141081709753
713,-35.31944340812608
714,-58.647630896272425
715,-45.35038210404319
716,-33.67739961972501
717,47.577504914264196
718,-33.32344141156112
719,97.28677946611441
720,-37.282475403777
721,-64.60017112480861
722,-50.981115788948046
723,146.17003613224557
724,46.43542569730715
725,123.72924091767703
726,11.796576542259729
727,-180.49758224848185
728,-22.033505342036165
729,23.997461062925993
730,11.091612904507755
731,-6.810666580673015
732,-28.76793253554102
733,-78.92723378074317
734,-101.96546807327978
735,-24.912408564120327
736,19.326255353599635
737,39.41416502055597
738,-23.962977520911707
739,-28.51034738232535
740,103.2030268557048
741,11.109683533311042
742,-93.08095247211759
743,-35.58928670875166
744,-77.24897514877158
745,-44.981385743320175
746,-78.32085811778987
747,-40.73276639183348
748,-57.565650258879174
749,41.89429397435869
750,-56.35394528173341
751,-5.1808085033346885
752,-24.491377613672597
753,-174.99129695997732
754,23.430299280005897
755,14.931251952246228
756,132.48771026617962
757,-172.5812565307537
758,-11.001683181755695
759,112.15574751001685
760,-57.05780557899247
761,-56.53242716449252
762,-66.85259738916616
763,-48.055948434816685
764,-60.99961289198189
765,-60.513186128614564
766,-67.02095596368206
767,25.920604892499554
768,-18.908010363067376
769,-14.589995059697372
770,-69.64404575681577
771,-77.20945602180731
772,-50.236604013392935
773,-9.109706051631633
774,11.11005596930788
775,38.59059816658103
776,-66.96528675623168
777,-60.89266547757865
778,-25.49803557381118
779,69.63571840062652
780,-74.89860630587216
781,-21.853346805672032
782,87.69228239867297
783,17.342740716421943
784,9.826958752182605
785,-49.12147842630452
786,-192.2435092674097
787,-30.93931906506708
788,-14.404184861323827
789,6.396858336808862
790,-72.58257571848762
791,-63.01434055883602
792,-76.77387116478997
793,14.910034553742278
794,97.0302435045585
795,-63.8337735151278
796,83.21294896368204
797,15.936359785497999
798,-31.82604539206872
799,94.3484343290172
800,101.86005145146252
801,117.76420311795682
802,-43.715090722494054
803,6.565038556384238
804,127.20996140907646
805,-51.276481481002286
806,-97.70897137092852
807,17.513987936036045
808,-52.42598517408116
809,-48.699730121811754
810,-51.66369247951844
811,-47.84957860325641
812,-14.453149146057413
813,106.29974758993154
814,154.1883943270756
815,-14.209553997117311
816,-25.205034847957265
817,145.80547408062404
818,-42.872088436220494
819,-53.441782288675476
820,-77.92459975946812
821,-65.36703347924909
822,25.679811075874753
823,-16.850925408558837
824,-60.26180245458064
825,-53.66532880486495
826,-90.54257317539657
827,-21.18534267565647
828,-5.00530696498285
829,-31.974860797321995
830,-112.18860677397981
831,30.655190379274586
832,-59.38255155089828
833,7.756353028522952
834,93.62511123249611
835,8.960161899597836
836,-15.365045581421754
837,22.09306203717236
838,-7.008251605249598
839,-67.07242106052847
840,-5.727538186722867
841,-59.78948269119387
842,26.08905072568251
843,-10.931237545746114
844,-23.06059346472128
845,-112.71895453797285
846,168.2523435441332
847,-62.72590865282447
848,0.30421496739747056
849,-37.180053300734386
850,74.97711063520956
851,-33.04004205655866
852,-26.250636269801305
853,161.1626437790152
854,-12.095091557352347
855,103.37650917476752
856,149.9223883384942
857,264.1648725742794
858,-40.932077887102686
859,-220.859218362165
860,3.6028390191450796
861,-38.51019321573936
862,-266.34322236754167
863,-9.233992354152221
864,-119.08234527746784
865,13.639468831285015
866,-94.35877769279963
867,-8.195532885815553
868,-44.51861638024718
869,118.26203199450508
870,-14.711847052830763
871,-49.02002025781651
872,145.64920247930004
873,94.06874004761474
874,6.1302581841338935
875,-62.90752632985566
876,3.7076954428365383
877,-63.1318633196352
878,-78.45637539129842
879,-60.526812447441905
880,-33.05669640339866
881,-94.49468945287119
882,-29.381205988413797
883,-0.0655285459689452
884,89.01105501330125
885,280.0513810429809
886,281.4127449855248
887,-82.32425412218622
888,32.354568005992775
889,1.0679888554517731
890,86.07345237490344
891,-56.36913523044821
892,-84.6628219612691
893,97.33810015933088
894,1.769322324496983
895,256.8897140183006
896,-33.959216358396986
897,-21.539802330541733
898,-176.58669392390132
899,-290.4563180565135
900,-34.80128472453953
901,-15.601647993858847
902,-15.778277777411176
903,287.3350942988311
904,169.14611732025813
905,-36.76352041523538
906,15.088603221278447
907,-33.131833803381554
908,22.84152667446682
909,211.95667059177086
910,-70.72497584527065
911,-52.09648398815775
912,-196.91476743770272
913,-31.578153664203455
914,-198.61363743947743
915,-228.4787165269247
916,-62.868853507402754
917,9.694105772073613
918,34.901614807151475
919,89.35493194764834
920,-126.55346431043068
921,6.4956556978646915
922,-6.986979868072183
923,169.82999017950024
924,-18.62841329832233
925,-33.526432521180254
926,257.05925149255444
927,140.15553572014642
928,31.729697765605493
929,-50.41418487796385
930,267.7276417411419
931,2.5266265262499417
932,-47.785503738923865
933,34.9453164629372
934,71.59641389807021
935,7.977132052276133
936,-24.239718904545626
937,2.1658649340914167
938,-21.368187182703664
939,-26.95827827208936
940,30.161457238254144
941,-41.98478227620511
942,30.261183556010025
943,-27.49600925304695
944,-234.35009261406458
945,29.969657208960882
946,45.70408642036173
947,247.7871818649472
948,16.80501494854269
949,248.33401668514009
950,43.9382235449832
951,-115.0442536821959
952,12.97647010768273
953,-0.7425202736556713
954,293.74615699200217
955,-23.17807726854504
956,-228.44608197531397
957,254.16708153043217
958,-11.03747018808123
959,8.761409488070356
960,-10.773874560224442
961,-7.47988634945807
962,149.34733782188263
963,13.012781263929412
964,101.98320909926125
965,-7.686655664469882
966,-178.91107951003715
967,-93.81660068578073
968,-62.369048431538296
969,-8.621128747269594
970,91.00054076691858
971,-3.457945377425105
972,3.3127631765951264
973,-43.38140211852814
974,-35.710619852092435
975,115.26384224937829
976,263.79195539837235
977,25.700345615584993
978,3.097468399199485
979,262.9211650519518
980,10.215485527538021
981,35.49609382594721
982,-11.940052271212906
983,-67.68877279201486
984,29.8693738524386
985,-83.08520344572506
986,32.44156708975373
987,-76.19072664519632
988,-14.743068965295535
989,-5.5711466109747505
990,-44.43948647909825
991,130.72672714504907
992,93.98637374238402
993,-146.39633390090398
994,24.00778504894771
995,15.344276913429496
996,29.573715936741507
997,-31.892159513900637
998,-55.51138633304069
999,-37.75531937706786
1000,-15.145830485080637
1001,-0.9324810883165924
1002,-3.8040434723945253
1003,-54.30390582788074
1004,225.2237598148605
1005,-39.91876607345148
1006,105.22445291306714
1007,-8.060958643224026
1008,41.50086856596492
1009,29.925630322708315
1010,-61.236241089901995
1011,-208.94902306230105
1012,-44.00503890411315
1013,-51.94492760405508
1014,43.64225217792418
1015,272.95236379958146
1016,21.503759478136857
1017,51.739091392718166
1018,268.7611206781238
1019,107.14410537427031
1020,112.63273882383945
1021,-39.429593520628686
1022,253.9534171650943
1023,122.69115124565755
1024,-15.80750553744916
1025,-102.95882980955884
1026,84.56716554294982
1027,24.301835340779263
1028,153.31334327939686
1029,-90.14581165840453
1030,114.48649795401583
1031,153.856895732596
1032,-39.019111665429804
1033,258.1334961196862
1034,48.06751603289412
1035,265.714466644749
1036,4.30923079136079
1037,139.42821100013066
1038,241.63700801338373
1039,269.0017050086493
1040,266.54756396435255
1041,-301.2769565618024
1042,21.03439976016523
1043,9.856487623320447
1044,-81.72338379639459
1045,257.9605777243965
1046,166.481693874851
1047,151.65440584675798
1048,-0.19204106264905363
1049,70.73077413914338
1050,26.981952038047822
1051,262.0818628050373
1052,-9.38031782320904
1053,-122.06221124857827
1054,165.99658547577187
1055,-2.0418348839701963
1056,-5.058933444727018
1057,145.4160193760847
1058,-344.1848824629779
1059,266.63357684723206
1060,-36.06113164380588
1061,-23.353752827603174
1062,110.3972613318434
1063,-66.97314128603779
1064,79.53639802419269
1065,273.6795834779116
1066,-49.88533343311988
1067,41.40574122678282
1068,9.208386097415257
1069,-48.83447818178053
1070,249.39577639403765
1071,228.99633997301447
1072,-62.2160171489625
1073,-32.431090263026505
1074,48.00728882416465
1075,-24.525103030353492
1076,22.528780308271095
1077,-20.20058867907251
1078,17.161533690097656
1079,26.78422079509174
1080,95.98499181549708
1081,143.7502818742354
1082,17.25603434693339
1083,-61.37247018774035
1084,79.67182108369929
1085,18.5989703361911
1086,5.515009584809832
1087,-85.70621797310778
1088,-5.473073000821856
1089,91.87396269126035
1090,-86.73288916854447
1091,-50.73524349738395
1092,7.817107052433684
1093,252.2517137170728
1094,-190.708481685042
1095,-8.143794480537352
1096,-71.87623695937273
1097,27.151217814205687
1098,-51.71358606191272
1099,138.42461823082044
1100,22.101044510441255
1101,148.93268003396628
1102,-1.7888626524016473
1103,-8.147644172912734
1104,92.49127678498327
1105,-26.007956523068486
1106,34.435882216958646
1107,52.26908578101194
1108,8.621557745892432
1109,39.152751463228356
1110,60.76552475160992
1111,-55.6757813328285
1112,63.44542234372102
1113,238.6172995545141
1114,8.159277228243226
1115,21.773725677722652
1116,-9.82089851920523
1117,-130.51271681078975
1118,266.9730374352632
1119,256.8546360632742
1120,238.10614083356074
1121,114.36728548354532
1122,-45.853089200831064
1123,-65.69228869167287
1124,108.83357797179832
1125,240.56041517068107
1126,19.172744912346445
1127,-83.18089859055806
1128,269.7529624210207
1129,-18.201911314914398
1130,288.7318935310756
1131,93.97237681627922
1132,97.93339862344386
1133,-23.223983597753104
1134,-2.184155310491761
1135,285.6832883231409
1136,113.71512456628663
1137,142.88874500234508
1138,-38.35871098944017
1139,265.3249109361435
1140,242.44061404351774
1141,-143.8669514330212
1142,108.87701464692243
1143,-53.63851223180251
1144,-140.61422682715764
1145,131.18969881154044
1146,146.3099018170591
1147,15.053382017287277
1148,278.9577686352716
1149,80.47262830628425
1150,-36.395669383065226
1151,16.810618571441623
1152,20.60575934598816
1153,-24.096345335664466
1154,-66.42918524621493
1155,26.744288072910265
1156,-9.486715054359735
1157,-24.74640150826714
1158,282.6957714301204
1159,-114.48505935053637
1160,-3.4824541551174093
1161,149.34281811036868
1162,-11.138124112204821
1163,92.64665791350225
1164,-19.047041624924617
1165,-50.15344070708852
1166,-102.74689280490799
1167,132.5695479358391
1168,136.37631114291557
1169,-25.329873930117927
1170,244.9915605803278
1171,-40.02476840325115
1172,31.393981910728684
1173,198.1468362526185
1174,-3.800905719301312
1175,-34.59235272156374
1176,255.50717409861238
1177,282.3325968398297
1178,6.9512339051815815
1179,235.27900351610094
1180,107.17282087623147
1181,292.6167716920396
1182,165.8640317986259
1183,-20.3107259254394
1184,113.90167485552684
1185,25.12488603397955
1186,106.91424880926911
1187,278.1312992889469
1188,-57.82214261310084
1189,-42.54885820122503
1190,17.393669875272906
1191,219.2642130922
1192,101.75830421151808
1193,-37.5300607819168
1194,102.88123595414757
1195,-2.066345705581412
1196,159.6630704243287
1197,198.2643813649919
1198,86.70655234898328
1199,114.22304944556896
1200,252.47572143491678
1201,19.113979320758887
1202,20.14289882599921
1203,-38.422434251625475
1204,10.187576748007842
1205,85.74989075155814
1206,31.451974919696426
1207,35.97144979809434
1208,143.0051208536123
1209,258.49852646228237
1210,264.547887789048
1211,-73.38356070855565
1212,285.1240551846225
1213,249.4620866212327
1214,12.65542208269926
1215,-14.938298456585855
1216,18.179276907443978
1217,105.70990467346964
1218,29.16132855482263
1219,39.740496075741476
1220,-19.172187248460745
1221,51.011955435097036
1222,268.81412771015175
1223,-47.37373037885202
1224,238.64627379383106
1225,126.52611466999353
1226,-91.25522183814535
1227,103.98089144692347
1228,96.55892054868494
1229,-19.688467481743217
1230,17.35378360698273
1231,219.52990847568208
1232,22.125095482045367
1233,-31.848984512718047
1234,-17.931355521088918
1235,-262.9925716719359
1236,135.35432109004574
1237,113.21896805278493
1238,102.83356674252691
1239,-47.66874702070168
1240,141.36411377568427
1241,140.67084770901633
1242,101.95468612732542
1243,119.68342876510695
1244,83.52233205905877
1245,-83.54861712736096
1246,7.132384414402523
1247,141.18705444995163
1248,226.29439654756374
1249,132.3889728008566
1250,-38.340346274850006
1251,-14.888198173992421
1252,1.7859274237298735
1253,282.0936198294961
1254,122.96167778491599
1255,122.22094595206667
1256,-84.09300292197375
1257,-56.1183334808107
1258,21.54941584059344
1259,42.7980037095148
1260,115.0160066224863
1261,119.38512389847874
1262,161.1299489533486
1263,134.89327425281056
1264,103.52609463731179
1265,242.3743482934873
1266,52.81432051012203
1267,-98.06606164250081
1268,70.00036927709223
1269,-207.77080664433527
1270,99.12957667973599
1271,116.29449549103367
1272,238.76218443131773
1273,-39.7210873177399
1274,123.72940765272797
1275,279.4398388334206
1276,294.7301652320799
1277,170.68949709916555
1278,246.7277574276852
1279,-31.721360498890405
1280,-41.54349280838322
1281,246.21170028781498
1282,66.11745028890121
1283,109.76626923306033
1284,149.5114976748874
1285,23.332532812357357
1286,-3.8849432837296263
1287,236.60111520552732
1288,250.19963649121206
1289,25.136218977771804
1290,-256.0825538316633
1291,158.20449977972956
1292,-29.701501123759968
1293,39.607909694403105
1294,21.63354273284024
1295,285.3778493027342
1296,-49.86465100045493
1297,99.32598823220138
1298,-108.66563465911919
1299,51.2189522351092
1300,135.9076095153333
1301,-26.513747840738034
1302,240.62686994528346
1303,13.492980781588386
1304,100.1377946136497
1305,61.68250282347827
1306,-13.336436949657013
1307,101.99941021978748
1308,276.29262300002193
1309,62.81020385497858
1310,257.9696573891591
1311,121.45732840438971
1312,122.7735811695327
1313,56.243548621811684
1314,-27.579124436615857
1315,148.6084057564813
1316,146.66097132789417
1317,0.3619535250200272
1318,147.46071051608757
1319,160.70952581983067
1320,-53.81206540468757
1321,-55.10820067823423
1322,253.76947913660229
1323,117.79815079947853
1324,-15.89480354665828
1325,141.75123304601524
1326,78.85603121524909
1327,102.30844764014773
1328,79.72720728189033
1329,5.091972753081521
1330,83.71489886323583
1331,-10.375944909939761
1332,-1.0187513074500885
1333,37.39037038087919
1334,268.03834159730263
1335,204.8477839910465
1336,114.74544510965433
1337,108.28227441769657
1338,156.56159067600012
1339,138.61443361363348
1340,10.660098144185696
1341,153.76532542024347
1342,145.8124093035339
1343,230.1964987012429
1344,156.38000125822916
1345,236.56388863689816
1346,253.66840501993772
1347,51.188324349721455
1348,234.79359637540253
1349,166.3459934612876
1350,-0.5924923020465798
1351,271.4113803970155
1352,207.1900724353649
1353,217.534721044768
1354,135.12905974652912
1355,48.21370074054194
1356,-36.27547853953871
1357,281.86926500620245
1358,265.3053729136134
1359,-73.22128161634926
1360,47.13111424917625
1361,74.78365955358727
1362,122.77632788268333
1363,167.45708106866874
1364,132.7224196328339
1365,32.11829517341806
1366,12.743245079780067
1367,155.6320683272539
1368,179.22381167830733
1369,57.91240652451987
1370,275.85057187060363
1371,178.62293336005507
1372,150.8391120167917
1373,5.768367902187649
1374,-48.191127323939185
1375,-78.62675102673342
1376,22.150386591977792
1377,-25.21338137699469
1378,-13.968665162471552
1379,122.14240617961046
1380,269.87434641614345
1381,21.904908682839185
1382,109.36163970363297
1383,53.16087309749127
1384,-203.8083463165455
1385,13.458707501837821
1386,-17.69159146132928
1387,109.6949281565994
1388,134.85448025183675
1389,-19.430323962234198
1390,132.96147869796584
1391,12.292587282079609
1392,73.01914006927123
1393,231.53637887721757
1394,29.735176141758643
1395,259.4782557599261
1396,151.79664368466715
1397,266.40255232321556
1398,225.5419016164003
1399,-30.836916702203794
1400,145.3244045490907
1401,-57.15567607172997
1402,160.13464099490102
1403,249.88791462699075
1404,268.65558481880726
1405,271.6631604733338
1406,160.07395675379328
1407,131.10773093810158
1408,226.58937712907655
1409,101.21830832581834
1410,29.78322714188178
1411,280.24607473156294
1412,157.1283120004651
1413,271.66212160369065
1414,95.67928132972419
1415,289.4971593469912
1416,97.93058426682649
1417,155.109342017395
1418,86.44031063464581
1419,-12.029351880629818
1420,124.78584371065823
1421,30.5505661293316
1422,80.87632071610541
1423,134.8517073498568
1424,143.13287396141303
1425,131.82252962258
1426,240.71108699775314
1427,236.10880532635375
1428,149.14120374310056
1429,-43.6220683950304
1430,230.1242649462497
1431,117.92598494965318
1432,213.06577726370296
1433,236.30035250912894
1434,8.539976638009648
1435,261.70712134700267
1436,-45.0617237793589
1437,135.50963201842683
1438,-44.3769689247115
1439,-29.75687476215883
1440,192.9402376197288
1441,32.227701636103546
1442,60.63473235693607
1443,-57.582993166802815
1444,12.550908248247609
1445,-60.143356735301325
1446,132.46386568381052
1447,263.518200555857
1448,152.2140979743719
1449,48.37608124256647
1450,132.95154091638346
1451,133.85874290936192
1452,64.10065445044177
1453,125.07397348338976
1454,143.02168985243438
1455,28.923111879477688
1456,239.49738691481332
1457,29.595523439127362
1458,-6.68803921267758
1459,10.040196363053832
1460,117.03746706803983
1461,18.719352026547853
1462,120.62919421361437
1463,79.73398018156594
1464,97.36148447370559
1465,2.853412283794185
1466,-34.576091650764994
1467,-1.719609335363188
1468,-49.11076785087788
1469,245.59998512474044
1470,231.7230962909777
1471,-107.9308958984619
1472,142.41294140653736
1473,101.3867300067596
1474,-253.2595954381452
1475,214.21305035933497
1476,142.9581494121979
1477,-1.4580881976005884
1478,64.48448500808914
1479,153.95327767195536
1480,255.694742598971
1481,219.3227587476846
1482,158.9273860068301
1483,95.74892463722719
1484,133.3894032259372
1485,6.362364283521373
1486,138.89427140815013
1487,-14.924575674096715
1488,254.4042776316704
1489,266.8861991803729
1490,184.33202807012026
1491,-228.6350038065199
1492,145.0798443308144
1493,243.4101197920583
1494,284.0469181987543
1495,-30.89985776821753
1496,63.712530498285055
1497,-76.13345075333856
1498,124.09799899388601
1499,65.18526437358355
1500,138.13923913850545
1501,-35.49032103517014
1502,200.4651286740343
1503,-281.11475280001775
1504,272.5914150283708
1505,-56.01980609328672
1506,263.61607630395304
1507,168.33434640189276
1508,4.731078872975601
1509,159.61891795847606
1510,-243.8028587973978
1511,267.0501984654174
1512,154.8246215503623
1513,110.30675277682921
1514,142.97272743803714
1515,-1.8673856367875032
1516,-87.94132523701555
1517,127.92487699878357
1518,279.42509641335096
1519,65.17352081125863
1520,-3.9309961458056364
1521,138.33827344943046
1522,100.39046989956057
1523,130.62610562253687
1524,-234.76776318888827
1525,28.93499330991271
1526,-88.05288054319922
1527,-74.95069989685652
1528,-36.142474318474896
1529,98.83335538078342
1530,217.47817002497726
1531,194.37057806197862
1532,119.12512420808817
1533,110.08190829952272
1534,239.77649274525376
1535,123.35562821380819
1536,-26.78520717163076
1537,112.47987042239383
1538,83.7578282515134
1539,15.206819118551792
1540,40.63093230922121
1541,138.14763535836624
1542,75.01699279699992
1543,239.02286351855747
1544,34.56048598605622
1545,91.01585414931243
1546,258.26639145929835
1547,-206.68626183834047
1548,86.13917382210134
1549,-149.51942220225982
1550,31.478865760274545
1551,144.54609741877366
1552,-18.858107581737144
1553,-42.44712210201223
1554,-124.21050771286139
1555,166.7934481963035
1556,-16.252344215917276
1557,261.80306339399925
1558,-34.3014727488797
1559,-57.13986387215516
1560,-31.125977647170487
1561,271.90953972887604
1562,-75.24254162856529
1563,-15.205051831565058
1564,-21.86192541716592
1565,278.03068970085235
1566,238.90398974518354
1567,200.56805915308163
1568,282.79643797464905
1569,-3.7179300263221364
1570,247.60355156821805
1571,65.63532324161443
1572,29.873321435713933
1573,-14.190048754451396
1574,129.9873376882905
1575,263.2368648237812
1576,263.1222037223039
1577,-161.3370711046482
1578,277.66280673706353
1579,258.94612796114563
1580,268.6237320617759
1581,228.16606991905275
1582,266.34666705894966
1583,109.8893419125853
1584,15.650300718842843
1585,-57.98274685667222
1586,-102.16933994331339
1587,-29.835190619356084
1588,222.00157646960906
1589,152.1323793279702
1590,-19.278768746504966
1591,127.18888387580887
1592,141.4234242511684
1593,43.633198770171845
1594,182.7244700442627
1595,48.06563267449087
1596,264.09044540445257
1597,-54.75823906347901
1598,263.6859236397813
1599,19.58569371337559
1600,171.54314707647046
1601,-68.73492422137593
1602,266.1465446395507
1603,246.41418904768716
1604,227.51855093688425
1605,-53.94420532736625
1606,250.56027013860478
1607,149.4713304332335
1608,133.37009831252325
1609,155.7654149068056
1610,138.8335829879857
1611,48.62072269370452
1612,243.4246850738553
1613,162.97218693440286
1614,162.83282997073673
1615,138.3203913343152
1616,69.68734596548215
1617,-50.62076156372976
1618,-41.6506048092203
1619,274.44474887405573
1620,270.00617886893696
1621,163.76557850395278
1622,148.48822748656468
1623,-42.976000884475624
1624,-24.105040700626617
1625,122.50137902213525
1626,172.61769237977714
1627,154.47721094442775
1628,17.864536645828508
1629,-22.66448951042824
1630,117.62937018656308
1631,134.99973932301535
1632,-4.398224213529502
1633,18.2364776757435
1634,156.2242267015745
1635,-10.784722583602601
1636,-204.06602563541776
1637,0.7362859979926242
1638,86.93619991442705
1639,113.10444333654819
1640,18.940318604874975
1641,38.768180080713165
1642,234.84095169249326
1643,-59.38002422195463
1644,258.99257003296805
1645,-143.78082855278504
1646,-154.13877253362725
1647,-31.20201092651955
1648,114.4848131015288
1649,13.31489707065225
1650,276.0564756449822
1651,114.49419033951708
1652,90.88111471057734
1653,150.73329395085645
1654,236.84952420845687
1655,118.86371510782472
1656,-19.13971100127688
1657,30.982354137607082
1658,125.00690420135848
1659,103.76789571014297
1660,256.1362373650488
1661,178.2964196721308
1662,12.876008186178836
1663,87.87275478764337
1664,209.9847491818109
1665,251.99559047242371
1666,-2.065464890860923
1667,259.6797363513166
1668,-34.752916691905384
1669,-182.8781314252496
1670,81.9554084715356
1671,26.502015255749214
1672,124.44592197818844
1673,246.42684206417252
1674,167.38032190726113
1675,210.81646609728563
1676,44.57574203228574
1677,101.99863002665387
1678,-36.968382347563846
1679,-116.47667806866669
1680,15.525033450999516
1681,38.46929989420963
1682,251.23348249297297
1683,-49.27975375078317
1684,224.51244801857575
1685,81.83845109126057
1686,134.08669807255416
1687,174.84622763963316
1688,-22.718593919444686
1689,-13.676440365815978
1690,73.14978417678513
1691,241.7147492506752
1692,229.3962150441011
1693,270.40861757076556
1694,159.98569691655743
1695,-25.027157889958545
1696,256.3082872581758
1697,62.79295619052772
1698,283.34920647735873
1699,161.52552270760066
1700,28.637456259604917
1701,-6.466134902510248
1702,265.21856105055014
1703,138.6256165162849
1704,152.2922732770319
1705,-3.7803814189641116
1706,262.08450270542335
1707,148.66189297087334
1708,127.97039294833019
1709,120.31640264765056
1710,172.1350990322885
1711,237.89656869775627
1712,296.98222267343044
1713,-32.35543827906241
1714,-88.4707555809727
1715,248.8333759856211
1716,71.67689547956157
1717,148.00244840743454
1718,75.0910191473612
1719,273.65555083300364
1720,84.27713129890778
1721,122.76912578275797
1722,116.13592432800881
1723,-80.69493066248013
1724,18.23550754579142
1725,284.0208609299477
1726,135.09168267551823
1727,257.79745425795477
1728,82.57794236102187
1729,258.28164278697665
1730,-67.72387411777994
1731,145.52609039181368
1732,261.6667986391164
1733,143.64190069983496
1734,135.81524202195365
1735,-15.606322106218478
1736,-34.62363517950014
1737,120.24497950398776
1738,267.41598877907325
1739,-89.04520474483729
1740,277.88501673303267
1741,167.4921021743743
1742,280.7337652704575
1743,266.15208658279744
1744,211.35912017673178
1745,144.41979071008515
1746,105.46854305879532
1747,117.92998541640851
1748,120.67340321205303
1749,-18.78341475562135
1750,23.072790269018885
1751,111.30622025536766
1752,276.4387990890441
1753,237.03397145968128
1754,3.3710471495733714
1755,28.32280398417413
1756,-5.872886252317542
1757,-41.563319448506505
1758,14.973632135520688
1759,-139.99066828460832
1760,140.82500896018604
1761,97.97257732369867
1762,239.8515899962593
1763,215.29630145877206
1764,-33.852069899425956
1765,10.972162272749046
1766,102.20884278263324
1767,259.20226388762785
1768,90.77473836841075
1769,210.46115582354707
1770,111.55099462048591
1771,118.038178918568
1772,120.22093675479826
1773,107.53541264430427
1774,281.8384396302256
1775,163.55836458666602
1776,222.67400779122818
1777,230.5512289718378
1778,-109.87346182070125
1779,-16.201966428178707
1780,164.78754881406957
1781,45.00657216369632
1782,-58.039148446251986
1783,104.44823304256435
1784,-86.25422116642093
1785,92.77681754559332
1786,284.5619629646781
1787,121.29214210441101
1788,115.83147419448048
1789,-221.92426435429365
1790,272.3352137599522
1791,263.00259575090536
1792,-51.8773330511775
1793,274.227666944748
1794,250.30553715615616
1795,239.92368014818447
1796,270.5000813624615
1797,117.7203156707628
1798,-194.61235372842913
1799,91.60784281765807
1800,-360.9494169768063
1801,272.73764040730015
1802,-9.518840021288753
1803,74.90289220394408
1804,-31.90472453535442
1805,139.80989415121374
1806,162.54856818435763
1807,21.700686855752906
1808,-20.102891335452682
1809,99.85986206356648
1810,225.6810295817201
1811,278.88713718654014
1812,154.87271426758554
1813,168.91353418373572
1814,277.02502443572723
1815,124.21133643792093
1816,52.6645619004189
1817,36.8508951869531
1818,117.44933929260833
1819,-102.9416671436037
1820,86.8199051469418
1821,146.9991087118541
1822,120.03307294180374
1823,10.882941447111136
1824,102.97746760892294
1825,-28.533622415835552
1826,11.588407221869076
1827,249.49327307731437
1828,169.53351658518127
1829,-27.153116161194944
1830,-267.1543828505498
1831,101.80679636582774
1832,65.11311731404965
1833,53.3055918979386
1834,252.885692889874
1835,140.40029077844633
1836,266.53291085186623
1837,259.3438931939801
1838,10.42695026697561
1839,-101.63439235603678
1840,11.669585358360067
1841,271.7194455749111
1842,108.03554024218364
1843,249.80886405885008
1844,26.31182719337002
1845,-15.770178563377431
1846,284.45514031995674
1847,271.01708386164967
1848,113.05012084200632
1849,119.76610477848986
1850,117.18510636844411
1851,145.29420466008884
1852,-67.32223992254585
1853,49.86794188870084
1854,156.4528611445681
1855,12.539677821278502
1856,-12.636411713929903
1857,243.73592415626285
1858,-79.77188269228922
1859,83.21159723233706
1860,64.51065479417487
1861,254.85432497047225
1862,136.8780494090317
1863,150.20163326889883
1864,104.83776792625184
1865,10.567116678553205
1866,39.399434284732784
1867,24.070530360020264
1868,70.97872100566414
1869,24.09589713721674
1870,-179.5218911280875
1871,45.11267457487345
1872,89.33488346039219
1873,43.14560184760899
1874,151.85954895773352
1875,133.67091219080237
1876,73.5632068820876
1877,151.22010129195576
1878,168.89346651924612
1879,67.25827826454874
1880,298.22514798715633
1881,86.95609360626331
1882,231.6327359655849
1883,74.15048166326935
1884,135.85249967610923
1885,275.64729840351663
1886,-2.761987811864202
1887,257.0831866234024
1888,241.30446462856645
1889,27.32355501498765
1890,158.9314496578456
1891,143.12479564511872
1892,261.69537985111947
1893,88.54659860138776
1894,90.22438583484039
1895,297.3346260106646
1896,181.1784439548943
1897,7.762565802281031
1898,223.46056712547932
1899,225.1339411120371
1900,263.2537376339264
1901,28.762393759416426
1902,247.39059970715547
1903,-28.56395018498833
1904,145.83653987875866
1905,112.80608804108633
1906,83.3263184132891
1907,-34.7506846092146
1908,-23.944376605220782
1909,128.69993297009916
1910,-61.36037676711099
1911,27.74013292941251
1912,27.481705823492945
1913,235.93823656847718
1914,-271.05382478837726
1915,-220.96899466646659
1916,275.9889252722042
1917,-77.5607442084805
1918,52.55826937981158
1919,125.41616214603813
1920,231.5106116957512
1921,103.86320571808201
1922,136.15302592768919
1923,148.09762546402166
1924,38.601147700132856
1925,270.5229550751249
1926,142.45170045049952
1927,39.77737902246815
1928,100.17959675523835
1929,274.5787128153711
1930,-34.23426294745086
1931,-106.64679288571841
1932,-129.4092750416463
1933,90.36241607127997
1934,-57.14207384467929
1935,103.7233081914484
1936,223.6948091160509
1937,165.99358079291673
1938,154.56966376160256
1939,8.317955344058547
1940,151.21218383670708
1941,125.74707412772096
1942,19.64531889739608
1943,119.60242087008898
1944,114.59935060729188
1945,149.62935826743703
1946,11.880319309628945
1947,235.75986291123672
1948,69.070965375567
1949,96.79011738462489
1950,179.133584226064
1951,264.954399787505
1952,248.50851267363146
1953,100.34902910475584
1954,274.4267991361737
1955,58.07861695891735
1956,219.67377766666073
1957,85.8090588895806
1958,293.53221379780234
1959,256.9996337109368
1960,116.39851511276979
1961,62.747434958413024
1962,89.26343721167542
1963,257.52922529790453
1964,166.02859188192647
1965,222.5710891011344
1966,14.18540649019549
1967,153.69303535238342
1968,-100.66499358450443
1969,59.02331573168935
1970,73.22150395773347
1971,276.0480514062514
1972,-16.11370327275492
1973,119.41569159527235
1974,231.5251155274728
1975,151.51691122861095
1976,-151.65989850525062
1977,149.4871702275335
1978,175.2794773000923
1979,26.529825244076335
1980,37.223637600562284
1981,147.06166693972133
1982,93.81124841337936
1983,177.69014348729627
1984,265.0344486262583
1985,269.4570243859126
1986,123.14709914225512
1987,249.19426162911282
1988,116.47691806642676
1989,130.82644229330072
1990,126.88657550422201
1991,101.75783866423635
1992,-18.237070342521847
1993,-51.269772556735404
1994,245.04914399787862
1995,-21.735712080405534
1996,-79.48404944133705
1997,63.841375145462976
1998,61.23486770363566
1999,87.01334006379554
2000,73.46664356552837
